3.6117 0.1128 3.7839 0.0440 0.0422 2.9218 0.2005 0.1914 0.0721 0.0692
2.9962 0.3054 3.2661 0.1864 0.1789 2.4367 0.3328 0.3583 0.2389 0.2386
2.4496 0.4293 2.6320 0.3493 0.3304 2.1920 0.3694 0.4119 0.3591 0.3667
2.0134 0.5286 2.0085 0.4982 0.4739 2.1810 0.3617 0.4158 0.4191 0.4430
1.6525 0.6095 1.5736 0.5867 0.5580 2.0775 0.3643 0.4212 0.4495 0.4800
1.4163 0.6751 1.3573 0.6480 0.6236 2.0538 0.3574 0.4120 0.4607 0.4962
1.2828 0.7148 1.1668 0.7154 0.6907 2.1305 0.3258 0.3731 0.4477 0.4845
1.1909 0.7412 1.1149 0.7315 0.7137 2.0595 0.3172 0.3389 0.4425 0.4596
1.1397 0.7597 1.0767 0.7451 0.7270 1.9807 0.3398 0.3617 0.4668 0.4830
1.0925 0.7718 1.0371 0.7616 0.7512 2.0317 0.3318 0.3480 0.4622 0.4757
1.0761 0.7779 1.0141 0.7638 0.7416 2.0355 0.3305 0.3631 0.4614 0.4875
1.0453 0.7871 0.9763 0.7806 0.7592 2.0814 0.3027 0.3312 0.4363 0.4612
1.0379 0.7905 0.9980 0.7763 0.7618 2.0265 0.3217 0.3501 0.4549 0.4798
1.0374 0.7874 0.9758 0.7868 0.7691 2.0434 0.3187 0.3447 0.4537 0.4761
1.0213 0.7885 0.9820 0.7765 0.7539 2.0170 0.3277 0.3510 0.4609 0.4790
1.0245 0.7944 0.9747 0.7864 0.7633 2.0639 0.3140 0.3378 0.4488 0.4684
1.0197 0.7991 0.9744 0.7868 0.7638 2.0861 0.2999 0.3332 0.4343 0.4639
1.0221 0.7914 0.9876 0.7830 0.7667 2.0048 0.3319 0.3480 0.4662 0.4787
1.0181 0.7974 0.9946 0.7860 0.7705 2.0130 0.3298 0.3451 0.4647 0.4767
1.0132 0.7982 0.9836 0.7864 0.7655 2.0684 0.3251 0.3453 0.4600 0.4760
1.0244 0.7925 0.9983 0.7846 0.7643 2.0232 0.3242 0.3442 0.4588 0.4746
1.0231 0.7936 1.0027 0.7810 0.7605 2.0356 0.3374 0.3530 0.4712 0.4822
1.0199 0.8011 1.0146 0.7767 0.7579 2.0326 0.3400 0.3626 0.4730 0.4905
1.0219 0.7975 1.0318 0.7713 0.7518 1.9954 0.3581 0.3688 0.4891 0.4949
1.0343 0.7895 1.0417 0.7652 0.7488 1.9955 0.3490 0.3617 0.4794 0.4878
1.0401 0.7930 1.0333 0.7777 0.7632 2.0585 0.3506 0.3734 0.4833 0.5014
1.0357 0.7910 1.0574 0.7626 0.7460 2.0360 0.3478 0.3516 0.4777 0.4780
1.0362 0.7924 1.0780 0.7598 0.7424 2.0075 0.3506 0.3689 0.4798 0.4929
1.0414 0.7856 1.0519 0.7725 0.7492 2.0384 0.3467 0.3628 0.4786 0.4889
1.0419 0.7953 1.0789 0.7588 0.7455 2.0358 0.3492 0.3649 0.4783 0.4900
1.0525 0.7847 1.0680 0.7672 0.7492 2.0331 0.3523 0.3594 0.4829 0.4858
1.0436 0.7916 1.0840 0.7616 0.7404 2.0456 0.3469 0.3631 0.4767 0.4872
1.0498 0.7841 1.0976 0.7549 0.7361 2.0041 0.3620 0.3686 0.4894 0.4912
1.0589 0.7813 1.0876 0.7656 0.7456 2.0715 0.3564 0.3691 0.4864 0.4938
1.0710 0.7791 1.0831 0.7727 0.7510 2.1103 0.3354 0.3528 0.4678 0.4800
1.0657 0.7803 1.1255 0.7471 0.7314 2.0413 0.3520 0.3651 0.4785 0.4871
1.0680 0.7771 1.1034 0.7658 0.7415 2.0632 0.3527 0.3626 0.4830 0.4870
1.0698 0.7771 1.1320 0.7515 0.7343 2.0651 0.3588 0.3863 0.4857 0.5063
1.0736 0.7784 1.1091 0.7614 0.7438 2.0985 0.3581 0.3730 0.4871 0.4969
1.0754 0.7772 1.1095 0.7626 0.7425 2.1108 0.3502 0.3705 0.4800 0.4944
1.0775 0.7785 1.1482 0.7364 0.7169 2.0421 0.3719 0.3867 0.4942 0.5024
1.0692 0.7779 1.1453 0.7426 0.7185 2.0508 0.3595 0.3720 0.4845 0.4902
1.0806 0.7712 1.1245 0.7533 0.7328 2.1529 0.3560 0.3726 0.4835 0.4940
1.0805 0.7739 1.1534 0.7376 0.7171 2.0769 0.3520 0.3672 0.4765 0.4857
1.0768 0.7748 1.1494 0.7489 0.7289 2.0823 0.3594 0.3732 0.4857 0.4937
1.0906 0.7662 1.1565 0.7457 0.7276 2.0842 0.3416 0.3566 0.4686 0.4786
1.0885 0.7683 1.1521 0.7495 0.7296 2.0737 0.3425 0.3465 0.4701 0.4698
1.0770 0.7745 1.1869 0.7261 0.7076 2.0530 0.3560 0.3644 0.4778 0.4810
1.0829 0.7705 1.1583 0.7445 0.7282 2.1102 0.3499 0.3642 0.4760 0.4856
1.0883 0.7677 1.1601 0.7451 0.7224 2.1369 0.3530 0.3622 0.4791 0.4825
1.0873 0.7629 1.2031 0.7146 0.6954 2.0862 0.3599 0.3733 0.4787 0.4858
1.0895 0.7639 1.1612 0.7483 0.7287 2.1376 0.3442 0.3503 0.4715 0.4731
1.0841 0.7696 1.1923 0.7257 0.7078 2.1091 0.3509 0.3560 0.4731 0.4737
1.0949 0.7615 1.1882 0.7277 0.7131 2.0964 0.3537 0.3697 0.4761 0.4869
1.0876 0.7658 1.1746 0.7332 0.7129 2.1135 0.3476 0.3554 0.4716 0.4743
1.0951 0.7650 1.1972 0.7235 0.7113 2.0899 0.3618 0.3774 0.4824 0.4931
1.0911 0.7669 1.2032 0.7172 0.6979 2.0343 0.3745 0.3882 0.4921 0.4988
1.0939 0.7649 1.1987 0.7221 0.7101 2.0893 0.3648 0.3839 0.4847 0.4984
1.0943 0.7629 1.1878 0.7285 0.7125 2.1305 0.3490 0.3604 0.4719 0.4787
1.0936 0.7664 1.2011 0.7178 0.6996 2.1068 0.3539 0.3776 0.4741 0.4905
1.0944 0.7661 1.1886 0.7285 0.7094 2.1013 0.3550 0.3704 0.4774 0.4867
1.0890 0.7695 1.1909 0.7299 0.7104 2.0974 0.3615 0.3777 0.4835 0.4932
1.0901 0.7674 1.1922 0.7269 0.7071 2.1010 0.3567 0.3704 0.4786 0.4861
1.0982 0.7626 1.1866 0.7305 0.7130 2.1192 0.3536 0.3683 0.4765 0.4857
1.0950 0.7711 1.1918 0.7283 0.7119 2.0980 0.3543 0.3674 0.4767 0.4847
1.0966 0.7662 1.1924 0.7253 0.7082 2.1051 0.3553 0.3693 0.4770 0.4855
1.0946 0.7689 1.1902 0.7267 0.7089 2.1084 0.3539 0.3662 0.4760 0.4829
1.0921 0.7674 1.1943 0.7235 0.7064 2.1086 0.3548 0.3710 0.4761 0.4865
1.1008 0.7640 1.1912 0.7281 0.7120 2.1064 0.3567 0.3689 0.4789 0.4860
1.0982 0.7637 1.1882 0.7293 0.7130 2.1216 0.3534 0.3649 0.4761 0.4827
1.0942 0.7671 1.1901 0.7271 0.7109 2.1205 0.3594 0.3732 0.4810 0.4895
1.0950 0.7671 1.1932 0.7239 0.7087 2.1162 0.3580 0.3721 0.4790 0.4880
1.0880 0.7683 1.1980 0.7211 0.7044 2.1076 0.3555 0.3679 0.4762 0.4833
1.0914 0.7659 1.1897 0.7267 0.7097 2.1229 0.3537 0.3658 0.4758 0.4827
1.0843 0.7709 1.1916 0.7249 0.7068 2.1297 0.3529 0.3660 0.4747 0.4822
1.0886 0.7691 1.1921 0.7267 0.7071 2.1028 0.3604 0.3749 0.4819 0.4900
1.0984 0.7609 1.1911 0.7287 0.7113 2.1276 0.3493 0.3621 0.4723 0.4799
1.0936 0.7667 1.1916 0.7285 0.7112 2.1189 0.3523 0.3650 0.4750 0.4824
1.0943 0.7672 1.1928 0.7265 0.7087 2.1169 0.3522 0.3631 0.4744 0.4802
1.1037 0.7583 1.1918 0.7275 0.7125 2.1079 0.3541 0.3688 0.4763 0.4860
1.0923 0.7678 1.1954 0.7239 0.7078 2.1133 0.3551 0.3667 0.4765 0.4831
1.0979 0.7628 1.1926 0.7273 0.7123 2.1196 0.3543 0.3682 0.4765 0.4854
1.0953 0.7635 1.1950 0.7259 0.7088 2.1243 0.3553 0.3683 0.4771 0.4847
1.0906 0.7654 1.1958 0.7247 0.7080 2.1074 0.3548 0.3680 0.4764 0.4843
1.0898 0.7660 1.1945 0.7257 0.7090 2.1157 0.3583 0.3718 0.4797 0.4878
1.0951 0.7641 1.1925 0.7273 0.7114 2.1251 0.3557 0.3711 0.4777 0.4878
1.0930 0.7642 1.1938 0.7277 0.7114 2.1103 0.3557 0.3682 0.4778 0.4852
1.0963 0.7639 1.1879 0.7319 0.7151 2.1332 0.3513 0.3621 0.4747 0.4807
1.0979 0.7654 1.1958 0.7235 0.7067 2.1164 0.3550 0.3702 0.4763 0.4859
1.0962 0.7629 1.1921 0.7297 0.7119 2.1146 0.3558 0.3681 0.4784 0.4853
1.0942 0.7665 1.1917 0.7287 0.7110 2.1237 0.3548 0.3671 0.4772 0.4842
1.0951 0.7645 1.1989 0.7217 0.7052 2.1014 0.3555 0.3712 0.4763 0.4863
1.0897 0.7663 1.1942 0.7245 0.7088 2.1287 0.3525 0.3692 0.4743 0.4855
1.0932 0.7682 1.1964 0.7241 0.7078 2.1143 0.3581 0.3739 0.4792 0.4893
1.0895 0.7678 1.1900 0.7297 0.7128 2.1343 0.3530 0.3662 0.4759 0.4838
1.0942 0.7640 1.1925 0.7281 0.7110 2.1169 0.3557 0.3708 0.4779 0.4874
1.0939 0.7621 1.1931 0.7289 0.7129 2.1235 0.3557 0.3670 0.4781 0.4846
1.0936 0.7693 1.1948 0.7247 0.7093 2.1193 0.3543 0.3676 0.4759 0.4842
1.0871 0.7700 1.1995 0.7215 0.7076 2.1249 0.3564 0.3690 0.4771 0.4851
1.0919 0.7627 1.1981 0.7221 0.7065 2.1254 0.3574 0.3694 0.4782 0.4852
