3.6842 0.1083 3.6909 0.0647 0.0622 3.0402 0.2155 0.2350 0.0996 0.0984
3.0649 0.2843 3.0693 0.2285 0.2193 2.6875 0.2922 0.3209 0.2565 0.2606
2.4892 0.4324 2.3229 0.4365 0.4272 2.5482 0.2899 0.3060 0.3484 0.3566
1.9878 0.5644 1.7481 0.6238 0.6088 2.5204 0.2371 0.2527 0.3436 0.3572
1.6283 0.6598 1.3823 0.7029 0.6853 2.4606 0.2580 0.2626 0.3775 0.3797
1.4162 0.7133 1.1957 0.7477 0.7302 2.4623 0.2639 0.2588 0.3901 0.3821
1.2722 0.7490 1.0877 0.7777 0.7586 2.4032 0.2498 0.2478 0.3781 0.3736
1.1999 0.7643 1.0160 0.7999 0.7802 2.4510 0.2239 0.2284 0.3499 0.3533
1.1365 0.7879 0.9622 0.8140 0.7958 2.5091 0.2338 0.2351 0.3632 0.3629
1.1120 0.7947 0.9173 0.8334 0.8155 2.4856 0.2060 0.2130 0.3303 0.3377
1.0781 0.7993 0.9125 0.8183 0.7998 2.4358 0.2405 0.2422 0.3717 0.3718
1.0545 0.8045 0.8922 0.8255 0.8101 2.4417 0.2308 0.2268 0.3607 0.3544
1.0426 0.8111 0.8715 0.8380 0.8208 2.4419 0.2028 0.2114 0.3266 0.3362
1.0301 0.8175 0.8848 0.8294 0.8187 2.4343 0.1996 0.2055 0.3218 0.3286
1.0251 0.8206 0.8615 0.8439 0.8298 2.4196 0.2195 0.2139 0.3484 0.3402
1.0198 0.8229 0.8815 0.8360 0.8245 2.4114 0.2091 0.2202 0.3346 0.3476
1.0144 0.8200 0.8783 0.8431 0.8293 2.3826 0.2046 0.2056 0.3293 0.3295
1.0181 0.8165 0.8833 0.8362 0.8192 2.3943 0.2253 0.2288 0.3550 0.3576
1.0188 0.8200 0.8771 0.8443 0.8345 2.4381 0.1931 0.1954 0.3144 0.3166
1.0133 0.8222 0.8792 0.8378 0.8217 2.3914 0.2250 0.2305 0.3547 0.3600
1.0221 0.8193 0.8968 0.8308 0.8178 2.3816 0.2218 0.2320 0.3501 0.3615
1.0232 0.8192 0.8985 0.8294 0.8094 2.3746 0.2378 0.2430 0.3696 0.3737
1.0236 0.8179 0.9145 0.8267 0.8092 2.3688 0.2329 0.2441 0.3634 0.3751
1.0297 0.8172 0.9253 0.8233 0.8083 2.3885 0.2489 0.2632 0.3822 0.3970
1.0171 0.8185 0.9159 0.8255 0.8102 2.3799 0.2434 0.2484 0.3760 0.3802
1.0364 0.8135 0.9246 0.8255 0.8129 2.3616 0.2252 0.2165 0.3538 0.3419
1.0279 0.8177 0.9283 0.8247 0.8104 2.3481 0.2443 0.2451 0.3770 0.3763
1.0375 0.8158 0.9383 0.8247 0.8071 2.3632 0.2287 0.2400 0.3581 0.3700
1.0331 0.8165 0.9362 0.8255 0.8127 2.3982 0.2361 0.2337 0.3671 0.3630
1.0356 0.8207 0.9433 0.8219 0.8137 2.3655 0.2139 0.2167 0.3395 0.3422
1.0486 0.8135 0.9580 0.8181 0.8057 2.4003 0.2306 0.2424 0.3598 0.3727
1.0506 0.8080 0.9603 0.8175 0.8003 2.3531 0.2288 0.2346 0.3576 0.3628
1.0499 0.8154 0.9574 0.8191 0.8009 2.3950 0.2313 0.2368 0.3607 0.3655
1.0563 0.8093 0.9580 0.8237 0.8063 2.3559 0.2245 0.2292 0.3528 0.3569
1.0522 0.8072 0.9735 0.8142 0.8018 2.3672 0.2208 0.2272 0.3473 0.3541
1.0592 0.8106 0.9720 0.8134 0.7936 2.3589 0.2538 0.2556 0.3869 0.3866
1.0555 0.8078 0.9758 0.8134 0.7964 2.4003 0.2522 0.2635 0.3851 0.3960
1.0629 0.8071 0.9779 0.8120 0.7895 2.4001 0.2489 0.2600 0.3810 0.3912
1.0639 0.8005 0.9925 0.8048 0.7850 2.4310 0.2359 0.2470 0.3648 0.3758
1.0687 0.8023 1.0005 0.8042 0.7855 2.3643 0.2487 0.2515 0.3799 0.3810
1.0708 0.8057 1.0086 0.7983 0.7768 2.4109 0.2496 0.2610 0.3803 0.3907
1.0701 0.7980 0.9944 0.8112 0.7921 2.4020 0.2413 0.2469 0.3720 0.3764
1.0662 0.8034 1.0085 0.7987 0.7822 2.3572 0.2463 0.2593 0.3765 0.3894
1.0713 0.8007 1.0011 0.8011 0.7878 2.3862 0.2514 0.2607 0.3827 0.3918
1.0673 0.8032 1.0138 0.7943 0.7756 2.3368 0.2848 0.2869 0.4192 0.4189
1.0801 0.7937 1.0196 0.8023 0.7857 2.3508 0.2512 0.2538 0.3826 0.3837
1.0672 0.7998 1.0218 0.7931 0.7728 2.3537 0.2651 0.2747 0.3974 0.4054
1.0783 0.7962 1.0230 0.7921 0.7717 2.3965 0.2459 0.2537 0.3753 0.3818
1.0811 0.7958 1.0241 0.7896 0.7728 2.3403 0.2359 0.2452 0.3633 0.3723
1.0910 0.7912 1.0308 0.7929 0.7776 2.3391 0.2466 0.2508 0.3762 0.3793
1.0867 0.7858 1.0162 0.7989 0.7809 2.4080 0.2434 0.2463 0.3732 0.3745
1.0831 0.7942 1.0329 0.7898 0.7738 2.3781 0.2529 0.2621 0.3832 0.3916
1.0827 0.7962 1.0385 0.7884 0.7680 2.3302 0.2536 0.2620 0.3838 0.3907
1.0900 0.7943 1.0248 0.7971 0.7787 2.3473 0.2508 0.2552 0.3816 0.3844
1.0734 0.7964 1.0344 0.7840 0.7683 2.3715 0.2677 0.2700 0.3991 0.3996
1.0791 0.7945 1.0387 0.7868 0.7693 2.3528 0.2588 0.2730 0.3894 0.4030
1.0891 0.7897 1.0408 0.7804 0.7627 2.4105 0.2471 0.2629 0.3754 0.3910
1.0941 0.7819 1.0364 0.7874 0.7661 2.4061 0.2331 0.2367 0.3597 0.3617
1.0864 0.7913 1.0335 0.7886 0.7658 2.3832 0.2609 0.2785 0.3920 0.4084
1.0830 0.7890 1.0342 0.7890 0.7719 2.3774 0.2559 0.2627 0.3865 0.3920
1.0865 0.7904 1.0438 0.7874 0.7706 2.3607 0.2514 0.2643 0.3811 0.3936
1.0872 0.7901 1.0374 0.7896 0.7725 2.3760 0.2522 0.2603 0.3823 0.3893
1.0861 0.7923 1.0411 0.7876 0.7691 2.3541 0.2538 0.2624 0.3839 0.3913
1.0862 0.7924 1.0373 0.7888 0.7717 2.3583 0.2616 0.2673 0.3929 0.3971
1.0857 0.7893 1.0360 0.7870 0.7692 2.3717 0.2517 0.2570 0.3814 0.3853
1.0849 0.7918 1.0385 0.7878 0.7688 2.3537 0.2491 0.2568 0.3785 0.3850
1.0850 0.7940 1.0360 0.7910 0.7714 2.3535 0.2515 0.2576 0.3817 0.3862
1.0814 0.7958 1.0396 0.7876 0.7702 2.3635 0.2512 0.2582 0.3809 0.3868
1.0839 0.7910 1.0355 0.7904 0.7711 2.3790 0.2505 0.2604 0.3804 0.3894
1.0831 0.7923 1.0405 0.7864 0.7677 2.3605 0.2549 0.2616 0.3850 0.3902
1.0877 0.7870 1.0355 0.7894 0.7709 2.3665 0.2526 0.2615 0.3827 0.3905
1.0794 0.7956 1.0387 0.7878 0.7679 2.3582 0.2603 0.2673 0.3913 0.3966
1.0861 0.7925 1.0355 0.7874 0.7684 2.3637 0.2572 0.2644 0.3877 0.3934
1.0849 0.7910 1.0372 0.7864 0.7682 2.3669 0.2552 0.2602 0.3854 0.3888
1.0903 0.7891 1.0380 0.7880 0.7685 2.3572 0.2582 0.2624 0.3890 0.3913
1.0853 0.7938 1.0383 0.7876 0.7679 2.3605 0.2544 0.2613 0.3845 0.3899
1.0868 0.7904 1.0386 0.7870 0.7685 2.3633 0.2521 0.2593 0.3818 0.3877
1.0845 0.7919 1.0392 0.7876 0.7694 2.3651 0.2514 0.2582 0.3811 0.3866
1.0811 0.7952 1.0403 0.7884 0.7699 2.3516 0.2524 0.2577 0.3824 0.3862
1.0850 0.7933 1.0367 0.7900 0.7711 2.3717 0.2496 0.2569 0.3794 0.3854
1.0866 0.7922 1.0419 0.7858 0.7674 2.3480 0.2547 0.2615 0.3847 0.3901
1.0844 0.7930 1.0409 0.7878 0.7694 2.3553 0.2588 0.2657 0.3896 0.3950
1.0884 0.7909 1.0406 0.7892 0.7701 2.3739 0.2570 0.2637 0.3877 0.3928
1.0895 0.7906 1.0386 0.7904 0.7710 2.3697 0.2544 0.2634 0.3849 0.3926
1.0876 0.7892 1.0396 0.7884 0.7707 2.3707 0.2531 0.2584 0.3832 0.3870
1.0852 0.7924 1.0429 0.7870 0.7698 2.3595 0.2568 0.2618 0.3873 0.3907
1.0888 0.7902 1.0429 0.7856 0.7680 2.3544 0.2575 0.2607 0.3879 0.3893
1.0770 0.7948 1.0414 0.7884 0.7696 2.3522 0.2556 0.2593 0.3860 0.3880
1.0842 0.7931 1.0393 0.7852 0.7663 2.3727 0.2589 0.2652 0.3894 0.3940
1.0899 0.7869 1.0356 0.7852 0.7671 2.3774 0.2552 0.2610 0.3852 0.3895
1.0913 0.7911 1.0406 0.7858 0.7670 2.3640 0.2544 0.2575 0.3843 0.3855
1.0815 0.7924 1.0409 0.7878 0.7697 2.3577 0.2626 0.2647 0.3939 0.3939
1.0794 0.7926 1.0400 0.7876 0.7678 2.3613 0.2528 0.2587 0.3827 0.3870
1.0846 0.7931 1.0401 0.7870 0.7680 2.3599 0.2589 0.2640 0.3897 0.3930
1.0909 0.7873 1.0437 0.7842 0.7662 2.3559 0.2628 0.2674 0.3937 0.3965
1.0891 0.7902 1.0422 0.7868 0.7681 2.3550 0.2521 0.2581 0.3818 0.3863
1.0767 0.7920 1.0415 0.7888 0.7691 2.3501 0.2508 0.2560 0.3806 0.3841
1.0882 0.7895 1.0427 0.7832 0.7654 2.3752 0.2554 0.2632 0.3852 0.3917
1.0777 0.7911 1.0441 0.7856 0.7672 2.3512 0.2572 0.2646 0.3875 0.3935
1.0885 0.7873 1.0406 0.7862 0.7673 2.3788 0.2521 0.2593 0.3817 0.3876
