3.5934 0.1121 3.9460 0.0276 0.0225 2.8432 0.2751 0.2561 0.0502 0.0413
2.9375 0.2727 3.7046 0.0863 0.0792 2.1992 0.4595 0.4062 0.1453 0.1325
2.4626 0.4074 3.1785 0.1958 0.1732 2.0189 0.4846 0.4736 0.2790 0.2536
2.0808 0.5024 2.6295 0.3114 0.2830 1.9399 0.4741 0.4710 0.3759 0.3536
1.7749 0.5754 2.2069 0.4006 0.3721 1.9083 0.4642 0.4657 0.4300 0.4136
1.5642 0.6240 1.8507 0.4867 0.4557 1.9294 0.4412 0.4564 0.4628 0.4560
1.4082 0.6672 1.6365 0.5494 0.5147 1.9067 0.4366 0.4453 0.4865 0.4775
1.2962 0.6984 1.4967 0.5861 0.5580 1.8966 0.4246 0.4271 0.4925 0.4838
1.2166 0.7129 1.3583 0.6339 0.6031 1.9563 0.3998 0.3969 0.4904 0.4787
1.1780 0.7300 1.3386 0.6257 0.5945 1.9552 0.4081 0.4213 0.4940 0.4931
1.1273 0.7457 1.2547 0.6614 0.6305 2.0130 0.3815 0.3982 0.4839 0.4881
1.1230 0.7452 1.2324 0.6692 0.6404 1.9890 0.3757 0.3931 0.4813 0.4872
1.0876 0.7562 1.2173 0.6737 0.6408 1.9946 0.3692 0.3799 0.4770 0.4770
1.0787 0.7637 1.1945 0.6950 0.6659 1.9850 0.3799 0.3851 0.4913 0.4879
1.0687 0.7597 1.2281 0.6698 0.6366 1.9715 0.3847 0.3992 0.4887 0.4907
1.0627 0.7592 1.1961 0.6882 0.6612 1.9339 0.3907 0.4046 0.4984 0.5020
1.0512 0.7697 1.1929 0.6918 0.6572 1.9257 0.3808 0.3864 0.4912 0.4867
1.0511 0.7650 1.2043 0.6803 0.6484 1.9356 0.3780 0.3763 0.4860 0.4763
1.0495 0.7670 1.1921 0.6946 0.6661 1.9301 0.3801 0.3806 0.4914 0.4844
1.0583 0.7643 1.2072 0.6848 0.6586 1.9933 0.3657 0.3767 0.4768 0.4793
1.0528 0.7623 1.2293 0.6735 0.6452 1.9281 0.3898 0.3907 0.4938 0.4867
1.0591 0.7638 1.2293 0.6821 0.6510 1.9415 0.3833 0.3928 0.4908 0.4899
1.0570 0.7623 1.2698 0.6535 0.6260 1.9432 0.3953 0.4096 0.4926 0.4952
1.0594 0.7639 1.2537 0.6751 0.6431 1.9407 0.3880 0.3957 0.4928 0.4899
1.0708 0.7559 1.2563 0.6668 0.6359 1.9481 0.3845 0.3999 0.4878 0.4910
1.0713 0.7586 1.2770 0.6644 0.6337 1.9272 0.3852 0.3967 0.4877 0.4879
1.0774 0.7519 1.2680 0.6678 0.6361 1.9673 0.3861 0.4058 0.4893 0.4955
1.0724 0.7567 1.2996 0.6499 0.6169 1.9537 0.3875 0.4039 0.4855 0.4882
1.0797 0.7531 1.2960 0.6551 0.6236 1.9228 0.3931 0.4039 0.4914 0.4902
1.0773 0.7540 1.3176 0.6511 0.6165 1.9098 0.3945 0.4031 0.4913 0.4875
1.0807 0.7555 1.3441 0.6317 0.5991 1.9083 0.4047 0.4188 0.4934 0.4930
1.0922 0.7477 1.3288 0.6444 0.6044 1.9232 0.3956 0.4049 0.4902 0.4849
1.0908 0.7457 1.3313 0.6372 0.6063 1.9452 0.3875 0.4026 0.4819 0.4839
1.0926 0.7515 1.3408 0.6400 0.6078 1.9262 0.3977 0.4068 0.4906 0.4874
1.0956 0.7463 1.3356 0.6509 0.6200 1.9586 0.3960 0.4104 0.4924 0.4939
1.0962 0.7443 1.3554 0.6414 0.6130 1.9477 0.3910 0.3956 0.4859 0.4809
1.1042 0.7417 1.3795 0.6313 0.6014 1.9239 0.3979 0.4064 0.4881 0.4850
1.1035 0.7472 1.3591 0.6410 0.6127 1.9547 0.3872 0.3922 0.4827 0.4782
1.0996 0.7432 1.3681 0.6351 0.6039 1.9669 0.3956 0.4052 0.4875 0.4850
1.1030 0.7443 1.3941 0.6188 0.5855 1.9342 0.3979 0.4104 0.4843 0.4825
1.1037 0.7399 1.3957 0.6206 0.5912 1.9247 0.4016 0.4141 0.4876 0.4870
1.1121 0.7368 1.4139 0.6083 0.5788 1.9336 0.4086 0.4313 0.4889 0.4943
1.1183 0.7348 1.4052 0.6146 0.5847 1.9333 0.4021 0.4130 0.4861 0.4841
1.1196 0.7349 1.4152 0.6095 0.5782 1.9375 0.4067 0.4288 0.4879 0.4924
1.1100 0.7380 1.4218 0.6103 0.5783 1.9074 0.4021 0.4134 0.4848 0.4822
1.1112 0.7339 1.4202 0.6125 0.5812 1.9389 0.4069 0.4247 0.4890 0.4908
1.1189 0.7358 1.4539 0.5946 0.5639 1.8866 0.4164 0.4294 0.4898 0.4876
1.1158 0.7397 1.4358 0.5998 0.5674 1.9366 0.3998 0.4134 0.4798 0.4783
1.1210 0.7308 1.4322 0.6113 0.5790 1.9586 0.4055 0.4258 0.4876 0.4907
1.1221 0.7317 1.4329 0.6051 0.5746 1.9250 0.3944 0.4013 0.4775 0.4725
1.1201 0.7317 1.4314 0.6039 0.5714 1.9497 0.4042 0.4251 0.4843 0.4875
1.1189 0.7313 1.4326 0.6087 0.5793 1.9613 0.4019 0.4200 0.4842 0.4870
1.1198 0.7386 1.4582 0.5926 0.5626 1.9097 0.4158 0.4279 0.4887 0.4861
1.1211 0.7341 1.4483 0.5988 0.5736 1.9321 0.4167 0.4378 0.4914 0.4966
1.1279 0.7267 1.4597 0.5950 0.5703 1.9505 0.4047 0.4284 0.4818 0.4893
1.1285 0.7297 1.4751 0.5920 0.5673 1.9433 0.4046 0.4206 0.4807 0.4830
1.1304 0.7275 1.4792 0.5845 0.5594 1.8963 0.4093 0.4259 0.4815 0.4836
1.1300 0.7268 1.4766 0.5861 0.5631 1.9610 0.4102 0.4293 0.4826 0.4872
1.1247 0.7252 1.4519 0.5974 0.5722 1.9685 0.4012 0.4163 0.4801 0.4820
1.1215 0.7323 1.4852 0.5841 0.5563 1.9282 0.4090 0.4260 0.4811 0.4825
1.1236 0.7313 1.4643 0.5960 0.5712 1.9396 0.4056 0.4206 0.4827 0.4844
1.1269 0.7305 1.4637 0.5964 0.5720 1.9397 0.4007 0.4146 0.4794 0.4808
1.1271 0.7330 1.4667 0.5964 0.5721 1.9460 0.4026 0.4175 0.4807 0.4827
1.1178 0.7333 1.4694 0.5920 0.5668 1.9296 0.4051 0.4218 0.4810 0.4837
1.1187 0.7351 1.4680 0.5908 0.5668 1.9383 0.4056 0.4210 0.4810 0.4832
1.1196 0.7321 1.4676 0.5922 0.5667 1.9214 0.4069 0.4204 0.4823 0.4827
1.1274 0.7295 1.4609 0.5952 0.5694 1.9503 0.4060 0.4225 0.4827 0.4851
1.1254 0.7345 1.4643 0.5918 0.5670 1.9434 0.4083 0.4259 0.4832 0.4864
1.1261 0.7319 1.4570 0.5962 0.5713 1.9468 0.4044 0.4192 0.4819 0.4836
1.1224 0.7359 1.4624 0.5934 0.5686 1.9474 0.4049 0.4199 0.4814 0.4831
1.1204 0.7289 1.4679 0.5906 0.5649 1.9234 0.4099 0.4254 0.4839 0.4853
1.1217 0.7314 1.4666 0.5936 0.5678 1.9372 0.4079 0.4224 0.4835 0.4844
1.1268 0.7316 1.4603 0.5960 0.5702 1.9388 0.4077 0.4221 0.4842 0.4851
1.1289 0.7326 1.4678 0.5918 0.5681 1.9325 0.4106 0.4249 0.4848 0.4862
1.1224 0.7301 1.4635 0.5924 0.5679 1.9404 0.4067 0.4194 0.4823 0.4825
1.1230 0.7347 1.4710 0.5875 0.5640 1.9324 0.4099 0.4261 0.4829 0.4854
1.1231 0.7356 1.4677 0.5891 0.5661 1.9447 0.4086 0.4254 0.4826 0.4858
1.1304 0.7268 1.4694 0.5875 0.5642 1.9313 0.4062 0.4214 0.4803 0.4825
1.1253 0.7308 1.4709 0.5861 0.5627 1.9410 0.4072 0.4217 0.4806 0.4821
1.1227 0.7331 1.4681 0.5885 0.5644 1.9447 0.4084 0.4240 0.4822 0.4842
1.1250 0.7289 1.4632 0.5932 0.5702 1.9403 0.4025 0.4150 0.4796 0.4804
1.1204 0.7342 1.4716 0.5889 0.5647 1.9380 0.4081 0.4212 0.4821 0.4825
1.1256 0.7290 1.4657 0.5928 0.5683 1.9397 0.4058 0.4191 0.4818 0.4824
1.1194 0.7327 1.4672 0.5898 0.5647 1.9453 0.4051 0.4190 0.4803 0.4811
1.1297 0.7290 1.4663 0.5898 0.5650 1.9450 0.4076 0.4223 0.4820 0.4833
1.1204 0.7339 1.4676 0.5883 0.5629 1.9357 0.4065 0.4201 0.4808 0.4811
1.1252 0.7302 1.4652 0.5898 0.5657 1.9525 0.4035 0.4184 0.4792 0.4810
1.1205 0.7333 1.4685 0.5891 0.5655 1.9444 0.4060 0.4209 0.4807 0.4826
1.1182 0.7346 1.4731 0.5869 0.5633 1.9385 0.4070 0.4238 0.4807 0.4837
1.1234 0.7257 1.4668 0.5916 0.5670 1.9389 0.4055 0.4190 0.4811 0.4819
1.1204 0.7358 1.4633 0.5930 0.5670 1.9452 0.4051 0.4192 0.4814 0.4820
1.1252 0.7329 1.4660 0.5908 0.5659 1.9429 0.4039 0.4174 0.4798 0.4804
1.1207 0.7275 1.4696 0.5914 0.5676 1.9364 0.4062 0.4193 0.4816 0.4823
1.1321 0.7308 1.4682 0.5906 0.5668 1.9519 0.4058 0.4227 0.4811 0.4843
1.1171 0.7379 1.4657 0.5906 0.5652 1.9567 0.4040 0.4201 0.4798 0.4820
1.1193 0.7326 1.4700 0.5879 0.5630 1.9567 0.4035 0.4187 0.4786 0.4802
1.1124 0.7356 1.4705 0.5867 0.5615 1.9409 0.4044 0.4170 0.4788 0.4786
1.1246 0.7313 1.4702 0.5887 0.5639 1.9405 0.4058 0.4214 0.4804 0.4823
1.1249 0.7291 1.4684 0.5918 0.5665 1.9286 0.4056 0.4192 0.4813 0.4818
1.1237 0.7304 1.4701 0.5910 0.5654 1.9484 0.4049 0.4208 0.4806 0.4825
