3.7816 0.0653 3.5853 0.1553 0.1410 3.3891 0.1437 0.1067 0.1493 0.1215
3.2779 0.2298 3.0052 0.3263 0.2997 3.0147 0.1835 0.1673 0.2349 0.2147
2.7296 0.3922 2.3797 0.4669 0.4221 2.6441 0.2709 0.2883 0.3429 0.3426
2.1766 0.5430 1.7886 0.6267 0.5833 2.4660 0.2943 0.3137 0.4005 0.4080
1.7377 0.6476 1.4158 0.7003 0.6579 2.3481 0.3082 0.3241 0.4280 0.4342
1.4749 0.7011 1.2329 0.7400 0.7173 2.2561 0.3238 0.3320 0.4505 0.4539
1.3061 0.7520 1.0677 0.7844 0.7665 2.2681 0.2976 0.3071 0.4315 0.4385
1.1998 0.7799 0.9980 0.8007 0.7833 2.2787 0.2843 0.2934 0.4196 0.4269
1.1435 0.7908 0.9373 0.8154 0.8024 2.2901 0.2748 0.2728 0.4110 0.4072
1.0967 0.7968 0.9103 0.8195 0.8049 2.2511 0.2860 0.2941 0.4240 0.4307
1.0722 0.8127 0.8715 0.8384 0.8218 2.2570 0.2639 0.2826 0.4014 0.4205
1.0445 0.8136 0.8684 0.8324 0.8145 2.2100 0.2850 0.2796 0.4246 0.4163
1.0275 0.8186 0.8517 0.8403 0.8247 2.2284 0.2776 0.2777 0.4173 0.4155
1.0174 0.8244 0.8592 0.8374 0.8205 2.2062 0.2920 0.2961 0.4330 0.4351
1.0215 0.8184 0.8569 0.8370 0.8217 2.2224 0.3017 0.3041 0.4435 0.4440
1.0158 0.8229 0.8660 0.8372 0.8223 2.1687 0.3212 0.3270 0.4643 0.4679
1.0164 0.8198 0.8447 0.8469 0.8339 2.2094 0.2841 0.2921 0.4255 0.4326
1.0061 0.8243 0.8644 0.8366 0.8245 2.2174 0.3147 0.3251 0.4573 0.4663
1.0103 0.8225 0.8554 0.8473 0.8287 2.2131 0.2927 0.3054 0.4351 0.4463
1.0051 0.8213 0.8628 0.8429 0.8287 2.2158 0.2990 0.3110 0.4414 0.4523
1.0129 0.8211 0.8797 0.8376 0.8239 2.1864 0.3173 0.3196 0.4603 0.4605
1.0188 0.8152 0.8851 0.8340 0.8205 2.1647 0.3091 0.3029 0.4510 0.4424
1.0124 0.8226 0.8750 0.8463 0.8276 2.2055 0.2916 0.3046 0.4338 0.4453
1.0158 0.8236 0.8821 0.8356 0.8193 2.1694 0.3120 0.3213 0.4544 0.4615
1.0067 0.8266 0.8845 0.8382 0.8263 2.1908 0.3050 0.3071 0.4473 0.4478
1.0139 0.8200 0.8849 0.8350 0.8189 2.1951 0.3242 0.3265 0.4670 0.4669
1.0129 0.8219 0.9036 0.8328 0.8198 2.1477 0.3215 0.3222 0.4640 0.4626
1.0204 0.8164 0.9166 0.8294 0.8160 2.1546 0.2973 0.2871 0.4377 0.4248
1.0244 0.8189 0.9192 0.8282 0.8101 2.1766 0.3094 0.3114 0.4505 0.4499
1.0273 0.8122 0.9325 0.8195 0.8053 2.1161 0.3207 0.3156 0.4610 0.4534
1.0413 0.8094 0.9282 0.8316 0.8175 2.1705 0.2982 0.3058 0.4389 0.4451
1.0339 0.8171 0.9342 0.8269 0.8088 2.1553 0.3064 0.3074 0.4472 0.4455
1.0448 0.8083 0.9375 0.8207 0.7993 2.1665 0.3230 0.3395 0.4635 0.4765
1.0343 0.8134 0.9457 0.8154 0.7979 2.1694 0.3249 0.3292 0.4647 0.4661
1.0367 0.8083 0.9387 0.8271 0.8096 2.1485 0.3145 0.3086 0.4557 0.4468
1.0479 0.8026 0.9547 0.8187 0.8006 2.1489 0.3237 0.3208 0.4639 0.4581
1.0450 0.8098 0.9583 0.8179 0.8014 2.1746 0.3265 0.3351 0.4667 0.4726
1.0517 0.8044 0.9568 0.8175 0.7972 2.1811 0.3203 0.3323 0.4603 0.4691
1.0541 0.8010 0.9618 0.8193 0.8017 2.1855 0.3159 0.3236 0.4560 0.4611
1.0604 0.7974 0.9732 0.8163 0.8030 2.2102 0.3066 0.3104 0.4458 0.4478
1.0541 0.8049 0.9722 0.8199 0.8059 2.1558 0.3289 0.3257 0.4695 0.4639
1.0606 0.7992 0.9833 0.8078 0.7887 2.1686 0.3305 0.3397 0.4691 0.4748
1.0576 0.8031 0.9719 0.8185 0.7964 2.1844 0.3055 0.3114 0.4450 0.4478
1.0596 0.8036 0.9774 0.8159 0.7998 2.2236 0.3159 0.3234 0.4555 0.4605
1.0597 0.8000 0.9980 0.8056 0.7875 2.1369 0.3325 0.3387 0.4707 0.4736
1.0558 0.7970 0.9876 0.8116 0.7930 2.1660 0.3235 0.3293 0.4626 0.4653
1.0740 0.7923 1.0016 0.8040 0.7877 2.1306 0.3217 0.3180 0.4595 0.4531
1.0717 0.7934 0.9976 0.8052 0.7857 2.1855 0.3147 0.3126 0.4525 0.4473
1.0737 0.7949 1.0049 0.8023 0.7823 2.1557 0.3173 0.3208 0.4548 0.4550
1.0635 0.8022 1.0134 0.8001 0.7818 2.1330 0.3275 0.3234 0.4648 0.4575
1.0650 0.7964 1.0038 0.8054 0.7866 2.1877 0.3050 0.3084 0.4425 0.4431
1.0786 0.7895 1.0160 0.8011 0.7828 2.1822 0.3152 0.3217 0.4524 0.4560
1.0720 0.7915 1.0196 0.8001 0.7833 2.2151 0.3080 0.3155 0.4448 0.4499
1.0719 0.7988 1.0191 0.7943 0.7753 2.1576 0.3198 0.3195 0.4560 0.4526
1.0773 0.7947 1.0149 0.7955 0.7796 2.1722 0.3282 0.3363 0.4647 0.4699
1.0757 0.7937 1.0158 0.7959 0.7792 2.1848 0.3092 0.3055 0.4454 0.4389
1.0833 0.7900 1.0124 0.8078 0.7908 2.2187 0.2980 0.2963 0.4354 0.4310
1.0887 0.7896 1.0226 0.7991 0.7805 2.1672 0.3071 0.3043 0.4437 0.4379
1.0795 0.7899 1.0296 0.7939 0.7781 2.1985 0.3015 0.3058 0.4370 0.4390
1.0819 0.7880 1.0220 0.7977 0.7793 2.1968 0.3040 0.3100 0.4402 0.4436
1.0895 0.7871 1.0206 0.7975 0.7796 2.1981 0.3078 0.3131 0.4442 0.4468
1.0778 0.7954 1.0228 0.7969 0.7781 2.1805 0.3138 0.3191 0.4503 0.4526
1.0799 0.7905 1.0293 0.7955 0.7783 2.1767 0.3101 0.3118 0.4463 0.4452
1.0741 0.7901 1.0245 0.7983 0.7808 2.1850 0.3071 0.3108 0.4436 0.4446
1.0851 0.7921 1.0268 0.7965 0.7797 2.1789 0.3075 0.3091 0.4437 0.4427
1.0771 0.7966 1.0260 0.7957 0.7787 2.1825 0.3092 0.3120 0.4454 0.4455
1.0794 0.7968 1.0237 0.7973 0.7787 2.1770 0.3119 0.3152 0.4484 0.4487
1.0806 0.7942 1.0238 0.7989 0.7800 2.1756 0.3080 0.3087 0.4446 0.4423
1.0683 0.7972 1.0266 0.7957 0.7771 2.1737 0.3124 0.3142 0.4487 0.4475
1.0690 0.7993 1.0278 0.7939 0.7754 2.1641 0.3154 0.3226 0.4514 0.4556
1.0764 0.7945 1.0228 0.7953 0.7765 2.1807 0.3103 0.3157 0.4464 0.4489
1.0776 0.7946 1.0223 0.7961 0.7779 2.1672 0.3115 0.3142 0.4478 0.4476
1.0791 0.7927 1.0238 0.7947 0.7772 2.1763 0.3113 0.3130 0.4474 0.4463
1.0752 0.7951 1.0247 0.7937 0.7743 2.1748 0.3145 0.3178 0.4505 0.4507
1.0731 0.7969 1.0248 0.7941 0.7758 2.1763 0.3112 0.3137 0.4471 0.4468
1.0806 0.7927 1.0255 0.7914 0.7723 2.1899 0.3122 0.3149 0.4478 0.4474
1.0773 0.7898 1.0277 0.7929 0.7758 2.1814 0.3106 0.3139 0.4464 0.4470
1.0818 0.7896 1.0257 0.7921 0.7745 2.1744 0.3077 0.3106 0.4432 0.4434
1.0808 0.7941 1.0274 0.7935 0.7769 2.1720 0.3069 0.3094 0.4427 0.4425
1.0846 0.7902 1.0248 0.7959 0.7786 2.1866 0.3077 0.3118 0.4438 0.4452
1.0848 0.7922 1.0224 0.7965 0.7787 2.1913 0.3061 0.3112 0.4422 0.4447
1.0839 0.7922 1.0270 0.7937 0.7770 2.1873 0.3066 0.3101 0.4423 0.4432
1.0762 0.7916 1.0235 0.7951 0.7780 2.1864 0.3092 0.3143 0.4453 0.4478
1.0839 0.7935 1.0259 0.7947 0.7773 2.1912 0.3047 0.3056 0.4405 0.4387
1.0822 0.7929 1.0292 0.7931 0.7762 2.1836 0.3096 0.3125 0.4453 0.4456
1.0852 0.7926 1.0260 0.7933 0.7758 2.1949 0.3099 0.3159 0.4457 0.4489
1.0796 0.7937 1.0270 0.7945 0.7762 2.1880 0.3071 0.3127 0.4430 0.4458
1.0799 0.7906 1.0314 0.7945 0.7776 2.1719 0.3105 0.3117 0.4465 0.4450
1.0805 0.7938 1.0299 0.7937 0.7764 2.1757 0.3119 0.3152 0.4478 0.4484
1.0830 0.7893 1.0257 0.7955 0.7782 2.1973 0.3069 0.3121 0.4430 0.4455
1.0842 0.7923 1.0232 0.7957 0.7774 2.1886 0.3075 0.3126 0.4436 0.4459
1.0797 0.7920 1.0277 0.7957 0.7776 2.1891 0.3096 0.3135 0.4457 0.4469
1.0864 0.7893 1.0341 0.7931 0.7771 2.1730 0.3103 0.3140 0.4461 0.4473
1.0830 0.7915 1.0286 0.7937 0.7765 2.1946 0.3055 0.3110 0.4412 0.4441
1.0781 0.7933 1.0282 0.7935 0.7762 2.1934 0.3059 0.3093 0.4416 0.4423
1.0841 0.7911 1.0296 0.7947 0.7776 2.1862 0.3073 0.3117 0.4432 0.4450
1.0847 0.7885 1.0292 0.7945 0.7768 2.1861 0.3052 0.3072 0.4410 0.4403
1.0767 0.7932 1.0315 0.7916 0.7735 2.1854 0.3091 0.3162 0.4446 0.4489
1.0836 0.7859 1.0327 0.7921 0.7756 2.1726 0.3084 0.3120 0.4439 0.4450
1.0778 0.7933 1.0298 0.7931 0.7769 2.1977 0.3084 0.3145 0.4441 0.4477
