3.6440 0.0992 3.5683 0.1257 0.1231 3.0373 0.2257 0.2221 0.1614 0.1584
2.9925 0.2817 2.8780 0.2795 0.2725 2.6230 0.3411 0.3359 0.3073 0.3009
2.4166 0.4145 2.1907 0.4881 0.4690 2.3805 0.3752 0.3653 0.4243 0.4107
1.9316 0.5653 1.6547 0.6313 0.6082 2.2159 0.4308 0.4176 0.5121 0.4952
1.5732 0.6676 1.3472 0.7007 0.6804 2.0568 0.4329 0.3814 0.5352 0.4888
1.3593 0.7271 1.1489 0.7658 0.7459 2.1232 0.3775 0.3476 0.5057 0.4742
1.2458 0.7631 1.0736 0.7713 0.7545 2.0420 0.3850 0.3419 0.5137 0.4705
1.1750 0.7782 0.9976 0.7985 0.7797 2.0638 0.3567 0.3260 0.4931 0.4597
1.1165 0.7986 0.9564 0.8090 0.7936 2.0826 0.3597 0.3358 0.4980 0.4719
1.0890 0.8062 0.9343 0.8140 0.7959 2.0483 0.3571 0.3367 0.4964 0.4732
1.0634 0.8142 0.9194 0.8235 0.8063 2.0669 0.3449 0.3259 0.4862 0.4642
1.0497 0.8161 0.9173 0.8175 0.8002 2.0215 0.3634 0.3373 0.5031 0.4746
1.0479 0.8139 0.9024 0.8261 0.8160 2.0888 0.3175 0.2987 0.4587 0.4373
1.0388 0.8157 0.8878 0.8334 0.8188 2.1095 0.3254 0.3115 0.4681 0.4513
1.0355 0.8186 0.8896 0.8261 0.8142 2.0984 0.3321 0.3235 0.4738 0.4631
1.0247 0.8237 0.8874 0.8271 0.8141 2.0528 0.3511 0.3254 0.4930 0.4649
1.0253 0.8223 0.8851 0.8368 0.8190 2.0980 0.3203 0.3188 0.4633 0.4590
1.0219 0.8251 0.8942 0.8245 0.8089 2.0682 0.3279 0.3175 0.4692 0.4560
1.0164 0.8225 0.8937 0.8338 0.8199 2.0656 0.3328 0.3139 0.4757 0.4540
1.0117 0.8208 0.8874 0.8352 0.8235 2.1032 0.3201 0.3093 0.4629 0.4497
1.0083 0.8233 0.8931 0.8310 0.8194 2.1203 0.3120 0.3086 0.4537 0.4483
1.0161 0.8172 0.8863 0.8397 0.8293 2.0768 0.3245 0.3028 0.4681 0.4436
1.0112 0.8215 0.9049 0.8326 0.8205 2.1155 0.3156 0.3063 0.4577 0.4461
1.0233 0.8163 0.9078 0.8348 0.8186 2.0788 0.3120 0.3070 0.4543 0.4465
1.0175 0.8240 0.9177 0.8302 0.8208 2.1090 0.3251 0.3124 0.4672 0.4526
1.0147 0.8216 0.9175 0.8286 0.8191 2.1013 0.3129 0.2995 0.4543 0.4386
1.0191 0.8169 0.9235 0.8255 0.8081 2.0994 0.3057 0.2920 0.4462 0.4290
1.0208 0.8231 0.9270 0.8243 0.8042 2.0805 0.3266 0.3278 0.4679 0.4657
1.0315 0.8168 0.9289 0.8219 0.8026 2.1028 0.3270 0.3333 0.4679 0.4710
1.0240 0.8200 0.9267 0.8346 0.8222 2.1427 0.3066 0.3017 0.4485 0.4414
1.0280 0.8197 0.9413 0.8195 0.8006 2.1177 0.2989 0.3178 0.4380 0.4550
1.0373 0.8164 0.9422 0.8213 0.8071 2.1125 0.3026 0.2995 0.4422 0.4369
1.0354 0.8176 0.9551 0.8171 0.7992 2.1024 0.3247 0.3242 0.4647 0.4613
1.0386 0.8144 0.9501 0.8211 0.8036 2.1028 0.3198 0.3186 0.4603 0.4563
1.0355 0.8187 0.9705 0.8165 0.8032 2.0910 0.3268 0.3335 0.4668 0.4713
1.0353 0.8174 0.9761 0.8098 0.7943 2.1241 0.3128 0.3178 0.4512 0.4540
1.0423 0.8141 0.9786 0.8078 0.7901 2.0801 0.3339 0.3394 0.4725 0.4748
1.0478 0.8113 0.9805 0.8108 0.7956 2.0837 0.3266 0.3264 0.4657 0.4629
1.0492 0.8056 0.9835 0.8082 0.7940 2.1385 0.3120 0.3262 0.4503 0.4624
1.0438 0.8118 0.9833 0.8159 0.8001 2.1465 0.2952 0.2975 0.4335 0.4337
1.0591 0.8084 0.9837 0.8126 0.7971 2.1141 0.3038 0.2952 0.4422 0.4309
1.0636 0.8028 0.9889 0.8114 0.7970 2.1192 0.3024 0.3029 0.4406 0.4390
1.0683 0.8055 1.0042 0.8052 0.7915 2.0889 0.3245 0.3267 0.4626 0.4625
1.0586 0.8105 0.9952 0.8058 0.7875 2.1051 0.3101 0.3179 0.4479 0.4530
1.0577 0.8095 1.0011 0.8076 0.7920 2.0885 0.3184 0.3176 0.4567 0.4534
1.0570 0.8036 1.0155 0.7935 0.7782 2.1106 0.3224 0.3228 0.4585 0.4563
1.0706 0.8032 1.0097 0.8056 0.7891 2.1261 0.3004 0.3082 0.4377 0.4433
1.0711 0.8024 1.0068 0.8007 0.7846 2.1260 0.3138 0.3099 0.4509 0.4443
1.0695 0.8043 1.0193 0.7955 0.7768 2.1383 0.3136 0.3231 0.4499 0.4564
1.0692 0.8015 1.0203 0.7999 0.7791 2.0937 0.3265 0.3274 0.4637 0.4611
1.0641 0.8007 1.0277 0.7941 0.7801 2.0943 0.3170 0.3165 0.4531 0.4503
1.0750 0.7934 1.0270 0.7921 0.7734 2.1146 0.3082 0.3094 0.4437 0.4420
1.0639 0.7990 1.0166 0.7949 0.7731 2.1144 0.3258 0.3268 0.4621 0.4594
1.0689 0.8015 1.0448 0.7820 0.7655 2.1107 0.3131 0.3161 0.4472 0.4475
1.0752 0.7973 1.0229 0.7923 0.7718 2.1320 0.3142 0.3207 0.4499 0.4532
1.0700 0.7937 1.0325 0.7929 0.7780 2.1176 0.3124 0.3098 0.4482 0.4431
1.0701 0.7980 1.0417 0.7910 0.7697 2.1062 0.3215 0.3202 0.4572 0.4523
1.0713 0.8007 1.0178 0.7947 0.7691 2.1439 0.3055 0.3122 0.4414 0.4441
1.0714 0.7927 1.0288 0.7923 0.7682 2.1457 0.3080 0.3174 0.4436 0.4492
1.0759 0.7891 1.0293 0.7931 0.7737 2.1329 0.3122 0.3242 0.4481 0.4569
1.0843 0.7974 1.0345 0.7872 0.7671 2.1351 0.3059 0.3097 0.4406 0.4412
1.0712 0.7991 1.0333 0.7929 0.7722 2.1301 0.3040 0.3077 0.4394 0.4401
1.0797 0.7980 1.0289 0.7927 0.7716 2.1313 0.3040 0.3081 0.4394 0.4404
1.0705 0.7941 1.0358 0.7927 0.7722 2.1119 0.3112 0.3135 0.4469 0.4460
1.0697 0.8002 1.0327 0.7919 0.7713 2.1142 0.3115 0.3141 0.4471 0.4464
1.0796 0.7987 1.0329 0.7916 0.7696 2.1137 0.3147 0.3186 0.4504 0.4506
1.0754 0.7984 1.0339 0.7914 0.7727 2.1183 0.3103 0.3126 0.4458 0.4451
1.0713 0.7970 1.0368 0.7892 0.7716 2.1181 0.3099 0.3129 0.4451 0.4453
1.0709 0.7987 1.0356 0.7894 0.7712 2.1229 0.3068 0.3094 0.4418 0.4416
1.0775 0.7935 1.0375 0.7892 0.7723 2.1206 0.3045 0.3060 0.4394 0.4384
1.0761 0.7959 1.0360 0.7896 0.7724 2.1198 0.3040 0.3084 0.4389 0.4408
1.0782 0.7978 1.0396 0.7872 0.7689 2.1141 0.3103 0.3148 0.4451 0.4467
1.0802 0.7944 1.0342 0.7925 0.7751 2.1306 0.3018 0.3064 0.4372 0.4392
1.0785 0.8022 1.0367 0.7900 0.7709 2.1213 0.3085 0.3142 0.4438 0.4464
1.0850 0.7956 1.0362 0.7898 0.7705 2.1324 0.3078 0.3155 0.4430 0.4476
1.0737 0.7981 1.0362 0.7904 0.7717 2.1216 0.3068 0.3104 0.4420 0.4428
1.0772 0.7992 1.0388 0.7890 0.7701 2.1232 0.3098 0.3167 0.4449 0.4488
1.0825 0.7978 1.0386 0.7892 0.7711 2.1250 0.3136 0.3214 0.4489 0.4537
1.0732 0.7997 1.0409 0.7880 0.7691 2.1133 0.3133 0.3184 0.4483 0.4504
1.0807 0.7963 1.0342 0.7904 0.7723 2.1347 0.2989 0.3044 0.4337 0.4367
1.0794 0.8017 1.0421 0.7872 0.7698 2.1243 0.3057 0.3111 0.4404 0.4431
1.0815 0.7963 1.0347 0.7927 0.7741 2.1414 0.3029 0.3071 0.4383 0.4398
1.0745 0.8008 1.0378 0.7906 0.7724 2.1217 0.3052 0.3062 0.4404 0.4385
1.0881 0.7944 1.0374 0.7912 0.7734 2.1206 0.3098 0.3123 0.4452 0.4449
1.0800 0.7948 1.0367 0.7892 0.7714 2.1382 0.3085 0.3144 0.4436 0.4467
1.0852 0.7923 1.0398 0.7882 0.7714 2.1335 0.3043 0.3086 0.4391 0.4408
1.0780 0.7972 1.0422 0.7876 0.7706 2.1120 0.3103 0.3136 0.4452 0.4458
1.0842 0.7955 1.0393 0.7904 0.7727 2.1302 0.3077 0.3122 0.4429 0.4447
1.0776 0.7995 1.0407 0.7912 0.7729 2.1262 0.3059 0.3115 0.4412 0.4440
1.0768 0.7947 1.0387 0.7882 0.7708 2.1383 0.3047 0.3125 0.4395 0.4447
1.0812 0.7959 1.0380 0.7888 0.7699 2.1309 0.3036 0.3099 0.4385 0.4419
1.0887 0.7968 1.0370 0.7894 0.7709 2.1358 0.3026 0.3078 0.4374 0.4399
1.0785 0.7945 1.0382 0.7898 0.7720 2.1226 0.3071 0.3137 0.4423 0.4461
1.0735 0.7986 1.0418 0.7860 0.7680 2.1170 0.3106 0.3132 0.4453 0.4449
1.0770 0.7956 1.0403 0.7870 0.7703 2.1280 0.3045 0.3071 0.4391 0.4392
1.0780 0.7956 1.0394 0.7884 0.7717 2.1294 0.3026 0.3069 0.4373 0.4391
1.0822 0.7946 1.0418 0.7878 0.7703 2.1185 0.3068 0.3103 0.4416 0.4424
1.0837 0.7950 1.0423 0.7878 0.7690 2.1355 0.3041 0.3097 0.4389 0.4416
1.0780 0.7994 1.0385 0.7892 0.7709 2.1238 0.3106 0.3162 0.4458 0.4484
1.0845 0.7946 1.0406 0.7894 0.7709 2.1521 0.2966 0.3034 0.4312 0.4354
