3.7003 0.0977 4.0235 0.0105 0.0082 2.8934 0.2536 0.2030 0.0201 0.0157
3.0698 0.2930 3.7653 0.0413 0.0359 2.3085 0.4077 0.4169 0.0751 0.0661
2.5423 0.4194 3.2901 0.1361 0.1208 1.9835 0.4549 0.4629 0.2096 0.1916
2.1575 0.4910 2.6885 0.3092 0.2685 1.9176 0.4867 0.4849 0.3782 0.3457
1.8469 0.5562 2.1859 0.4149 0.3695 1.8907 0.4670 0.4601 0.4394 0.4099
1.6051 0.6161 1.8138 0.5131 0.4650 1.8982 0.4828 0.4828 0.4975 0.4737
1.4499 0.6643 1.6267 0.5611 0.5144 1.8554 0.4804 0.4799 0.5176 0.4965
1.3467 0.6861 1.4606 0.6115 0.5584 1.8690 0.4665 0.4531 0.5293 0.5003
1.2582 0.7061 1.3759 0.6365 0.5940 1.8740 0.4443 0.4220 0.5233 0.4934
1.2098 0.7256 1.3281 0.6474 0.6060 1.8865 0.4375 0.4371 0.5221 0.5079
1.1770 0.7356 1.3045 0.6527 0.6163 1.8567 0.4371 0.4341 0.5236 0.5094
1.1466 0.7331 1.2807 0.6505 0.6141 1.8628 0.4443 0.4448 0.5280 0.5159
1.1203 0.7452 1.2439 0.6662 0.6365 1.9525 0.4209 0.4246 0.5159 0.5094
1.0964 0.7510 1.2313 0.6670 0.6343 1.9259 0.4153 0.4245 0.5119 0.5086
1.0785 0.7626 1.2314 0.6700 0.6351 1.8984 0.4369 0.4434 0.5289 0.5222
1.0774 0.7623 1.1934 0.6850 0.6452 1.9344 0.4004 0.4087 0.5053 0.5005
1.0771 0.7572 1.2254 0.6718 0.6367 1.9323 0.4308 0.4429 0.5250 0.5224
1.0688 0.7583 1.2364 0.6668 0.6332 1.9403 0.4303 0.4327 0.5230 0.5141
1.0804 0.7575 1.2227 0.6765 0.6427 1.9643 0.4067 0.4170 0.5080 0.5058
1.0708 0.7600 1.2167 0.6942 0.6681 1.9438 0.3914 0.4003 0.5006 0.5006
1.0775 0.7607 1.2504 0.6628 0.6334 1.8709 0.4227 0.4317 0.5162 0.5134
1.0716 0.7617 1.2399 0.6664 0.6304 1.8968 0.4146 0.4231 0.5112 0.5063
1.0726 0.7602 1.2614 0.6747 0.6506 1.9358 0.4067 0.4175 0.5075 0.5086
1.0752 0.7591 1.2613 0.6608 0.6215 1.9151 0.4245 0.4421 0.5169 0.5167
1.0680 0.7639 1.2767 0.6626 0.6320 1.8999 0.4193 0.4351 0.5136 0.5154
1.0773 0.7609 1.2773 0.6634 0.6330 1.9133 0.4371 0.4461 0.5270 0.5234
1.0838 0.7530 1.3014 0.6535 0.6239 1.8956 0.4181 0.4395 0.5100 0.5157
1.0844 0.7524 1.2975 0.6557 0.6188 1.9063 0.4118 0.4322 0.5059 0.5089
1.0875 0.7557 1.3139 0.6480 0.6170 1.9317 0.4278 0.4470 0.5154 0.5184
1.0774 0.7573 1.3030 0.6626 0.6316 1.9303 0.4058 0.4263 0.5033 0.5090
1.0935 0.7471 1.3424 0.6359 0.6025 1.8930 0.4230 0.4434 0.5081 0.5108
1.0931 0.7506 1.3186 0.6519 0.6245 1.9161 0.4181 0.4386 0.5095 0.5153
1.0909 0.7519 1.3352 0.6464 0.6192 1.9227 0.4232 0.4397 0.5115 0.5143
1.0954 0.7437 1.3301 0.6517 0.6189 1.9465 0.4141 0.4440 0.5064 0.5171
1.0984 0.7480 1.3398 0.6543 0.6253 1.9623 0.4046 0.4241 0.5000 0.5054
1.1048 0.7478 1.3469 0.6426 0.6102 1.9800 0.4044 0.4348 0.4964 0.5078
1.0995 0.7412 1.3572 0.6412 0.6111 1.9763 0.3872 0.4067 0.4828 0.4884
1.1028 0.7423 1.3848 0.6335 0.6001 1.8980 0.4146 0.4361 0.5012 0.5051
1.1114 0.7429 1.3817 0.6283 0.5952 1.9338 0.4047 0.4267 0.4923 0.4971
1.1085 0.7397 1.3754 0.6386 0.6090 1.9370 0.4083 0.4256 0.4981 0.5011
1.1054 0.7442 1.3803 0.6315 0.6004 1.9426 0.4113 0.4344 0.4981 0.5041
1.1101 0.7457 1.3946 0.6293 0.6007 1.9511 0.4127 0.4396 0.4985 0.5077
1.1093 0.7389 1.3776 0.6347 0.5994 1.9516 0.3989 0.4185 0.4899 0.4929
1.1098 0.7360 1.4010 0.6240 0.5943 1.9674 0.4090 0.4393 0.4941 0.5051
1.1096 0.7367 1.3881 0.6301 0.6048 1.9767 0.3963 0.4146 0.4866 0.4919
1.1088 0.7357 1.4248 0.6129 0.5807 1.9173 0.4114 0.4343 0.4924 0.4970
1.1099 0.7413 1.3968 0.6212 0.5919 1.9878 0.4067 0.4327 0.4916 0.4999
1.1115 0.7374 1.4171 0.6117 0.5804 1.9645 0.4025 0.4250 0.4855 0.4907
1.1207 0.7304 1.4245 0.6085 0.5789 1.9636 0.4076 0.4332 0.4882 0.4956
1.1042 0.7377 1.4299 0.6045 0.5730 1.9306 0.4114 0.4279 0.4896 0.4899
1.1183 0.7342 1.4181 0.6234 0.5962 1.9836 0.4028 0.4358 0.4894 0.5036
1.1201 0.7339 1.4231 0.6174 0.5931 2.0099 0.4040 0.4424 0.4884 0.5068
1.1232 0.7292 1.4216 0.6206 0.5943 1.9931 0.4026 0.4308 0.4884 0.4995
1.1237 0.7339 1.4518 0.5984 0.5755 1.9781 0.3991 0.4280 0.4789 0.4909
1.1219 0.7291 1.4517 0.6023 0.5773 1.9979 0.4072 0.4321 0.4859 0.4943
1.1224 0.7273 1.4421 0.6081 0.5800 2.0081 0.3988 0.4221 0.4817 0.4886
1.1171 0.7332 1.4476 0.6031 0.5702 1.9368 0.4058 0.4242 0.4852 0.4865
1.1166 0.7306 1.4561 0.5980 0.5710 1.9709 0.4104 0.4388 0.4867 0.4963
1.1218 0.7314 1.4439 0.6081 0.5816 1.9785 0.4005 0.4274 0.4830 0.4927
1.1178 0.7277 1.4453 0.6063 0.5820 2.0077 0.4002 0.4302 0.4821 0.4947
1.1185 0.7376 1.4544 0.5974 0.5716 1.9832 0.4016 0.4298 0.4803 0.4907
1.1163 0.7356 1.4478 0.6004 0.5755 1.9864 0.4074 0.4376 0.4854 0.4972
1.1145 0.7358 1.4451 0.6010 0.5767 2.0026 0.4033 0.4332 0.4827 0.4947
1.1148 0.7372 1.4470 0.6019 0.5755 1.9969 0.4070 0.4382 0.4856 0.4976
1.1237 0.7323 1.4468 0.6019 0.5752 1.9998 0.4019 0.4332 0.4820 0.4942
1.1232 0.7305 1.4507 0.5974 0.5709 1.9748 0.4007 0.4310 0.4797 0.4912
1.1216 0.7308 1.4446 0.6041 0.5786 2.0032 0.3979 0.4268 0.4798 0.4912
1.1292 0.7280 1.4539 0.5972 0.5709 1.9804 0.4076 0.4391 0.4845 0.4964
1.1170 0.7339 1.4416 0.6043 0.5801 1.9967 0.4002 0.4297 0.4815 0.4937
1.1114 0.7389 1.4517 0.6006 0.5742 1.9980 0.4030 0.4360 0.4824 0.4956
1.1166 0.7312 1.4451 0.6051 0.5808 1.9905 0.4044 0.4336 0.4848 0.4965
1.1213 0.7335 1.4465 0.6013 0.5775 1.9950 0.3988 0.4250 0.4795 0.4896
1.1158 0.7339 1.4510 0.5954 0.5708 1.9893 0.4012 0.4303 0.4794 0.4907
1.1202 0.7327 1.4500 0.6019 0.5772 1.9891 0.4062 0.4366 0.4850 0.4971
1.1241 0.7298 1.4484 0.5992 0.5747 2.0009 0.4005 0.4337 0.4801 0.4943
1.1258 0.7297 1.4462 0.5994 0.5728 1.9971 0.4053 0.4355 0.4836 0.4948
1.1175 0.7315 1.4455 0.6061 0.5813 1.9985 0.4021 0.4336 0.4835 0.4967
1.1197 0.7357 1.4453 0.6035 0.5787 1.9959 0.4037 0.4337 0.4838 0.4958
1.1151 0.7341 1.4455 0.6025 0.5778 1.9899 0.3981 0.4269 0.4794 0.4910
1.1227 0.7305 1.4499 0.6025 0.5754 1.9839 0.4058 0.4366 0.4850 0.4965
1.1163 0.7359 1.4434 0.6053 0.5812 2.0082 0.4007 0.4321 0.4822 0.4957
1.1137 0.7398 1.4512 0.6006 0.5748 1.9891 0.4037 0.4347 0.4829 0.4950
1.1185 0.7347 1.4499 0.6031 0.5769 2.0070 0.4021 0.4352 0.4825 0.4961
1.1256 0.7290 1.4481 0.6017 0.5748 2.0025 0.4004 0.4323 0.4808 0.4935
1.1198 0.7336 1.4537 0.5994 0.5723 1.9892 0.4035 0.4351 0.4823 0.4944
1.1196 0.7300 1.4506 0.6027 0.5772 2.0003 0.4014 0.4317 0.4819 0.4939
1.1286 0.7281 1.4508 0.6006 0.5748 1.9893 0.4028 0.4367 0.4822 0.4963
1.1156 0.7351 1.4497 0.6023 0.5771 1.9965 0.4046 0.4351 0.4840 0.4962
1.1164 0.7349 1.4510 0.6006 0.5756 2.0037 0.4028 0.4385 0.4822 0.4978
1.1275 0.7308 1.4481 0.6025 0.5783 1.9973 0.4056 0.4351 0.4848 0.4966
1.1272 0.7339 1.4512 0.6000 0.5758 1.9988 0.3991 0.4324 0.4794 0.4939
1.1216 0.7342 1.4490 0.6023 0.5779 2.0076 0.3996 0.4309 0.4805 0.4937
1.1150 0.7309 1.4512 0.5984 0.5736 2.0036 0.4046 0.4358 0.4828 0.4953
1.1257 0.7270 1.4483 0.6037 0.5797 2.0123 0.4026 0.4348 0.4831 0.4969
1.1100 0.7348 1.4536 0.5994 0.5752 2.0006 0.4025 0.4362 0.4816 0.4961
1.1213 0.7312 1.4564 0.5990 0.5761 2.0010 0.4005 0.4301 0.4801 0.4925
1.1286 0.7329 1.4559 0.6000 0.5759 1.9912 0.4042 0.4333 0.4830 0.4946
1.1228 0.7297 1.4525 0.5998 0.5759 2.0066 0.4033 0.4362 0.4823 0.4964
1.1193 0.7324 1.4565 0.5968 0.5732 1.9968 0.4060 0.4371 0.4832 0.4960
1.1139 0.7349 1.4597 0.5942 0.5709 2.0033 0.4030 0.4367 0.4803 0.4949
