3.6625 0.1024 3.6240 0.0472 0.0476 3.0629 0.2281 0.2536 0.0782 0.0802
3.0506 0.2414 2.9552 0.2860 0.2597 2.7154 0.2850 0.3095 0.2855 0.2824
2.4479 0.4247 2.2361 0.4895 0.4575 2.5031 0.2837 0.2917 0.3592 0.3562
1.9494 0.5554 1.6665 0.6275 0.5967 2.3951 0.2705 0.2882 0.3781 0.3887
1.5818 0.6508 1.3412 0.7079 0.6902 2.3005 0.2749 0.2819 0.3961 0.4003
1.3581 0.7106 1.1315 0.7634 0.7458 2.3164 0.2324 0.2327 0.3563 0.3548
1.2441 0.7482 1.0384 0.7826 0.7667 2.2655 0.2413 0.2372 0.3689 0.3623
1.1590 0.7702 0.9724 0.8044 0.7906 2.2959 0.2185 0.2289 0.3436 0.3550
1.1063 0.7909 0.9354 0.8177 0.8076 2.2843 0.2204 0.2257 0.3472 0.3528
1.0803 0.7982 0.9161 0.8235 0.8117 2.2609 0.2271 0.2366 0.3560 0.3664
1.0554 0.8051 0.8921 0.8284 0.8186 2.2035 0.2493 0.2411 0.3832 0.3725
1.0231 0.8162 0.8819 0.8358 0.8254 2.2353 0.2281 0.2271 0.3584 0.3561
1.0307 0.8124 0.8558 0.8411 0.8300 2.2966 0.2128 0.2109 0.3397 0.3364
1.0123 0.8140 0.8691 0.8370 0.8244 2.2888 0.2146 0.2244 0.3416 0.3528
1.0098 0.8155 0.8731 0.8330 0.8217 2.2042 0.2336 0.2329 0.3649 0.3630
1.0088 0.8190 0.8701 0.8346 0.8217 2.2359 0.2396 0.2407 0.3723 0.3724
1.0016 0.8228 0.8555 0.8447 0.8310 2.2818 0.2201 0.2257 0.3491 0.3550
1.0018 0.8258 0.8879 0.8251 0.8115 2.1951 0.2588 0.2620 0.3940 0.3961
0.9991 0.8197 0.8778 0.8358 0.8252 2.1727 0.2566 0.2511 0.3927 0.3850
0.9979 0.8246 0.8983 0.8179 0.8069 2.1697 0.2631 0.2727 0.3982 0.4076
1.0075 0.8171 0.8712 0.8437 0.8353 2.2676 0.2267 0.2228 0.3574 0.3517
1.0217 0.8192 0.8861 0.8346 0.8207 2.2674 0.2375 0.2445 0.3697 0.3767
1.0233 0.8216 0.9005 0.8314 0.8167 2.1982 0.2498 0.2544 0.3841 0.3879
1.0193 0.8194 0.9086 0.8276 0.8143 2.1925 0.2503 0.2534 0.3844 0.3865
1.0276 0.8134 0.9129 0.8253 0.8084 2.2290 0.2524 0.2541 0.3866 0.3866
1.0201 0.8179 0.9270 0.8288 0.8165 2.1808 0.2559 0.2544 0.3911 0.3879
1.0257 0.8212 0.9241 0.8239 0.8113 2.1705 0.2556 0.2552 0.3901 0.3882
1.0376 0.8204 0.9273 0.8255 0.8110 2.2396 0.2426 0.2447 0.3750 0.3760
1.0323 0.8193 0.9293 0.8247 0.8107 2.2484 0.2477 0.2534 0.3809 0.3861
1.0419 0.8154 0.9439 0.8227 0.8108 2.2087 0.2529 0.2475 0.3869 0.3792
1.0380 0.8175 0.9522 0.8152 0.8045 2.1875 0.2568 0.2576 0.3906 0.3902
1.0447 0.8143 0.9479 0.8205 0.8061 2.2343 0.2568 0.2581 0.3912 0.3910
1.0464 0.8104 0.9556 0.8179 0.8049 2.2293 0.2602 0.2620 0.3947 0.3953
1.0502 0.8120 0.9642 0.8128 0.7990 2.2421 0.2538 0.2556 0.3868 0.3873
1.0526 0.8117 0.9690 0.8144 0.8009 2.2177 0.2573 0.2611 0.3911 0.3938
1.0584 0.8074 0.9709 0.8195 0.8037 2.2243 0.2589 0.2633 0.3935 0.3967
1.0554 0.8030 0.9808 0.8092 0.7952 2.2125 0.2586 0.2656 0.3919 0.3982
1.0564 0.8033 0.9677 0.8154 0.8006 2.2252 0.2556 0.2468 0.3892 0.3772
1.0621 0.8078 0.9848 0.8116 0.7961 2.2415 0.2646 0.2674 0.3990 0.4004
1.0658 0.8033 0.9929 0.8033 0.7882 2.2096 0.2626 0.2742 0.3958 0.4068
1.0572 0.8058 0.9977 0.8046 0.7914 2.2631 0.2547 0.2521 0.3869 0.3824
1.0661 0.8050 1.0021 0.8027 0.7887 2.2273 0.2646 0.2747 0.3980 0.4074
1.0692 0.8045 0.9993 0.8040 0.7918 2.2444 0.2586 0.2650 0.3913 0.3971
1.0698 0.8043 1.0098 0.7961 0.7792 2.2706 0.2563 0.2693 0.3877 0.4002
1.0781 0.7964 1.0042 0.8046 0.7890 2.2621 0.2623 0.2647 0.3956 0.3963
1.0667 0.8037 1.0139 0.7949 0.7808 2.2480 0.2580 0.2576 0.3896 0.3874
1.0712 0.8016 1.0111 0.7939 0.7790 2.2571 0.2639 0.2761 0.3961 0.4077
1.0732 0.8013 1.0097 0.8003 0.7814 2.2679 0.2521 0.2611 0.3834 0.3914
1.0736 0.7985 1.0132 0.7965 0.7787 2.2589 0.2540 0.2567 0.3852 0.3861
1.0755 0.8007 1.0284 0.7858 0.7696 2.2191 0.2624 0.2676 0.3935 0.3971
1.0798 0.7941 1.0280 0.7822 0.7654 2.2440 0.2709 0.2804 0.4024 0.4104
1.0779 0.7923 1.0205 0.7961 0.7777 2.2809 0.2681 0.2702 0.4011 0.4011
1.0843 0.7912 1.0297 0.7919 0.7750 2.2575 0.2637 0.2777 0.3956 0.4089
1.0885 0.7900 1.0247 0.7896 0.7686 2.3085 0.2675 0.2765 0.3997 0.4067
1.0857 0.7987 1.0241 0.7890 0.7728 2.2915 0.2667 0.2747 0.3986 0.4053
1.0889 0.7921 1.0262 0.7941 0.7794 2.2976 0.2494 0.2609 0.3796 0.3909
1.0850 0.7906 1.0325 0.7900 0.7711 2.2757 0.2640 0.2688 0.3958 0.3987
1.0859 0.7910 1.0331 0.7908 0.7772 2.2518 0.2635 0.2661 0.3953 0.3965
1.0946 0.7881 1.0661 0.7713 0.7624 2.2109 0.2760 0.2803 0.4065 0.4099
1.0912 0.7870 1.0358 0.7840 0.7669 2.2674 0.2549 0.2584 0.3847 0.3866
1.0798 0.7904 1.0376 0.7834 0.7657 2.2806 0.2621 0.2685 0.3928 0.3975
1.0998 0.7800 1.0401 0.7882 0.7732 2.2658 0.2686 0.2762 0.4007 0.4071
1.0773 0.7944 1.0406 0.7854 0.7698 2.2652 0.2684 0.2738 0.4001 0.4040
1.0803 0.7927 1.0412 0.7812 0.7665 2.2605 0.2660 0.2712 0.3968 0.4006
1.0796 0.7907 1.0387 0.7844 0.7692 2.2784 0.2630 0.2689 0.3939 0.3985
1.0883 0.7962 1.0388 0.7878 0.7728 2.2569 0.2679 0.2719 0.3998 0.4023
1.0799 0.7985 1.0414 0.7842 0.7695 2.2601 0.2705 0.2730 0.4023 0.4030
1.0798 0.7914 1.0431 0.7826 0.7690 2.2752 0.2690 0.2729 0.4003 0.4028
1.0840 0.7923 1.0380 0.7854 0.7713 2.2748 0.2644 0.2674 0.3956 0.3971
1.0990 0.7900 1.0414 0.7832 0.7698 2.2640 0.2656 0.2719 0.3967 0.4019
1.0864 0.7940 1.0372 0.7870 0.7726 2.2741 0.2656 0.2711 0.3972 0.4014
1.0856 0.7929 1.0403 0.7868 0.7732 2.2616 0.2621 0.2677 0.3932 0.3978
1.0785 0.7955 1.0386 0.7836 0.7687 2.2705 0.2647 0.2719 0.3958 0.4017
1.0869 0.7888 1.0385 0.7882 0.7734 2.2612 0.2617 0.2674 0.3930 0.3974
1.0825 0.7914 1.0418 0.7880 0.7754 2.2698 0.2591 0.2667 0.3900 0.3968
1.0820 0.7958 1.0411 0.7868 0.7731 2.2673 0.2658 0.2700 0.3973 0.4002
1.0914 0.7874 1.0412 0.7836 0.7707 2.2638 0.2651 0.2715 0.3962 0.4016
1.0813 0.7939 1.0411 0.7838 0.7707 2.2693 0.2621 0.2689 0.3928 0.3987
1.0877 0.7922 1.0389 0.7824 0.7694 2.2614 0.2619 0.2716 0.3925 0.4014
1.0909 0.7904 1.0382 0.7842 0.7693 2.2704 0.2616 0.2671 0.3923 0.3966
1.0896 0.7908 1.0397 0.7856 0.7712 2.2776 0.2605 0.2646 0.3913 0.3940
1.0813 0.7942 1.0402 0.7840 0.7705 2.2626 0.2653 0.2710 0.3964 0.4010
1.0908 0.7882 1.0412 0.7828 0.7689 2.2754 0.2586 0.2647 0.3887 0.3938
1.0896 0.7883 1.0400 0.7834 0.7685 2.2809 0.2565 0.2625 0.3864 0.3914
1.0800 0.7940 1.0416 0.7808 0.7670 2.2811 0.2603 0.2672 0.3905 0.3963
1.0828 0.7890 1.0414 0.7820 0.7678 2.2817 0.2591 0.2667 0.3892 0.3959
1.0801 0.7930 1.0417 0.7842 0.7699 2.2757 0.2580 0.2644 0.3883 0.3936
1.0826 0.7950 1.0420 0.7826 0.7695 2.2699 0.2593 0.2665 0.3895 0.3959
1.0861 0.7894 1.0434 0.7822 0.7697 2.2608 0.2616 0.2676 0.3920 0.3971
1.0851 0.7872 1.0411 0.7838 0.7699 2.2795 0.2596 0.2651 0.3901 0.3944
1.0910 0.7865 1.0469 0.7804 0.7673 2.2660 0.2621 0.2684 0.3924 0.3977
1.0872 0.7895 1.0406 0.7834 0.7693 2.2674 0.2621 0.2682 0.3928 0.3977
1.0860 0.7910 1.0396 0.7834 0.7685 2.2796 0.2586 0.2677 0.3888 0.3971
1.0789 0.7961 1.0435 0.7822 0.7665 2.2779 0.2637 0.2703 0.3944 0.3997
1.0877 0.7870 1.0421 0.7818 0.7662 2.2714 0.2609 0.2670 0.3912 0.3960
1.0856 0.7936 1.0431 0.7824 0.7667 2.2719 0.2589 0.2645 0.3891 0.3934
1.0792 0.7910 1.0440 0.7793 0.7637 2.2855 0.2565 0.2652 0.3859 0.3937
1.0791 0.7954 1.0432 0.7836 0.7692 2.2759 0.2690 0.2750 0.4005 0.4052
1.0810 0.7910 1.0422 0.7820 0.7665 2.2606 0.2568 0.2602 0.3866 0.3886
1.0842 0.7907 1.0421 0.7812 0.7653 2.2666 0.2654 0.2734 0.3962 0.4029
