3.5716 0.1381 4.0826 0.0014 0.0019 2.5171 0.3293 0.3019 0.0028 0.0037
2.8774 0.3175 3.6738 0.0349 0.0327 1.9881 0.4978 0.4871 0.0652 0.0613
2.4087 0.4273 3.0961 0.1837 0.1604 1.7312 0.5629 0.5608 0.2770 0.2495
2.0531 0.5171 2.5373 0.3366 0.2914 1.6870 0.5710 0.5699 0.4235 0.3856
1.7863 0.5741 2.0821 0.4344 0.3776 1.6466 0.5933 0.5839 0.5016 0.4586
1.5717 0.6285 1.7982 0.4863 0.4378 1.6373 0.5991 0.5922 0.5368 0.5034
1.4301 0.6519 1.5935 0.5456 0.4997 1.6342 0.5866 0.5637 0.5654 0.5298
1.3197 0.6853 1.4632 0.5859 0.5383 1.6437 0.5678 0.5464 0.5767 0.5423
1.2417 0.7126 1.3531 0.6226 0.5831 1.6715 0.5398 0.5125 0.5783 0.5455
1.1887 0.7236 1.3215 0.6206 0.5856 1.6475 0.5310 0.5157 0.5723 0.5484
1.1442 0.7376 1.2785 0.6355 0.6025 1.7052 0.5036 0.4912 0.5619 0.5412
1.1326 0.7418 1.2284 0.6668 0.6383 1.7290 0.4869 0.4693 0.5628 0.5409
1.1136 0.7440 1.2194 0.6700 0.6469 1.7158 0.4931 0.4631 0.5681 0.5398
1.0903 0.7490 1.2155 0.6662 0.6433 1.7311 0.4843 0.4627 0.5608 0.5382
1.0753 0.7543 1.1840 0.6878 0.6607 1.6902 0.5080 0.4794 0.5844 0.5556
1.0608 0.7623 1.1817 0.6860 0.6530 1.6955 0.4902 0.4711 0.5718 0.5473
1.0396 0.7676 1.2019 0.6749 0.6467 1.7027 0.4841 0.4673 0.5638 0.5426
1.0638 0.7592 1.2052 0.6817 0.6545 1.6949 0.4952 0.4695 0.5737 0.5468
1.0542 0.7636 1.2066 0.6712 0.6469 1.7218 0.4959 0.4771 0.5704 0.5492
1.0469 0.7683 1.1904 0.6886 0.6553 1.7079 0.5013 0.4846 0.5802 0.5572
1.0471 0.7631 1.2053 0.6833 0.6573 1.6919 0.4983 0.4897 0.5764 0.5613
1.0483 0.7628 1.2143 0.6864 0.6610 1.6848 0.5047 0.4809 0.5817 0.5568
1.0606 0.7582 1.2126 0.6835 0.6533 1.7071 0.4925 0.4799 0.5725 0.5533
1.0599 0.7612 1.2347 0.6702 0.6404 1.6644 0.5221 0.5013 0.5869 0.5623
1.0570 0.7619 1.2307 0.6755 0.6458 1.6794 0.5208 0.5014 0.5882 0.5645
1.0517 0.7642 1.2465 0.6605 0.6316 1.7011 0.5075 0.4881 0.5740 0.5507
1.0616 0.7613 1.2536 0.6618 0.6294 1.7023 0.4934 0.4798 0.5653 0.5445
1.0661 0.7589 1.2653 0.6642 0.6368 1.7040 0.4966 0.4955 0.5683 0.5573
1.0566 0.7633 1.2702 0.6666 0.6378 1.7191 0.4772 0.4712 0.5562 0.5420
1.0757 0.7604 1.2648 0.6803 0.6526 1.7403 0.4631 0.4670 0.5511 0.5444
1.0727 0.7620 1.2853 0.6626 0.6341 1.7438 0.4631 0.4613 0.5452 0.5341
1.0742 0.7549 1.2826 0.6672 0.6354 1.7290 0.4823 0.4657 0.5599 0.5374
1.0729 0.7572 1.3108 0.6539 0.6236 1.7503 0.4658 0.4620 0.5440 0.5308
1.0860 0.7500 1.3211 0.6460 0.6197 1.7448 0.4705 0.4680 0.5445 0.5333
1.0861 0.7567 1.3083 0.6561 0.6251 1.7472 0.4668 0.4697 0.5455 0.5364
1.0777 0.7546 1.3190 0.6521 0.6208 1.7208 0.4702 0.4664 0.5464 0.5326
1.0905 0.7472 1.3276 0.6460 0.6133 1.7562 0.4776 0.4699 0.5492 0.5321
1.0868 0.7459 1.3386 0.6432 0.6145 1.7255 0.4813 0.4770 0.5506 0.5371
1.0917 0.7510 1.3506 0.6382 0.6071 1.7199 0.4978 0.4896 0.5593 0.5421
1.0955 0.7453 1.3552 0.6416 0.6138 1.7509 0.4547 0.4601 0.5322 0.5260
1.0979 0.7422 1.3644 0.6303 0.5996 1.7494 0.4804 0.4819 0.5452 0.5344
1.1020 0.7441 1.3605 0.6386 0.6095 1.7910 0.4756 0.4713 0.5452 0.5316
1.0943 0.7435 1.3671 0.6386 0.6070 1.7445 0.4709 0.4655 0.5421 0.5269
1.0907 0.7465 1.3675 0.6309 0.5952 1.7436 0.4663 0.4760 0.5363 0.5289
1.0945 0.7472 1.3891 0.6253 0.5946 1.7452 0.4677 0.4693 0.5351 0.5246
1.0986 0.7422 1.3853 0.6307 0.5942 1.7704 0.4461 0.4650 0.5226 0.5217
1.0972 0.7428 1.3913 0.6206 0.5883 1.7805 0.4524 0.4603 0.5233 0.5165
1.1006 0.7403 1.4329 0.6107 0.5827 1.7247 0.4887 0.4881 0.5429 0.5312
1.1112 0.7379 1.4010 0.6283 0.6000 1.7594 0.4677 0.4709 0.5362 0.5277
1.1118 0.7398 1.4013 0.6238 0.5933 1.7872 0.4651 0.4720 0.5329 0.5257
1.1143 0.7369 1.4126 0.6222 0.5921 1.7981 0.4575 0.4626 0.5273 0.5194
1.1060 0.7420 1.4119 0.6202 0.5877 1.7890 0.4454 0.4640 0.5185 0.5186
1.1185 0.7326 1.4228 0.6166 0.5846 1.7855 0.4482 0.4668 0.5191 0.5191
1.1165 0.7356 1.4086 0.6263 0.5941 1.7912 0.4670 0.4685 0.5350 0.5239
1.1112 0.7358 1.4347 0.6101 0.5816 1.8095 0.4602 0.4630 0.5246 0.5156
1.1236 0.7323 1.4246 0.6093 0.5830 1.8249 0.4566 0.4669 0.5220 0.5185
1.1172 0.7378 1.4269 0.6113 0.5798 1.8045 0.4401 0.4581 0.5118 0.5118
1.1202 0.7287 1.4317 0.6162 0.5877 1.8141 0.4331 0.4485 0.5086 0.5088
1.1134 0.7381 1.4491 0.6037 0.5760 1.7992 0.4679 0.4692 0.5272 0.5171
1.1229 0.7336 1.4477 0.6021 0.5746 1.8173 0.4677 0.4733 0.5265 0.5190
1.1212 0.7329 1.4415 0.6081 0.5800 1.8077 0.4415 0.4610 0.5116 0.5137
1.1054 0.7365 1.4466 0.6077 0.5792 1.7985 0.4538 0.4666 0.5196 0.5169
1.1171 0.7359 1.4393 0.6109 0.5830 1.8213 0.4491 0.4619 0.5176 0.5154
1.1136 0.7368 1.4388 0.6115 0.5823 1.8102 0.4485 0.4638 0.5175 0.5163
1.1069 0.7423 1.4427 0.6083 0.5787 1.8164 0.4473 0.4609 0.5155 0.5131
1.1196 0.7329 1.4374 0.6119 0.5822 1.8214 0.4468 0.4639 0.5165 0.5164
1.1149 0.7345 1.4370 0.6146 0.5849 1.8206 0.4415 0.4590 0.5139 0.5144
1.1177 0.7342 1.4451 0.6067 0.5776 1.8033 0.4485 0.4614 0.5158 0.5130
1.1094 0.7378 1.4430 0.6099 0.5808 1.8062 0.4470 0.4632 0.5159 0.5154
1.1063 0.7433 1.4480 0.6047 0.5767 1.8061 0.4519 0.4647 0.5172 0.5147
1.1172 0.7272 1.4441 0.6093 0.5821 1.8069 0.4535 0.4648 0.5200 0.5169
1.1173 0.7385 1.4421 0.6101 0.5815 1.8219 0.4480 0.4624 0.5167 0.5152
1.1114 0.7329 1.4425 0.6109 0.5823 1.8208 0.4420 0.4590 0.5129 0.5134
1.1166 0.7307 1.4435 0.6087 0.5800 1.8082 0.4494 0.4633 0.5171 0.5151
1.1159 0.7318 1.4370 0.6127 0.5834 1.8090 0.4501 0.4601 0.5190 0.5145
1.1101 0.7417 1.4394 0.6115 0.5822 1.8306 0.4389 0.4557 0.5110 0.5113
1.1193 0.7314 1.4433 0.6119 0.5826 1.8122 0.4493 0.4606 0.5181 0.5145
1.1146 0.7399 1.4438 0.6091 0.5804 1.8212 0.4477 0.4582 0.5161 0.5121
1.1167 0.7336 1.4415 0.6105 0.5807 1.8097 0.4454 0.4589 0.5150 0.5126
1.1184 0.7331 1.4417 0.6093 0.5806 1.8155 0.4420 0.4581 0.5124 0.5121
1.1126 0.7372 1.4422 0.6083 0.5789 1.8231 0.4463 0.4630 0.5148 0.5145
1.1125 0.7391 1.4433 0.6101 0.5816 1.8137 0.4403 0.4583 0.5115 0.5126
1.1209 0.7333 1.4440 0.6059 0.5785 1.8069 0.4454 0.4579 0.5134 0.5112
1.1188 0.7351 1.4406 0.6099 0.5819 1.8269 0.4383 0.4539 0.5101 0.5100
1.1212 0.7346 1.4469 0.6083 0.5798 1.8124 0.4485 0.4621 0.5164 0.5143
1.1096 0.7409 1.4490 0.6075 0.5772 1.8198 0.4396 0.4580 0.5101 0.5107
1.1082 0.7377 1.4502 0.6067 0.5784 1.8065 0.4500 0.4633 0.5167 0.5145
1.1123 0.7420 1.4474 0.6063 0.5778 1.8254 0.4420 0.4566 0.5113 0.5101
1.1182 0.7389 1.4421 0.6089 0.5805 1.8405 0.4403 0.4580 0.5110 0.5120
1.1193 0.7348 1.4437 0.6115 0.5828 1.8100 0.4447 0.4586 0.5149 0.5133
1.1157 0.7337 1.4472 0.6053 0.5788 1.8278 0.4410 0.4578 0.5102 0.5112
1.1106 0.7361 1.4463 0.6071 0.5785 1.8130 0.4440 0.4610 0.5129 0.5131
1.1209 0.7355 1.4440 0.6067 0.5778 1.8290 0.4422 0.4577 0.5116 0.5108
1.1168 0.7407 1.4435 0.6099 0.5811 1.8300 0.4452 0.4599 0.5147 0.5134
1.1109 0.7358 1.4501 0.6035 0.5749 1.8269 0.4389 0.4549 0.5082 0.5079
1.1073 0.7382 1.4502 0.6033 0.5753 1.8157 0.4477 0.4615 0.5139 0.5122
1.1201 0.7329 1.4424 0.6077 0.5788 1.8355 0.4394 0.4569 0.5100 0.5106
1.1151 0.7348 1.4526 0.6033 0.5754 1.8279 0.4405 0.4589 0.5092 0.5106
1.1136 0.7329 1.4459 0.6101 0.5825 1.8308 0.4382 0.4569 0.5100 0.5121
1.1081 0.7384 1.4530 0.6017 0.5738 1.8202 0.4468 0.4601 0.5128 0.5107
