3.6528 0.1224 3.7407 0.0639 0.0559 3.0610 0.2281 0.2532 0.0999 0.0915
3.0109 0.2972 3.2055 0.1789 0.1608 2.5477 0.3332 0.3370 0.2328 0.2177
2.4737 0.4115 2.6158 0.3255 0.2957 2.2600 0.3543 0.3662 0.3393 0.3272
2.0260 0.5210 2.0535 0.4825 0.4349 2.1407 0.3636 0.3742 0.4147 0.4023
1.6923 0.6023 1.6472 0.5984 0.5545 2.0759 0.3525 0.3355 0.4437 0.4181
1.4787 0.6632 1.3981 0.6605 0.6267 2.0840 0.3465 0.3392 0.4546 0.4402
1.3320 0.6996 1.2578 0.7027 0.6677 2.0611 0.3291 0.3239 0.4483 0.4362
1.2438 0.7216 1.1472 0.7336 0.6997 2.0997 0.3328 0.3328 0.4579 0.4510
1.1714 0.7511 1.0920 0.7428 0.7081 2.0870 0.3145 0.3256 0.4419 0.4461
1.1290 0.7645 1.0532 0.7551 0.7253 2.0216 0.3384 0.3386 0.4674 0.4617
1.0931 0.7725 1.0236 0.7683 0.7430 1.9778 0.3423 0.3344 0.4736 0.4613
1.0741 0.7790 0.9873 0.7816 0.7562 2.0195 0.3142 0.2971 0.4482 0.4265
1.0504 0.7836 1.0016 0.7753 0.7532 2.0221 0.3259 0.3304 0.4589 0.4593
1.0369 0.7881 0.9825 0.7787 0.7555 2.0711 0.3080 0.3093 0.4414 0.4389
1.0419 0.7884 0.9729 0.7902 0.7690 2.0122 0.3240 0.3241 0.4596 0.4561
1.0246 0.7955 0.9841 0.7854 0.7616 2.0030 0.3252 0.3253 0.4600 0.4558
1.0218 0.7958 0.9973 0.7749 0.7552 2.0111 0.3340 0.3333 0.4668 0.4625
1.0239 0.7915 0.9928 0.7804 0.7626 2.0017 0.3303 0.3111 0.4642 0.4419
1.0222 0.7922 1.0070 0.7747 0.7501 1.9947 0.3493 0.3578 0.4815 0.4845
1.0157 0.7941 1.0250 0.7590 0.7351 1.9656 0.3529 0.3630 0.4817 0.4860
1.0203 0.7933 1.0179 0.7715 0.7515 2.0326 0.3442 0.3430 0.4761 0.4710
1.0314 0.7869 1.0112 0.7739 0.7488 2.0069 0.3339 0.3322 0.4665 0.4602
1.0299 0.7930 1.0103 0.7804 0.7547 2.0036 0.3414 0.3342 0.4750 0.4633
1.0329 0.7977 1.0245 0.7723 0.7498 2.0371 0.3339 0.3445 0.4662 0.4721
1.0226 0.7971 1.0239 0.7783 0.7572 2.0027 0.3555 0.3547 0.4881 0.4831
1.0352 0.7923 1.0244 0.7757 0.7512 2.0199 0.3344 0.3337 0.4673 0.4621
1.0325 0.7930 1.0327 0.7763 0.7516 1.9877 0.3444 0.3496 0.4771 0.4772
1.0458 0.7921 1.0502 0.7743 0.7529 1.9765 0.3509 0.3584 0.4830 0.4856
1.0528 0.7903 1.0468 0.7723 0.7458 2.0058 0.3310 0.3288 0.4634 0.4563
1.0532 0.7876 1.0511 0.7656 0.7414 2.0271 0.3395 0.3545 0.4704 0.4797
1.0565 0.7854 1.0621 0.7664 0.7388 2.0036 0.3490 0.3686 0.4796 0.4918
1.0514 0.7932 1.0816 0.7572 0.7340 2.0029 0.3555 0.3662 0.4838 0.4886
1.0583 0.7821 1.0940 0.7580 0.7356 1.9799 0.3576 0.3627 0.4859 0.4859
1.0563 0.7860 1.1030 0.7453 0.7177 1.9554 0.3558 0.3599 0.4817 0.4794
1.0665 0.7841 1.1031 0.7491 0.7245 2.0045 0.3483 0.3577 0.4755 0.4790
1.0750 0.7793 1.1053 0.7499 0.7261 2.0242 0.3428 0.3524 0.4705 0.4745
1.0737 0.7773 1.1208 0.7505 0.7277 2.0041 0.3576 0.3744 0.4844 0.4944
1.0830 0.7736 1.1145 0.7545 0.7324 2.0170 0.3474 0.3535 0.4758 0.4768
1.0804 0.7786 1.1252 0.7426 0.7140 1.9888 0.3464 0.3542 0.4724 0.4735
1.0853 0.7711 1.1315 0.7463 0.7219 1.9767 0.3669 0.3763 0.4920 0.4947
1.0762 0.7765 1.1218 0.7463 0.7191 1.9798 0.3467 0.3512 0.4734 0.4719
1.0803 0.7795 1.1363 0.7477 0.7255 1.9895 0.3597 0.3710 0.4857 0.4909
1.0775 0.7748 1.1538 0.7382 0.7182 1.9642 0.3680 0.3829 0.4911 0.4995
1.0778 0.7805 1.1593 0.7322 0.7126 1.9921 0.3624 0.3740 0.4848 0.4905
1.0817 0.7752 1.1603 0.7299 0.7108 2.0157 0.3587 0.3688 0.4810 0.4857
1.0901 0.7749 1.1533 0.7358 0.7134 2.0224 0.3456 0.3564 0.4703 0.4753
1.0832 0.7728 1.1537 0.7338 0.7057 1.9970 0.3697 0.3883 0.4917 0.5010
1.0884 0.7714 1.1736 0.7249 0.7051 1.9948 0.3690 0.3849 0.4891 0.4980
1.0913 0.7724 1.1752 0.7243 0.7010 2.0203 0.3537 0.3717 0.4753 0.4858
1.0952 0.7721 1.1643 0.7317 0.7062 2.0335 0.3555 0.3787 0.4785 0.4930
1.1000 0.7715 1.1620 0.7352 0.7120 2.0288 0.3625 0.3793 0.4856 0.4950
1.0964 0.7737 1.1902 0.7152 0.6944 2.0216 0.3662 0.3903 0.4844 0.4997
1.0965 0.7692 1.1918 0.7207 0.7045 1.9998 0.3479 0.3499 0.4693 0.4676
1.1074 0.7607 1.1721 0.7305 0.7062 2.0292 0.3479 0.3637 0.4714 0.4802
1.1100 0.7614 1.1918 0.7221 0.6996 2.0089 0.3727 0.3941 0.4917 0.5041
1.1054 0.7664 1.1926 0.7176 0.6941 1.9971 0.3724 0.3874 0.4903 0.4972
1.1080 0.7594 1.2114 0.7116 0.6892 1.9783 0.3609 0.3714 0.4790 0.4827
1.1105 0.7633 1.1964 0.7223 0.7005 2.0307 0.3567 0.3695 0.4776 0.4838
1.1098 0.7664 1.1965 0.7178 0.6971 2.0463 0.3689 0.3892 0.4873 0.4996
1.1064 0.7570 1.2014 0.7150 0.6894 2.0389 0.3668 0.3823 0.4848 0.4918
1.1106 0.7630 1.2026 0.7140 0.6917 2.0218 0.3682 0.3850 0.4858 0.4947
1.1058 0.7664 1.1953 0.7174 0.6930 2.0330 0.3664 0.3842 0.4851 0.4943
1.1033 0.7683 1.1990 0.7144 0.6905 2.0296 0.3645 0.3834 0.4827 0.4931
1.1030 0.7697 1.2012 0.7162 0.6942 2.0251 0.3624 0.3809 0.4812 0.4919
1.0958 0.7720 1.2023 0.7136 0.6917 2.0330 0.3682 0.3888 0.4857 0.4978
1.1035 0.7680 1.2042 0.7128 0.6898 2.0245 0.3680 0.3850 0.4854 0.4942
1.1013 0.7693 1.1994 0.7160 0.6910 2.0388 0.3611 0.3783 0.4801 0.4890
1.1019 0.7655 1.1996 0.7164 0.6927 2.0272 0.3659 0.3838 0.4844 0.4939
1.1033 0.7721 1.2026 0.7156 0.6916 2.0350 0.3664 0.3844 0.4847 0.4941
1.1034 0.7671 1.2005 0.7140 0.6900 2.0413 0.3653 0.3836 0.4834 0.4931
1.1035 0.7689 1.2005 0.7142 0.6923 2.0365 0.3706 0.3895 0.4880 0.4985
1.1030 0.7653 1.1995 0.7178 0.6960 2.0442 0.3609 0.3794 0.4804 0.4911
1.1015 0.7680 1.2015 0.7134 0.6912 2.0416 0.3606 0.3795 0.4791 0.4900
1.1088 0.7691 1.1993 0.7128 0.6902 2.0488 0.3571 0.3764 0.4758 0.4872
1.1034 0.7679 1.2004 0.7152 0.6926 2.0393 0.3675 0.3872 0.4855 0.4967
1.1095 0.7668 1.2007 0.7154 0.6937 2.0437 0.3588 0.3780 0.4779 0.4893
1.0972 0.7685 1.2024 0.7138 0.6914 2.0319 0.3636 0.3818 0.4818 0.4919
1.1050 0.7677 1.2062 0.7118 0.6886 2.0319 0.3617 0.3770 0.4796 0.4873
1.1067 0.7644 1.2019 0.7142 0.6908 2.0314 0.3639 0.3811 0.4822 0.4912
1.1037 0.7679 1.2040 0.7108 0.6888 2.0355 0.3632 0.3844 0.4808 0.4935
1.1111 0.7681 1.1989 0.7146 0.6917 2.0440 0.3609 0.3786 0.4796 0.4893
1.1057 0.7643 1.2030 0.7142 0.6912 2.0378 0.3624 0.3821 0.4808 0.4922
1.0979 0.7721 1.2001 0.7144 0.6907 2.0437 0.3601 0.3766 0.4788 0.4875
1.0992 0.7709 1.2034 0.7126 0.6895 2.0412 0.3599 0.3792 0.4782 0.4893
1.1030 0.7659 1.2087 0.7090 0.6874 2.0414 0.3594 0.3797 0.4770 0.4892
1.1032 0.7724 1.2080 0.7081 0.6875 2.0381 0.3632 0.3797 0.4802 0.4892
1.1065 0.7638 1.2064 0.7122 0.6932 2.0347 0.3645 0.3820 0.4822 0.4925
1.1067 0.7655 1.2061 0.7104 0.6903 2.0560 0.3641 0.3817 0.4815 0.4916
1.1083 0.7634 1.2077 0.7100 0.6886 2.0379 0.3657 0.3852 0.4827 0.4940
1.1117 0.7638 1.2048 0.7152 0.6947 2.0399 0.3590 0.3771 0.4781 0.4888
1.1077 0.7631 1.2035 0.7164 0.6948 2.0279 0.3639 0.3826 0.4827 0.4934
1.1003 0.7700 1.2058 0.7132 0.6909 2.0437 0.3599 0.3790 0.4784 0.4895
1.1075 0.7650 1.2027 0.7134 0.6917 2.0503 0.3659 0.3860 0.4837 0.4955
1.1053 0.7685 1.2074 0.7118 0.6911 2.0477 0.3567 0.3778 0.4753 0.4885
1.1046 0.7679 1.2085 0.7110 0.6897 2.0374 0.3639 0.3816 0.4814 0.4914
1.1030 0.7656 1.2085 0.7122 0.6905 2.0386 0.3587 0.3770 0.4771 0.4877
1.0999 0.7634 1.2076 0.7114 0.6920 2.0563 0.3629 0.3848 0.4806 0.4946
1.1023 0.7675 1.2092 0.7090 0.6889 2.0471 0.3624 0.3848 0.4796 0.4938
1.1059 0.7637 1.2057 0.7118 0.6901 2.0600 0.3558 0.3727 0.4745 0.4841
1.1052 0.7665 1.2061 0.7126 0.6909 2.0491 0.3602 0.3793 0.4786 0.4897
