3.7025 0.1044 3.5478 0.1152 0.1115 3.2429 0.2199 0.1841 0.1512 0.1389
3.1319 0.2472 3.0027 0.2979 0.2820 2.7030 0.2922 0.2598 0.2950 0.2705
2.5523 0.4064 2.4099 0.4102 0.4044 2.3896 0.3310 0.3103 0.3664 0.3512
2.0387 0.5375 1.8696 0.5339 0.5332 2.2265 0.3434 0.3234 0.4179 0.4026
1.6698 0.6308 1.4615 0.6630 0.6493 2.1924 0.3249 0.3178 0.4361 0.4267
1.4335 0.6998 1.2369 0.7336 0.7178 2.1974 0.2939 0.3041 0.4197 0.4272
1.2894 0.7429 1.1254 0.7628 0.7564 2.1916 0.2978 0.3150 0.4284 0.4448
1.2149 0.7643 1.0401 0.7840 0.7753 2.2095 0.2792 0.2887 0.4117 0.4208
1.1499 0.7851 0.9984 0.8048 0.7961 2.1753 0.2795 0.2868 0.4149 0.4217
1.1204 0.7954 0.9639 0.8118 0.8054 2.2134 0.2623 0.2754 0.3965 0.4105
1.0939 0.8054 0.9401 0.8165 0.8017 2.1580 0.2876 0.2965 0.4254 0.4329
1.0597 0.8091 0.9274 0.8233 0.8162 2.1819 0.2837 0.3020 0.4220 0.4409
1.0506 0.8117 0.9185 0.8211 0.8102 2.1746 0.2785 0.2868 0.4159 0.4236
1.0485 0.8086 0.9113 0.8259 0.8112 2.1931 0.2686 0.2804 0.4054 0.4168
1.0372 0.8144 0.9225 0.8221 0.8181 2.1553 0.2767 0.2855 0.4140 0.4233
1.0258 0.8234 0.9004 0.8326 0.8250 2.1912 0.2568 0.2776 0.3925 0.4155
1.0304 0.8205 0.9112 0.8288 0.8241 2.1856 0.2536 0.2561 0.3884 0.3908
1.0221 0.8189 0.8965 0.8316 0.8211 2.2420 0.2542 0.2774 0.3893 0.4147
1.0227 0.8175 0.9034 0.8306 0.8190 2.1882 0.2679 0.2783 0.4051 0.4155
1.0225 0.8210 0.9229 0.8199 0.8159 2.1914 0.2753 0.2735 0.4122 0.4097
1.0319 0.8165 0.9089 0.8314 0.8223 2.2088 0.2556 0.2579 0.3910 0.3926
1.0188 0.8256 0.9235 0.8211 0.8124 2.1872 0.2682 0.2731 0.4044 0.4087
1.0318 0.8167 0.9301 0.8241 0.8163 2.1964 0.2704 0.2810 0.4072 0.4181
1.0389 0.8218 0.9342 0.8227 0.8112 2.1719 0.2853 0.2897 0.4237 0.4269
1.0322 0.8206 0.9491 0.8159 0.8016 2.1576 0.2813 0.2849 0.4183 0.4204
1.0303 0.8157 0.9470 0.8159 0.7987 2.2098 0.2760 0.2911 0.4125 0.4267
1.0447 0.8116 0.9623 0.8062 0.7890 2.1640 0.2943 0.3075 0.4312 0.4426
1.0397 0.8148 0.9568 0.8148 0.8024 2.1842 0.2760 0.2837 0.4123 0.4192
1.0540 0.8111 0.9673 0.8064 0.7920 2.1622 0.2843 0.2980 0.4203 0.4331
1.0601 0.8047 0.9756 0.8070 0.7920 2.1962 0.2728 0.2787 0.4078 0.4123
1.0598 0.8042 0.9756 0.8076 0.7937 2.1696 0.2830 0.2898 0.4192 0.4246
1.0549 0.8098 0.9798 0.8086 0.7938 2.2179 0.2623 0.2792 0.3961 0.4131
1.0622 0.8066 0.9817 0.8058 0.7926 2.2510 0.2697 0.2824 0.4041 0.4164
1.0607 0.8063 0.9823 0.8112 0.7961 2.2432 0.2684 0.2851 0.4034 0.4198
1.0621 0.8052 1.0011 0.7971 0.7823 2.1785 0.2839 0.2944 0.4187 0.4279
1.0627 0.8081 0.9986 0.8021 0.7868 2.2047 0.2735 0.2884 0.4079 0.4221
1.0707 0.8006 1.0085 0.7927 0.7724 2.1745 0.2807 0.2946 0.4146 0.4265
1.0580 0.8044 1.0058 0.7985 0.7826 2.1836 0.2823 0.2871 0.4172 0.4201
1.0656 0.8012 1.0168 0.7949 0.7798 2.1634 0.2869 0.3001 0.4216 0.4334
1.0811 0.7975 1.0116 0.7929 0.7761 2.1776 0.2858 0.2976 0.4202 0.4302
1.0679 0.8003 1.0057 0.7995 0.7799 2.2128 0.2844 0.2911 0.4196 0.4240
1.0713 0.8003 1.0085 0.7977 0.7783 2.2054 0.2777 0.2838 0.4120 0.4159
1.0827 0.7942 1.0213 0.7941 0.7760 2.1937 0.2858 0.2941 0.4204 0.4265
1.0773 0.8001 1.0129 0.7987 0.7768 2.1913 0.2818 0.2842 0.4166 0.4162
1.0817 0.8005 1.0219 0.7902 0.7761 2.1895 0.2867 0.2911 0.4208 0.4233
1.0819 0.7967 1.0233 0.7886 0.7695 2.2191 0.2918 0.2974 0.4260 0.4290
1.0859 0.7922 1.0492 0.7802 0.7656 2.1817 0.2865 0.2969 0.4191 0.4279
1.0805 0.7954 1.0258 0.7910 0.7689 2.2600 0.2874 0.2993 0.4216 0.4308
1.0861 0.7916 1.0439 0.7836 0.7688 2.2080 0.2763 0.2827 0.4086 0.4134
1.0832 0.7899 1.0363 0.7856 0.7667 2.2237 0.2890 0.2993 0.4226 0.4305
1.0876 0.7922 1.0547 0.7779 0.7609 2.2198 0.2793 0.2819 0.4111 0.4114
1.0949 0.7893 1.0514 0.7802 0.7619 2.2101 0.2758 0.2806 0.4075 0.4102
1.0904 0.7871 1.0419 0.7878 0.7704 2.2305 0.2774 0.2757 0.4103 0.4060
1.0874 0.7854 1.0417 0.7824 0.7654 2.2288 0.2647 0.2668 0.3956 0.3957
1.0867 0.7941 1.0594 0.7749 0.7568 2.1743 0.2881 0.2891 0.4201 0.4184
1.0904 0.7881 1.0510 0.7812 0.7653 2.2282 0.2762 0.2792 0.4081 0.4091
1.0900 0.7856 1.0472 0.7836 0.7615 2.2290 0.2902 0.3055 0.4236 0.4360
1.0851 0.7874 1.0657 0.7707 0.7548 2.2024 0.2814 0.2875 0.4123 0.4164
1.0904 0.7830 1.0515 0.7769 0.7609 2.2618 0.2589 0.2696 0.3884 0.3981
1.0977 0.7819 1.0564 0.7743 0.7575 2.2497 0.2818 0.2928 0.4132 0.4224
1.0865 0.7905 1.0572 0.7745 0.7573 2.2245 0.2799 0.2894 0.4112 0.4188
1.0919 0.7884 1.0504 0.7769 0.7597 2.2396 0.2767 0.2857 0.4081 0.4152
1.0925 0.7887 1.0499 0.7785 0.7610 2.2460 0.2758 0.2835 0.4073 0.4131
1.0822 0.7905 1.0575 0.7719 0.7552 2.2253 0.2813 0.2927 0.4123 0.4219
1.0848 0.7854 1.0580 0.7719 0.7550 2.2235 0.2806 0.2904 0.4115 0.4195
1.0841 0.7892 1.0529 0.7779 0.7605 2.2389 0.2765 0.2832 0.4080 0.4127
1.0917 0.7867 1.0508 0.7795 0.7611 2.2419 0.2799 0.2864 0.4119 0.4162
1.0857 0.7867 1.0603 0.7731 0.7566 2.2119 0.2850 0.2929 0.4164 0.4223
1.0916 0.7887 1.0551 0.7765 0.7583 2.2382 0.2799 0.2902 0.4114 0.4198
1.0950 0.7854 1.0499 0.7800 0.7612 2.2413 0.2774 0.2859 0.4092 0.4157
1.0870 0.7909 1.0559 0.7757 0.7584 2.2293 0.2820 0.2919 0.4136 0.4215
1.0924 0.7917 1.0519 0.7781 0.7608 2.2454 0.2797 0.2883 0.4115 0.4182
1.0872 0.7870 1.0575 0.7733 0.7555 2.2203 0.2811 0.2899 0.4123 0.4190
1.0901 0.7832 1.0511 0.7795 0.7617 2.2239 0.2811 0.2877 0.4132 0.4176
1.0835 0.7896 1.0553 0.7739 0.7559 2.2250 0.2811 0.2884 0.4124 0.4175
1.0858 0.7885 1.0518 0.7775 0.7592 2.2250 0.2825 0.2911 0.4144 0.4208
1.0919 0.7864 1.0510 0.7769 0.7585 2.2170 0.2788 0.2856 0.4104 0.4150
1.0928 0.7869 1.0550 0.7781 0.7610 2.2279 0.2814 0.2898 0.4134 0.4198
1.0906 0.7860 1.0537 0.7765 0.7587 2.2216 0.2860 0.2954 0.4181 0.4252
1.0918 0.7893 1.0553 0.7741 0.7564 2.2172 0.2814 0.2905 0.4128 0.4198
1.0927 0.7868 1.0564 0.7749 0.7572 2.2305 0.2827 0.2922 0.4142 0.4217
1.0843 0.7891 1.0542 0.7761 0.7590 2.2327 0.2799 0.2879 0.4114 0.4174
1.0892 0.7893 1.0556 0.7757 0.7573 2.2168 0.2878 0.2965 0.4198 0.4262
1.1000 0.7846 1.0537 0.7771 0.7601 2.2248 0.2786 0.2852 0.4102 0.4148
1.0855 0.7916 1.0493 0.7781 0.7592 2.2412 0.2848 0.2951 0.4170 0.4250
1.0921 0.7881 1.0526 0.7777 0.7591 2.2294 0.2869 0.2959 0.4192 0.4259
1.0837 0.7956 1.0512 0.7781 0.7592 2.2406 0.2843 0.2934 0.4164 0.4232
1.0812 0.7872 1.0536 0.7749 0.7561 2.2287 0.2853 0.2938 0.4171 0.4232
1.0953 0.7844 1.0544 0.7743 0.7558 2.2359 0.2814 0.2904 0.4128 0.4196
1.0885 0.7853 1.0563 0.7749 0.7563 2.2300 0.2820 0.2899 0.4135 0.4192
1.0904 0.7837 1.0574 0.7749 0.7575 2.2381 0.2802 0.2887 0.4116 0.4181
1.0923 0.7893 1.0562 0.7777 0.7600 2.2418 0.2802 0.2863 0.4120 0.4159
1.0852 0.7892 1.0555 0.7747 0.7575 2.2333 0.2809 0.2894 0.4123 0.4188
1.0899 0.7887 1.0554 0.7753 0.7569 2.2366 0.2830 0.2937 0.4147 0.4232
1.0923 0.7887 1.0526 0.7767 0.7585 2.2367 0.2825 0.2923 0.4143 0.4220
1.0854 0.7926 1.0547 0.7759 0.7581 2.2340 0.2844 0.2904 0.4163 0.4200
1.0889 0.7854 1.0574 0.7729 0.7547 2.2330 0.2846 0.2927 0.4160 0.4219
1.0922 0.7842 1.0559 0.7761 0.7581 2.2500 0.2820 0.2905 0.4137 0.4201
1.0944 0.7901 1.0549 0.7757 0.7570 2.2386 0.2806 0.2880 0.4121 0.4173
1.0855 0.7900 1.0564 0.7749 0.7566 2.2231 0.2864 0.2944 0.4182 0.4239
