3.5247 0.1371 4.1950 0.0220 0.0178 2.6943 0.2670 0.2599 0.0406 0.0333
2.9066 0.3157 3.8061 0.0960 0.0833 2.3003 0.3145 0.3275 0.1471 0.1328
2.4783 0.4172 3.2101 0.2257 0.1873 2.1809 0.3548 0.3811 0.2759 0.2512
2.1247 0.5095 2.6379 0.3530 0.2962 2.1130 0.3476 0.3720 0.3503 0.3298
1.8443 0.5547 2.1830 0.4334 0.3794 2.1026 0.3794 0.4209 0.4046 0.3991
1.6163 0.6210 1.8641 0.5020 0.4431 2.0116 0.4019 0.4436 0.4464 0.4434
1.4503 0.6512 1.6148 0.5637 0.5156 2.0812 0.3763 0.4255 0.4513 0.4663
1.3273 0.6926 1.4903 0.5908 0.5485 1.9884 0.3729 0.4127 0.4572 0.4710
1.2574 0.7072 1.3775 0.6208 0.5790 2.0171 0.3773 0.4191 0.4694 0.4863
1.1871 0.7210 1.2874 0.6587 0.6181 1.9847 0.3777 0.4155 0.4801 0.4970
1.1495 0.7468 1.2576 0.6672 0.6284 1.9735 0.3907 0.4257 0.4928 0.5076
1.1186 0.7503 1.2409 0.6680 0.6327 1.9435 0.3798 0.4065 0.4842 0.4949
1.1019 0.7555 1.2155 0.6777 0.6482 1.9885 0.3699 0.4056 0.4786 0.4989
1.0805 0.7622 1.1844 0.6940 0.6621 2.0069 0.3601 0.3986 0.4741 0.4976
1.0806 0.7573 1.1827 0.6880 0.6546 1.9799 0.3761 0.4073 0.4863 0.5021
1.0708 0.7631 1.1867 0.6928 0.6623 1.9839 0.3757 0.4015 0.4872 0.4999
1.0579 0.7668 1.1923 0.6886 0.6572 1.9862 0.3859 0.4177 0.4946 0.5108
1.0623 0.7631 1.1927 0.6850 0.6581 2.0537 0.3831 0.4180 0.4914 0.5113
1.0605 0.7593 1.2104 0.6831 0.6545 1.9991 0.3875 0.4202 0.4945 0.5118
1.0465 0.7611 1.1942 0.6850 0.6535 2.0310 0.3879 0.4299 0.4953 0.5186
1.0561 0.7629 1.2107 0.6850 0.6590 1.9920 0.3836 0.4146 0.4918 0.5090
1.0519 0.7705 1.2213 0.6781 0.6489 2.0324 0.3872 0.4149 0.4929 0.5061
1.0622 0.7643 1.2295 0.6743 0.6476 2.0539 0.3923 0.4277 0.4960 0.5152
1.0670 0.7588 1.2254 0.6809 0.6509 2.0261 0.3814 0.4080 0.4889 0.5016
1.0708 0.7575 1.2421 0.6761 0.6467 2.0111 0.3894 0.4233 0.4942 0.5117
1.0623 0.7594 1.2418 0.6789 0.6514 2.0087 0.3854 0.4199 0.4917 0.5106
1.0653 0.7631 1.2501 0.6811 0.6508 2.0232 0.3884 0.4230 0.4947 0.5127
1.0684 0.7631 1.2628 0.6700 0.6451 2.0140 0.3761 0.4000 0.4818 0.4938
1.0780 0.7551 1.2802 0.6557 0.6235 2.0100 0.4074 0.4499 0.5025 0.5227
1.0704 0.7594 1.2644 0.6807 0.6505 2.0112 0.3792 0.3982 0.4871 0.4940
1.0786 0.7544 1.2874 0.6704 0.6451 2.0388 0.3982 0.4394 0.4997 0.5227
1.0831 0.7570 1.3093 0.6529 0.6175 2.0226 0.3928 0.4173 0.4905 0.4980
1.0837 0.7511 1.3034 0.6620 0.6318 2.0639 0.3852 0.4161 0.4870 0.5017
1.0872 0.7565 1.3016 0.6662 0.6370 2.0317 0.3954 0.4284 0.4963 0.5123
1.0860 0.7488 1.3126 0.6622 0.6311 2.0304 0.3852 0.4086 0.4871 0.4960
1.0878 0.7523 1.3341 0.6521 0.6205 2.0017 0.3866 0.4149 0.4854 0.4973
1.0878 0.7505 1.3273 0.6517 0.6205 2.0312 0.3882 0.4144 0.4866 0.4970
1.0932 0.7536 1.3333 0.6589 0.6241 2.0671 0.3896 0.4141 0.4897 0.4979
1.0972 0.7480 1.3423 0.6541 0.6164 2.0775 0.3850 0.4102 0.4847 0.4926
1.1069 0.7491 1.3634 0.6509 0.6203 2.0340 0.3919 0.4172 0.4892 0.4988
1.1032 0.7462 1.3718 0.6347 0.6026 2.0377 0.3998 0.4268 0.4906 0.4997
1.1026 0.7429 1.3661 0.6444 0.6141 2.0522 0.3960 0.4192 0.4905 0.4983
1.1101 0.7433 1.3773 0.6402 0.6094 2.0187 0.3970 0.4184 0.4901 0.4961
1.1010 0.7429 1.3734 0.6390 0.6088 2.0668 0.3940 0.4252 0.4875 0.5007
1.1058 0.7427 1.3912 0.6261 0.5956 2.0322 0.4058 0.4356 0.4924 0.5032
1.1095 0.7397 1.3991 0.6404 0.6102 2.0073 0.3958 0.4228 0.4892 0.4995
1.1050 0.7449 1.3772 0.6396 0.6112 2.0923 0.3958 0.4249 0.4890 0.5013
1.1105 0.7417 1.3945 0.6398 0.6133 2.0491 0.3945 0.4247 0.4881 0.5019
1.1059 0.7430 1.4044 0.6293 0.6004 2.0757 0.3979 0.4228 0.4875 0.4962
1.1187 0.7331 1.4294 0.6190 0.5928 2.0511 0.4021 0.4275 0.4875 0.4968
1.1103 0.7423 1.4249 0.6154 0.5805 2.0324 0.4053 0.4283 0.4887 0.4929
1.1186 0.7364 1.4288 0.6240 0.5974 2.0641 0.4002 0.4320 0.4876 0.5014
1.1150 0.7379 1.4438 0.6079 0.5860 2.0617 0.4002 0.4341 0.4826 0.4987
1.1099 0.7431 1.4211 0.6295 0.6024 2.0530 0.4007 0.4251 0.4897 0.4985
1.1215 0.7353 1.4186 0.6287 0.6023 2.0956 0.3907 0.4159 0.4819 0.4920
1.1171 0.7387 1.4445 0.6174 0.5936 2.0395 0.4069 0.4286 0.4905 0.4978
1.1167 0.7388 1.4438 0.6142 0.5884 2.0435 0.3972 0.4212 0.4824 0.4910
1.1124 0.7392 1.4362 0.6198 0.5978 2.1064 0.3909 0.4222 0.4794 0.4949
1.1162 0.7365 1.4398 0.6125 0.5876 2.0670 0.4005 0.4288 0.4844 0.4958
1.1164 0.7346 1.4457 0.6194 0.5955 2.0949 0.3919 0.4170 0.4801 0.4905
1.1083 0.7409 1.4453 0.6186 0.5956 2.0952 0.3949 0.4212 0.4821 0.4935
1.1163 0.7361 1.4365 0.6218 0.5988 2.0886 0.3954 0.4237 0.4834 0.4963
1.1174 0.7403 1.4428 0.6176 0.5936 2.0818 0.3963 0.4215 0.4828 0.4930
1.1037 0.7419 1.4380 0.6208 0.5969 2.0788 0.3937 0.4197 0.4818 0.4928
1.1143 0.7419 1.4335 0.6222 0.5982 2.0940 0.3965 0.4212 0.4843 0.4943
1.1201 0.7393 1.4348 0.6214 0.5975 2.0804 0.3912 0.4151 0.4801 0.4898
1.1226 0.7352 1.4371 0.6194 0.5956 2.0999 0.3989 0.4249 0.4853 0.4960
1.1191 0.7347 1.4352 0.6222 0.5970 2.0850 0.3953 0.4215 0.4834 0.4941
1.1144 0.7390 1.4357 0.6212 0.5964 2.0796 0.3988 0.4246 0.4857 0.4961
1.1165 0.7388 1.4334 0.6242 0.5995 2.0887 0.3960 0.4228 0.4846 0.4959
1.1123 0.7422 1.4422 0.6192 0.5950 2.0740 0.3972 0.4229 0.4839 0.4944
1.1127 0.7399 1.4396 0.6220 0.5969 2.0976 0.3961 0.4217 0.4840 0.4942
1.1155 0.7397 1.4389 0.6216 0.5963 2.0828 0.3991 0.4243 0.4861 0.4958
1.1158 0.7363 1.4376 0.6246 0.5999 2.0759 0.3938 0.4185 0.4831 0.4931
1.1113 0.7429 1.4388 0.6214 0.5975 2.0922 0.3945 0.4170 0.4827 0.4912
1.1164 0.7379 1.4360 0.6232 0.5986 2.0848 0.3975 0.4211 0.4854 0.4944
1.1100 0.7437 1.4375 0.6234 0.5972 2.0738 0.3938 0.4170 0.4827 0.4911
1.1145 0.7416 1.4431 0.6222 0.5967 2.0736 0.3965 0.4209 0.4843 0.4936
1.1192 0.7387 1.4376 0.6218 0.5965 2.0952 0.3972 0.4242 0.4847 0.4958
1.1149 0.7385 1.4337 0.6234 0.5982 2.0881 0.3967 0.4220 0.4848 0.4949
1.1207 0.7367 1.4345 0.6222 0.5981 2.0814 0.3958 0.4195 0.4838 0.4931
1.1138 0.7410 1.4416 0.6196 0.5946 2.0713 0.3977 0.4248 0.4845 0.4955
1.1121 0.7390 1.4441 0.6192 0.5953 2.0804 0.3967 0.4225 0.4836 0.4942
1.1079 0.7423 1.4434 0.6182 0.5947 2.0671 0.3958 0.4223 0.4826 0.4939
1.1150 0.7380 1.4472 0.6170 0.5934 2.0678 0.4012 0.4294 0.4862 0.4983
1.1110 0.7433 1.4370 0.6220 0.5980 2.0861 0.3974 0.4244 0.4849 0.4964
1.1145 0.7389 1.4461 0.6202 0.5971 2.0702 0.3996 0.4283 0.4861 0.4988
1.1060 0.7440 1.4403 0.6204 0.5964 2.0920 0.3982 0.4256 0.4851 0.4968
1.1095 0.7447 1.4369 0.6228 0.5991 2.0837 0.3967 0.4265 0.4847 0.4983
1.1130 0.7376 1.4436 0.6202 0.5952 2.0645 0.3979 0.4255 0.4848 0.4963
1.1100 0.7423 1.4385 0.6234 0.5994 2.0887 0.3931 0.4196 0.4822 0.4937
1.1213 0.7379 1.4431 0.6200 0.5956 2.0825 0.3961 0.4204 0.4834 0.4929
1.1100 0.7406 1.4439 0.6200 0.5964 2.0776 0.3938 0.4183 0.4817 0.4917
1.1183 0.7401 1.4405 0.6214 0.5978 2.0870 0.3935 0.4184 0.4819 0.4922
1.1143 0.7379 1.4462 0.6172 0.5942 2.0866 0.3942 0.4204 0.4811 0.4924
1.1116 0.7381 1.4467 0.6146 0.5919 2.0684 0.3974 0.4209 0.4827 0.4920
1.1209 0.7429 1.4427 0.6162 0.5931 2.0910 0.3970 0.4258 0.4829 0.4957
1.1176 0.7369 1.4465 0.6160 0.5940 2.0780 0.3968 0.4239 0.4827 0.4947
1.1196 0.7377 1.4477 0.6160 0.5922 2.0826 0.3982 0.4241 0.4837 0.4943
1.1143 0.7375 1.4461 0.6178 0.5943 2.0835 0.3975 0.4215 0.4838 0.4932
