3.5843 0.1128 3.9326 0.0186 0.0191 2.8117 0.2030 0.2340 0.0340 0.0354
2.9597 0.2667 3.3378 0.1561 0.1523 2.4271 0.2906 0.3211 0.2031 0.2066
2.4484 0.4176 2.6628 0.3360 0.3087 2.2615 0.3423 0.3813 0.3391 0.3412
2.0332 0.5173 2.0733 0.4847 0.4365 2.1849 0.3481 0.3864 0.4052 0.4099
1.7244 0.6000 1.6916 0.5863 0.5475 2.1079 0.3597 0.3819 0.4459 0.4499
1.4959 0.6706 1.4422 0.6525 0.6260 2.0570 0.3525 0.3688 0.4577 0.4641
1.3573 0.7021 1.2704 0.6908 0.6646 2.1074 0.3223 0.3398 0.4395 0.4497
1.2587 0.7311 1.1873 0.7130 0.6892 2.1054 0.3180 0.3344 0.4399 0.4504
1.1778 0.7568 1.1295 0.7319 0.7147 2.1095 0.3140 0.3401 0.4395 0.4609
1.1404 0.7668 1.0618 0.7578 0.7413 2.1240 0.2953 0.3136 0.4250 0.4407
1.1083 0.7692 1.0321 0.7656 0.7466 2.1115 0.3062 0.3298 0.4375 0.4575
1.0862 0.7763 1.0180 0.7689 0.7534 2.1194 0.2989 0.3254 0.4304 0.4545
1.0641 0.7891 0.9993 0.7763 0.7600 2.0960 0.3011 0.3131 0.4340 0.4435
1.0568 0.7912 1.0128 0.7711 0.7588 2.0798 0.3098 0.3280 0.4420 0.4580
1.0384 0.7917 0.9867 0.7802 0.7659 2.0854 0.3048 0.3150 0.4384 0.4465
1.0310 0.7932 0.9938 0.7737 0.7557 2.1159 0.3017 0.3158 0.4341 0.4455
1.0401 0.7940 0.9866 0.7850 0.7690 2.0749 0.3029 0.3223 0.4371 0.4542
1.0374 0.7934 1.0007 0.7761 0.7610 2.1061 0.3150 0.3410 0.4482 0.4709
1.0319 0.7978 1.0013 0.7771 0.7600 2.0751 0.3068 0.3331 0.4399 0.4632
1.0317 0.8005 1.0110 0.7727 0.7579 2.1323 0.3006 0.3284 0.4328 0.4583
1.0295 0.8016 0.9992 0.7783 0.7602 2.1462 0.3094 0.3273 0.4428 0.4576
1.0261 0.7958 1.0089 0.7769 0.7598 2.1390 0.2953 0.3108 0.4280 0.4411
1.0334 0.7962 1.0268 0.7664 0.7490 2.0756 0.3208 0.3367 0.4523 0.4646
1.0310 0.7986 1.0377 0.7622 0.7492 2.0930 0.3150 0.3274 0.4458 0.4557
1.0367 0.7916 1.0443 0.7634 0.7478 2.1171 0.3177 0.3309 0.4487 0.4588
1.0414 0.7890 1.0498 0.7630 0.7435 2.1018 0.3295 0.3391 0.4602 0.4658
1.0316 0.7957 1.0414 0.7723 0.7532 2.0592 0.3277 0.3412 0.4602 0.4696
1.0444 0.7913 1.0520 0.7681 0.7504 2.0938 0.3103 0.3271 0.4420 0.4556
1.0496 0.7910 1.0516 0.7697 0.7558 2.1037 0.3073 0.3294 0.4392 0.4589
1.0561 0.7941 1.0828 0.7588 0.7419 2.0953 0.3235 0.3442 0.4536 0.4702
1.0521 0.7906 1.0822 0.7580 0.7460 2.0784 0.3300 0.3489 0.4598 0.4755
1.0505 0.7907 1.0890 0.7531 0.7346 2.0633 0.3261 0.3420 0.4552 0.4667
1.0562 0.7911 1.0906 0.7572 0.7422 2.0946 0.3231 0.3394 0.4530 0.4658
1.0620 0.7863 1.1045 0.7511 0.7342 2.1442 0.3168 0.3392 0.4456 0.4640
1.0601 0.7857 1.1096 0.7527 0.7388 2.0697 0.3370 0.3465 0.4656 0.4718
1.0704 0.7809 1.1103 0.7477 0.7296 2.0715 0.3395 0.3533 0.4670 0.4761
1.0740 0.7816 1.1032 0.7596 0.7388 2.1358 0.3215 0.3397 0.4518 0.4654
1.0640 0.7846 1.1264 0.7479 0.7315 2.1038 0.3238 0.3467 0.4520 0.4705
1.0666 0.7842 1.1285 0.7441 0.7259 2.0990 0.3346 0.3507 0.4616 0.4729
1.0762 0.7824 1.1409 0.7392 0.7230 2.1078 0.3339 0.3564 0.4600 0.4774
1.0769 0.7840 1.1488 0.7346 0.7177 2.1128 0.3252 0.3388 0.4509 0.4603
1.0901 0.7668 1.1504 0.7319 0.7154 2.1280 0.3302 0.3489 0.4551 0.4691
1.0752 0.7780 1.1337 0.7422 0.7259 2.1522 0.3196 0.3360 0.4468 0.4594
1.0875 0.7725 1.1362 0.7430 0.7236 2.1364 0.3205 0.3351 0.4478 0.4581
1.0852 0.7771 1.1588 0.7271 0.7052 2.0909 0.3460 0.3597 0.4689 0.4764
1.0825 0.7751 1.1463 0.7364 0.7190 2.1434 0.3194 0.3377 0.4456 0.4596
1.0829 0.7704 1.1564 0.7348 0.7206 2.1285 0.3249 0.3473 0.4506 0.4687
1.0876 0.7718 1.1747 0.7235 0.7060 2.1063 0.3340 0.3481 0.4570 0.4663
1.0839 0.7751 1.1742 0.7269 0.7096 2.1312 0.3398 0.3569 0.4632 0.4749
1.0912 0.7684 1.1845 0.7223 0.7052 2.1458 0.3326 0.3505 0.4555 0.4683
1.0963 0.7687 1.1637 0.7366 0.7199 2.1758 0.3325 0.3499 0.4581 0.4709
1.0963 0.7710 1.1718 0.7309 0.7188 2.1745 0.3113 0.3247 0.4367 0.4474
1.0963 0.7679 1.1812 0.7223 0.6998 2.1534 0.3493 0.3607 0.4709 0.4760
1.0951 0.7736 1.1924 0.7192 0.7046 2.0875 0.3479 0.3697 0.4690 0.4850
1.0883 0.7709 1.1745 0.7289 0.7111 2.1391 0.3240 0.3388 0.4486 0.4590
1.0985 0.7668 1.1981 0.7104 0.6915 2.1233 0.3430 0.3578 0.4626 0.4716
1.0912 0.7639 1.2005 0.7096 0.6969 2.1267 0.3370 0.3566 0.4570 0.4718
1.0902 0.7715 1.1904 0.7182 0.7038 2.1399 0.3314 0.3485 0.4535 0.4662
1.0894 0.7670 1.1886 0.7194 0.7044 2.1491 0.3238 0.3335 0.4466 0.4527
1.0958 0.7708 1.1908 0.7271 0.7106 2.1278 0.3363 0.3431 0.4599 0.4628
1.0934 0.7722 1.1873 0.7241 0.7060 2.1647 0.3325 0.3506 0.4557 0.4685
1.0964 0.7704 1.1907 0.7170 0.6999 2.1580 0.3344 0.3523 0.4561 0.4686
1.0923 0.7731 1.1866 0.7229 0.7060 2.1490 0.3328 0.3509 0.4558 0.4688
1.0856 0.7768 1.1904 0.7188 0.6995 2.1392 0.3390 0.3560 0.4607 0.4718
1.0879 0.7689 1.1895 0.7184 0.7025 2.1543 0.3316 0.3479 0.4537 0.4653
1.0959 0.7712 1.1893 0.7205 0.7034 2.1469 0.3326 0.3489 0.4551 0.4665
1.0864 0.7733 1.1878 0.7223 0.7052 2.1508 0.3358 0.3508 0.4584 0.4685
1.0972 0.7693 1.1896 0.7194 0.7031 2.1620 0.3326 0.3486 0.4549 0.4661
1.0884 0.7722 1.1910 0.7198 0.7044 2.1538 0.3351 0.3512 0.4573 0.4687
1.0886 0.7756 1.1904 0.7190 0.7027 2.1546 0.3369 0.3527 0.4588 0.4697
1.0933 0.7714 1.1933 0.7174 0.7021 2.1460 0.3365 0.3513 0.4581 0.4683
1.0934 0.7718 1.1911 0.7174 0.7013 2.1460 0.3402 0.3526 0.4615 0.4692
1.0910 0.7689 1.1936 0.7176 0.7026 2.1456 0.3354 0.3534 0.4572 0.4703
1.1021 0.7663 1.1877 0.7219 0.7065 2.1499 0.3319 0.3451 0.4547 0.4637
1.0907 0.7725 1.1919 0.7190 0.7033 2.1274 0.3420 0.3580 0.4635 0.4745
1.0951 0.7745 1.1890 0.7205 0.7042 2.1635 0.3347 0.3502 0.4571 0.4678
1.0926 0.7714 1.1881 0.7207 0.7050 2.1587 0.3369 0.3531 0.4591 0.4705
1.0860 0.7739 1.1884 0.7203 0.7037 2.1598 0.3374 0.3569 0.4595 0.4736
1.0928 0.7663 1.1893 0.7174 0.6997 2.1515 0.3335 0.3487 0.4553 0.4655
1.0957 0.7729 1.1895 0.7168 0.7007 2.1529 0.3342 0.3494 0.4559 0.4663
1.0931 0.7674 1.1885 0.7192 0.7030 2.1585 0.3376 0.3537 0.4595 0.4706
1.0940 0.7676 1.1898 0.7178 0.7021 2.1561 0.3312 0.3462 0.4533 0.4637
1.0880 0.7740 1.1897 0.7176 0.7010 2.1695 0.3330 0.3506 0.4549 0.4674
1.0902 0.7740 1.1896 0.7176 0.7012 2.1463 0.3374 0.3524 0.4590 0.4691
1.0909 0.7711 1.1906 0.7184 0.7025 2.1582 0.3333 0.3478 0.4554 0.4652
1.0882 0.7752 1.1907 0.7166 0.6996 2.1529 0.3351 0.3484 0.4567 0.4651
1.0945 0.7702 1.1921 0.7168 0.7007 2.1526 0.3397 0.3548 0.4609 0.4710
1.0887 0.7769 1.1912 0.7180 0.7018 2.1759 0.3393 0.3559 0.4608 0.4723
1.0852 0.7712 1.1978 0.7132 0.6983 2.1445 0.3407 0.3575 0.4611 0.4729
1.0881 0.7729 1.1915 0.7170 0.7011 2.1502 0.3347 0.3476 0.4564 0.4648
1.0983 0.7659 1.1906 0.7176 0.7021 2.1650 0.3342 0.3502 0.4560 0.4673
1.0915 0.7677 1.1891 0.7194 0.7034 2.1575 0.3349 0.3497 0.4571 0.4672
1.0922 0.7712 1.1887 0.7182 0.7026 2.1707 0.3321 0.3488 0.4542 0.4662
1.0896 0.7716 1.1954 0.7148 0.6988 2.1422 0.3402 0.3561 0.4610 0.4718
1.0883 0.7732 1.1877 0.7211 0.7047 2.1786 0.3391 0.3564 0.4613 0.4734
1.0877 0.7728 1.1911 0.7168 0.7005 2.1637 0.3361 0.3507 0.4577 0.4674
1.0906 0.7678 1.1926 0.7152 0.7003 2.1613 0.3379 0.3521 0.4590 0.4686
1.0976 0.7705 1.1942 0.7156 0.7012 2.1407 0.3358 0.3517 0.4571 0.4684
1.0852 0.7718 1.1941 0.7138 0.6978 2.1660 0.3428 0.3569 0.4632 0.4723
1.0910 0.7700 1.2021 0.7100 0.6956 2.1573 0.3386 0.3538 0.4585 0.4691
