3.5947 0.1289 4.1263 0.0099 0.0113 2.9952 0.2171 0.2256 0.0189 0.0215
2.9803 0.3352 3.8537 0.0393 0.0375 2.3826 0.3376 0.3591 0.0705 0.0680
2.5280 0.4244 3.3168 0.1232 0.1148 2.1378 0.3982 0.4251 0.1882 0.1808
2.1484 0.5017 2.7339 0.2985 0.2626 2.0419 0.4076 0.4473 0.3446 0.3309
1.8358 0.5798 2.2395 0.4175 0.3691 2.0490 0.4106 0.4600 0.4140 0.4095
1.6041 0.6293 1.8932 0.4946 0.4504 2.0567 0.4099 0.4535 0.4482 0.4520
1.4412 0.6767 1.6429 0.5690 0.5272 2.0344 0.3907 0.4239 0.4633 0.4699
1.3246 0.7055 1.5137 0.5942 0.5548 2.0282 0.3982 0.4511 0.4769 0.4976
1.2408 0.7199 1.3979 0.6220 0.5860 2.0649 0.3840 0.4366 0.4748 0.5004
1.1968 0.7330 1.3463 0.6480 0.6115 1.9849 0.3868 0.4240 0.4845 0.5008
1.1591 0.7368 1.2944 0.6585 0.6260 2.0147 0.3921 0.4313 0.4915 0.5107
1.1277 0.7478 1.2734 0.6791 0.6559 2.0174 0.3734 0.4083 0.4819 0.5033
1.1034 0.7581 1.2648 0.6716 0.6464 2.0348 0.3901 0.4340 0.4936 0.5193
1.0834 0.7664 1.2401 0.6876 0.6666 1.9889 0.3703 0.4030 0.4813 0.5023
1.0721 0.7629 1.2216 0.6819 0.6580 2.0388 0.3620 0.3919 0.4729 0.4912
1.0743 0.7581 1.2306 0.6767 0.6546 2.0393 0.3778 0.4185 0.4849 0.5106
1.0584 0.7673 1.2416 0.6718 0.6427 1.9566 0.3808 0.4067 0.4861 0.4981
1.0663 0.7652 1.2122 0.6888 0.6622 2.0508 0.3634 0.3993 0.4758 0.4982
1.0551 0.7684 1.2167 0.6868 0.6633 2.0691 0.3745 0.4015 0.4847 0.5002
1.0658 0.7598 1.2275 0.6938 0.6738 2.0267 0.3738 0.4007 0.4858 0.5025
1.0643 0.7641 1.2309 0.6837 0.6559 2.0248 0.3673 0.3963 0.4779 0.4941
1.0712 0.7611 1.2402 0.6819 0.6575 2.0352 0.3868 0.4149 0.4936 0.5088
1.0665 0.7574 1.2656 0.6694 0.6468 1.9980 0.3954 0.4248 0.4972 0.5128
1.0677 0.7652 1.2839 0.6595 0.6382 1.9765 0.3979 0.4378 0.4963 0.5193
1.0633 0.7625 1.2866 0.6549 0.6295 1.9900 0.3998 0.4427 0.4965 0.5199
1.0720 0.7587 1.2776 0.6716 0.6472 2.0017 0.3933 0.4287 0.4961 0.5158
1.0680 0.7598 1.2700 0.6765 0.6482 2.0064 0.3861 0.4165 0.4916 0.5071
1.0681 0.7584 1.3038 0.6535 0.6258 1.9980 0.3821 0.4101 0.4822 0.4955
1.0701 0.7587 1.3124 0.6595 0.6299 2.0079 0.3901 0.4212 0.4903 0.5049
1.0778 0.7550 1.3315 0.6418 0.6188 2.0270 0.3907 0.4236 0.4857 0.5029
1.0796 0.7579 1.3286 0.6543 0.6295 1.9896 0.4030 0.4368 0.4988 0.5157
1.0847 0.7491 1.3442 0.6478 0.6213 1.9410 0.4046 0.4306 0.4981 0.5087
1.0860 0.7535 1.3365 0.6537 0.6238 2.0133 0.3982 0.4313 0.4949 0.5100
1.0851 0.7513 1.3491 0.6446 0.6152 2.0242 0.3931 0.4312 0.4884 0.5070
1.0894 0.7532 1.3631 0.6400 0.6140 1.9914 0.3968 0.4224 0.4899 0.5005
1.0854 0.7577 1.3695 0.6410 0.6143 1.9943 0.3965 0.4195 0.4899 0.4985
1.0973 0.7491 1.3680 0.6426 0.6143 1.9855 0.3921 0.4136 0.4870 0.4943
1.0988 0.7490 1.3929 0.6319 0.6057 1.9579 0.4051 0.4354 0.4937 0.5066
1.0937 0.7517 1.3758 0.6335 0.6001 1.9850 0.4009 0.4288 0.4910 0.5002
1.1014 0.7501 1.3890 0.6248 0.5940 2.0125 0.4040 0.4360 0.4908 0.5029
1.1066 0.7456 1.3931 0.6321 0.6021 1.9803 0.4021 0.4290 0.4915 0.5010
1.0983 0.7453 1.4249 0.6152 0.5887 1.9931 0.4079 0.4453 0.4905 0.5071
1.1113 0.7459 1.4085 0.6218 0.5935 2.0240 0.4046 0.4349 0.4902 0.5020
1.1168 0.7397 1.4138 0.6236 0.5966 2.0069 0.4104 0.4454 0.4950 0.5100
1.1120 0.7459 1.4176 0.6295 0.6037 2.0211 0.4007 0.4326 0.4897 0.5041
1.1188 0.7423 1.4303 0.6158 0.5868 2.0333 0.4037 0.4318 0.4877 0.4975
1.1218 0.7418 1.4367 0.6134 0.5859 2.0137 0.4084 0.4367 0.4904 0.5004
1.1147 0.7398 1.4351 0.6142 0.5861 1.9974 0.4037 0.4229 0.4872 0.4913
1.1247 0.7390 1.4427 0.6093 0.5820 2.0538 0.4125 0.4524 0.4919 0.5091
1.1168 0.7419 1.4381 0.6194 0.5879 2.0441 0.3989 0.4328 0.4853 0.4986
1.1202 0.7393 1.4614 0.6035 0.5744 2.0381 0.4053 0.4384 0.4849 0.4973
1.1253 0.7307 1.4397 0.6162 0.5921 2.0749 0.4042 0.4321 0.4882 0.4996
1.1241 0.7400 1.4539 0.6105 0.5849 2.0102 0.4062 0.4283 0.4878 0.4945
1.1264 0.7406 1.4581 0.6071 0.5806 2.0260 0.4086 0.4426 0.4885 0.5023
1.1233 0.7385 1.4744 0.5974 0.5727 2.0032 0.4134 0.4413 0.4886 0.4985
1.1293 0.7349 1.4846 0.5875 0.5583 2.0099 0.4135 0.4455 0.4854 0.4956
1.1342 0.7358 1.4741 0.6004 0.5738 1.9943 0.4178 0.4497 0.4927 0.5042
1.1304 0.7332 1.4617 0.6087 0.5800 2.0308 0.4011 0.4207 0.4835 0.4877
1.1205 0.7393 1.4893 0.5934 0.5673 2.0311 0.4125 0.4416 0.4867 0.4966
1.1254 0.7347 1.4817 0.5924 0.5712 2.0290 0.4125 0.4398 0.4863 0.4970
1.1245 0.7391 1.4777 0.5974 0.5741 2.0364 0.4134 0.4432 0.4886 0.5002
1.1235 0.7352 1.4719 0.5994 0.5753 2.0364 0.4113 0.4410 0.4878 0.4993
1.1206 0.7408 1.4712 0.6025 0.5783 2.0330 0.4093 0.4383 0.4875 0.4987
1.1165 0.7398 1.4731 0.6013 0.5766 2.0382 0.4107 0.4388 0.4881 0.4983
1.1251 0.7373 1.4715 0.6025 0.5774 2.0413 0.4100 0.4374 0.4880 0.4978
1.1178 0.7393 1.4682 0.6059 0.5801 2.0415 0.4091 0.4363 0.4885 0.4980
1.1145 0.7440 1.4700 0.6067 0.5816 2.0237 0.4120 0.4381 0.4907 0.4997
1.1217 0.7389 1.4774 0.6023 0.5780 2.0194 0.4155 0.4432 0.4917 0.5017
1.1195 0.7423 1.4764 0.6047 0.5796 2.0404 0.4106 0.4394 0.4891 0.4999
1.1210 0.7391 1.4737 0.6061 0.5823 2.0514 0.4109 0.4385 0.4898 0.5003
1.1281 0.7374 1.4727 0.6053 0.5802 2.0453 0.4083 0.4345 0.4876 0.4969
1.1228 0.7396 1.4709 0.6049 0.5807 2.0333 0.4062 0.4310 0.4860 0.4948
1.1231 0.7382 1.4738 0.6041 0.5793 2.0360 0.4083 0.4346 0.4872 0.4966
1.1278 0.7390 1.4778 0.6017 0.5767 2.0351 0.4120 0.4402 0.4891 0.4993
1.1190 0.7390 1.4736 0.6051 0.5806 2.0383 0.4086 0.4358 0.4878 0.4979
1.1186 0.7413 1.4757 0.6031 0.5782 2.0440 0.4060 0.4332 0.4853 0.4953
1.1320 0.7337 1.4710 0.6025 0.5773 2.0523 0.4076 0.4355 0.4862 0.4965
1.1115 0.7436 1.4796 0.6004 0.5754 2.0323 0.4116 0.4413 0.4884 0.4995
1.1197 0.7378 1.4746 0.6047 0.5807 2.0470 0.4125 0.4422 0.4904 0.5021
1.1256 0.7360 1.4812 0.6029 0.5799 2.0288 0.4114 0.4413 0.4891 0.5012
1.1173 0.7395 1.4762 0.6025 0.5795 2.0558 0.4100 0.4387 0.4880 0.4994
1.1171 0.7388 1.4808 0.6021 0.5793 2.0334 0.4088 0.4362 0.4870 0.4977
1.1255 0.7379 1.4775 0.6017 0.5781 2.0349 0.4109 0.4406 0.4883 0.5001
1.1180 0.7413 1.4802 0.5992 0.5769 2.0293 0.4093 0.4377 0.4864 0.4977
1.1258 0.7358 1.4787 0.5998 0.5774 2.0287 0.4104 0.4378 0.4873 0.4980
1.1229 0.7389 1.4784 0.5984 0.5753 2.0416 0.4125 0.4424 0.4884 0.5001
1.1185 0.7352 1.4760 0.6019 0.5786 2.0335 0.4109 0.4395 0.4884 0.4996
1.1259 0.7337 1.4794 0.6015 0.5783 2.0382 0.4100 0.4377 0.4876 0.4983
1.1188 0.7363 1.4831 0.6023 0.5797 2.0367 0.4083 0.4357 0.4866 0.4975
1.1180 0.7436 1.4792 0.6000 0.5768 2.0366 0.4097 0.4351 0.4869 0.4960
1.1212 0.7405 1.4889 0.5970 0.5746 2.0465 0.4102 0.4391 0.4863 0.4978
1.1193 0.7373 1.4836 0.6004 0.5786 2.0297 0.4142 0.4452 0.4903 0.5032
1.1221 0.7387 1.4830 0.5984 0.5756 2.0311 0.4150 0.4443 0.4901 0.5015
1.1141 0.7393 1.4832 0.6006 0.5780 2.0387 0.4099 0.4376 0.4872 0.4981
1.1201 0.7359 1.4782 0.6013 0.5760 2.0374 0.4104 0.4368 0.4878 0.4968
1.1213 0.7391 1.4828 0.5982 0.5741 2.0413 0.4097 0.4360 0.4863 0.4956
1.1207 0.7351 1.4823 0.5998 0.5750 2.0266 0.4106 0.4371 0.4875 0.4966
1.1141 0.7423 1.4757 0.6047 0.5807 2.0499 0.4114 0.4398 0.4897 0.5005
1.1179 0.7384 1.4850 0.5996 0.5762 2.0434 0.4121 0.4424 0.4885 0.5005
1.1204 0.7335 1.4831 0.6019 0.5785 2.0314 0.4093 0.4356 0.4873 0.4970
