3.5543 0.0976 3.8161 0.0516 0.0426 2.7510 0.2827 0.2903 0.0873 0.0743
2.9727 0.2737 3.3051 0.1858 0.1694 2.3631 0.3544 0.3784 0.2438 0.2340
2.4586 0.4114 2.6268 0.3439 0.3167 2.2329 0.3696 0.4073 0.3563 0.3563
2.0397 0.5145 2.0553 0.4976 0.4625 2.2077 0.3509 0.3882 0.4116 0.4221
1.7192 0.5987 1.6812 0.5974 0.5633 2.2110 0.3580 0.3891 0.4477 0.4603
1.4977 0.6667 1.4303 0.6626 0.6385 2.1813 0.3558 0.3802 0.4630 0.4766
1.3500 0.7089 1.3032 0.6872 0.6632 2.1379 0.3683 0.3836 0.4796 0.4861
1.2501 0.7285 1.2157 0.7108 0.6931 2.1335 0.3664 0.3810 0.4835 0.4917
1.1953 0.7488 1.1367 0.7455 0.7253 2.1859 0.3323 0.3414 0.4597 0.4643
1.1479 0.7626 1.1029 0.7382 0.7122 2.2335 0.3284 0.3485 0.4546 0.4680
1.1215 0.7607 1.0871 0.7422 0.7257 2.1457 0.3354 0.3467 0.4621 0.4692
1.0965 0.7729 1.0663 0.7543 0.7401 2.1652 0.3427 0.3493 0.4712 0.4746
1.0719 0.7857 1.0541 0.7582 0.7414 2.1734 0.3305 0.3483 0.4604 0.4740
1.0629 0.7823 1.0352 0.7678 0.7542 2.2106 0.3215 0.3275 0.4533 0.4566
1.0573 0.7813 1.0389 0.7584 0.7424 2.1859 0.3386 0.3528 0.4682 0.4783
1.0447 0.7907 1.0279 0.7636 0.7398 2.1519 0.3423 0.3570 0.4727 0.4816
1.0492 0.7853 1.0166 0.7783 0.7598 2.1796 0.3268 0.3372 0.4603 0.4671
1.0401 0.7912 1.0421 0.7674 0.7458 2.1813 0.3390 0.3631 0.4702 0.4884
1.0428 0.7917 1.0241 0.7797 0.7615 2.1807 0.3265 0.3371 0.4602 0.4673
1.0370 0.7970 1.0397 0.7703 0.7530 2.1931 0.3263 0.3423 0.4584 0.4707
1.0432 0.7910 1.0402 0.7687 0.7497 2.2071 0.3319 0.3424 0.4636 0.4701
1.0430 0.7947 1.0659 0.7531 0.7320 2.1856 0.3369 0.3557 0.4655 0.4787
1.0452 0.7880 1.0487 0.7707 0.7553 2.2246 0.3131 0.3347 0.4453 0.4638
1.0533 0.7859 1.0522 0.7741 0.7594 2.1887 0.3221 0.3321 0.4549 0.4621
1.0536 0.7859 1.0689 0.7632 0.7454 2.1812 0.3472 0.3677 0.4773 0.4925
1.0433 0.7887 1.0914 0.7535 0.7385 2.1957 0.3353 0.3519 0.4641 0.4767
1.0578 0.7810 1.0839 0.7568 0.7386 2.1470 0.3384 0.3522 0.4677 0.4770
1.0534 0.7840 1.0997 0.7467 0.7241 2.2152 0.3523 0.3752 0.4788 0.4943
1.0623 0.7813 1.0852 0.7638 0.7458 2.2453 0.3353 0.3560 0.4660 0.4819
1.0681 0.7846 1.1317 0.7416 0.7244 2.1167 0.3537 0.3785 0.4790 0.4972
1.0712 0.7772 1.1189 0.7453 0.7273 2.1668 0.3398 0.3561 0.4668 0.4782
1.0650 0.7813 1.1253 0.7447 0.7254 2.1720 0.3469 0.3721 0.4733 0.4918
1.0769 0.7831 1.1240 0.7489 0.7306 2.2418 0.3441 0.3680 0.4715 0.4895
1.0813 0.7765 1.1378 0.7416 0.7260 2.1778 0.3376 0.3532 0.4639 0.4752
1.0761 0.7797 1.1200 0.7590 0.7405 2.2116 0.3286 0.3406 0.4586 0.4666
1.0844 0.7736 1.1541 0.7368 0.7231 2.1839 0.3442 0.3560 0.4692 0.4771
1.0797 0.7763 1.1662 0.7330 0.7151 2.1836 0.3507 0.3720 0.4745 0.4894
1.0882 0.7770 1.1507 0.7416 0.7242 2.1768 0.3412 0.3595 0.4674 0.4805
1.0896 0.7730 1.1639 0.7404 0.7251 2.2129 0.3402 0.3647 0.4662 0.4853
1.0918 0.7739 1.1761 0.7279 0.7097 2.1830 0.3446 0.3676 0.4678 0.4843
1.1020 0.7710 1.1744 0.7384 0.7194 2.1972 0.3390 0.3616 0.4646 0.4813
1.0977 0.7688 1.1804 0.7317 0.7103 2.1795 0.3599 0.3819 0.4825 0.4967
1.0938 0.7700 1.1843 0.7376 0.7201 2.1585 0.3411 0.3592 0.4665 0.4793
1.1016 0.7697 1.1952 0.7217 0.7000 2.1842 0.3428 0.3659 0.4648 0.4806
1.0919 0.7704 1.1901 0.7257 0.7063 2.2090 0.3602 0.3768 0.4815 0.4914
1.0996 0.7764 1.1884 0.7317 0.7155 2.2232 0.3471 0.3653 0.4708 0.4836
1.1124 0.7661 1.2033 0.7243 0.7055 2.2019 0.3504 0.3738 0.4723 0.4887
1.1050 0.7651 1.1923 0.7293 0.7129 2.2187 0.3377 0.3562 0.4617 0.4750
1.0995 0.7716 1.2010 0.7245 0.7056 2.1948 0.3485 0.3635 0.4706 0.4798
1.1008 0.7749 1.2182 0.7211 0.7031 2.2152 0.3587 0.3728 0.4790 0.4873
1.1095 0.7660 1.2054 0.7227 0.7062 2.1974 0.3551 0.3680 0.4762 0.4839
1.1177 0.7632 1.2105 0.7223 0.7061 2.2217 0.3405 0.3581 0.4629 0.4752
1.1071 0.7641 1.2187 0.7192 0.7018 2.2094 0.3680 0.3892 0.4869 0.5007
1.1082 0.7612 1.1930 0.7273 0.7078 2.2269 0.3520 0.3760 0.4744 0.4911
1.1063 0.7649 1.2110 0.7166 0.6986 2.2256 0.3536 0.3753 0.4735 0.4883
1.1005 0.7642 1.2109 0.7198 0.7035 2.2232 0.3539 0.3776 0.4745 0.4914
1.1072 0.7619 1.2184 0.7146 0.6987 2.2354 0.3456 0.3690 0.4659 0.4829
1.1093 0.7601 1.2135 0.7156 0.6944 2.2244 0.3541 0.3710 0.4738 0.4836
1.1059 0.7632 1.2089 0.7235 0.7038 2.1849 0.3590 0.3776 0.4799 0.4915
1.1124 0.7623 1.2151 0.7158 0.7027 2.2390 0.3444 0.3673 0.4651 0.4824
1.0982 0.7666 1.2252 0.7120 0.6965 2.2130 0.3567 0.3794 0.4753 0.4912
1.1073 0.7635 1.2229 0.7116 0.6956 2.2127 0.3536 0.3765 0.4724 0.4886
1.1017 0.7684 1.2236 0.7116 0.6968 2.2117 0.3544 0.3770 0.4732 0.4893
1.1005 0.7674 1.2229 0.7130 0.6967 2.2130 0.3537 0.3750 0.4729 0.4876
1.1050 0.7644 1.2200 0.7146 0.6992 2.2078 0.3543 0.3765 0.4737 0.4895
1.1048 0.7633 1.2157 0.7160 0.7004 2.2124 0.3511 0.3707 0.4712 0.4848
1.1011 0.7653 1.2168 0.7162 0.6989 2.2286 0.3527 0.3719 0.4726 0.4854
1.1142 0.7612 1.2199 0.7144 0.6980 2.2293 0.3499 0.3678 0.4697 0.4817
1.1004 0.7711 1.2196 0.7122 0.6952 2.2038 0.3534 0.3722 0.4724 0.4848
1.1078 0.7638 1.2188 0.7146 0.6969 2.2186 0.3560 0.3768 0.4753 0.4891
1.1038 0.7634 1.2216 0.7130 0.6965 2.2174 0.3576 0.3797 0.4763 0.4915
1.1044 0.7671 1.2212 0.7132 0.6977 2.2018 0.3537 0.3753 0.4729 0.4881
1.1013 0.7641 1.2220 0.7106 0.6916 2.2108 0.3566 0.3796 0.4748 0.4902
1.1062 0.7641 1.2192 0.7156 0.6986 2.2311 0.3534 0.3761 0.4731 0.4890
1.1033 0.7678 1.2214 0.7122 0.6928 2.2096 0.3527 0.3737 0.4717 0.4855
1.1075 0.7603 1.2208 0.7122 0.6929 2.2207 0.3558 0.3799 0.4746 0.4908
1.0990 0.7675 1.2182 0.7168 0.6975 2.2224 0.3495 0.3703 0.4699 0.4838
1.1014 0.7642 1.2193 0.7136 0.6950 2.2301 0.3520 0.3736 0.4714 0.4859
1.1006 0.7661 1.2191 0.7148 0.6976 2.2149 0.3485 0.3671 0.4685 0.4810
1.1038 0.7680 1.2170 0.7162 0.6975 2.2254 0.3564 0.3773 0.4759 0.4897
1.1048 0.7644 1.2225 0.7122 0.6961 2.2134 0.3522 0.3719 0.4713 0.4848
1.1087 0.7633 1.2192 0.7120 0.6957 2.2218 0.3490 0.3702 0.4684 0.4832
1.1074 0.7659 1.2189 0.7124 0.6936 2.2311 0.3513 0.3700 0.4705 0.4825
1.1064 0.7622 1.2205 0.7114 0.6958 2.2182 0.3476 0.3694 0.4670 0.4826
1.1080 0.7637 1.2184 0.7124 0.6960 2.2131 0.3507 0.3708 0.4701 0.4838
1.1046 0.7671 1.2200 0.7124 0.6958 2.2111 0.3548 0.3743 0.4737 0.4867
1.1036 0.7625 1.2202 0.7079 0.6906 2.2266 0.3520 0.3714 0.4702 0.4830
1.1064 0.7606 1.2216 0.7116 0.6960 2.2283 0.3539 0.3762 0.4727 0.4884
1.1054 0.7612 1.2214 0.7154 0.7004 2.2214 0.3523 0.3711 0.4721 0.4851
1.0992 0.7672 1.2272 0.7114 0.6941 2.2144 0.3553 0.3744 0.4739 0.4865
1.0980 0.7634 1.2267 0.7112 0.6964 2.2036 0.3479 0.3644 0.4673 0.4784
1.1079 0.7634 1.2177 0.7136 0.6969 2.2208 0.3511 0.3682 0.4706 0.4819
1.1080 0.7664 1.2237 0.7108 0.6940 2.2058 0.3502 0.3712 0.4692 0.4837
1.1060 0.7608 1.2196 0.7128 0.6936 2.2192 0.3530 0.3707 0.4722 0.4832
1.1069 0.7630 1.2224 0.7144 0.6989 2.2027 0.3478 0.3673 0.4678 0.4816
1.1007 0.7665 1.2232 0.7130 0.6954 2.2224 0.3492 0.3693 0.4688 0.4824
1.1081 0.7621 1.2245 0.7130 0.6944 2.2167 0.3546 0.3728 0.4737 0.4852
1.1046 0.7630 1.2239 0.7114 0.6953 2.2163 0.3509 0.3702 0.4700 0.4831
1.1020 0.7614 1.2266 0.7114 0.6937 2.2046 0.3520 0.3679 0.4709 0.4808
1.1041 0.7628 1.2205 0.7146 0.6969 2.2134 0.3502 0.3671 0.4701 0.4809
