3.6073 0.1221 3.8205 0.0365 0.0297 2.7728 0.2857 0.2914 0.0647 0.0539
3.0236 0.3004 3.2827 0.2186 0.1768 2.3397 0.3808 0.4050 0.2778 0.2462
2.5269 0.4389 2.6871 0.3780 0.3217 2.1207 0.4345 0.4478 0.4043 0.3745
2.1263 0.5276 2.1961 0.4532 0.3957 1.9875 0.4716 0.4742 0.4622 0.4314
1.8296 0.5817 1.8348 0.5315 0.4880 1.9591 0.4712 0.4609 0.4995 0.4741
1.6056 0.6426 1.5897 0.6008 0.5703 1.9409 0.4443 0.4212 0.5109 0.4846
1.4487 0.6879 1.4095 0.6426 0.6169 1.9141 0.4229 0.4048 0.5101 0.4888
1.3377 0.7148 1.2604 0.7005 0.6843 1.9410 0.4042 0.3868 0.5126 0.4942
1.2561 0.7419 1.1799 0.7243 0.7073 1.9409 0.3916 0.3868 0.5083 0.5002
1.1913 0.7519 1.1207 0.7356 0.7202 1.9477 0.3794 0.3891 0.5006 0.5052
1.1465 0.7671 1.0855 0.7497 0.7352 1.9079 0.3815 0.3660 0.5057 0.4887
1.1353 0.7701 1.0883 0.7342 0.7187 1.9119 0.3787 0.3901 0.4997 0.5057
1.1213 0.7695 1.0238 0.7832 0.7756 1.9650 0.3525 0.3421 0.4862 0.4748
1.0912 0.7846 1.0369 0.7584 0.7394 1.9239 0.3715 0.3733 0.4987 0.4962
1.0772 0.7870 1.0175 0.7757 0.7624 1.9350 0.3567 0.3511 0.4887 0.4808
1.0691 0.7903 1.0140 0.7781 0.7699 1.9422 0.3555 0.3514 0.4880 0.4826
1.0562 0.7981 1.0019 0.7775 0.7643 1.9694 0.3432 0.3423 0.4762 0.4728
1.0567 0.7894 1.0348 0.7634 0.7516 1.9217 0.3740 0.3713 0.5020 0.4970
1.0726 0.7865 1.0095 0.7763 0.7653 1.9955 0.3536 0.3780 0.4859 0.5060
1.0569 0.7944 1.0219 0.7767 0.7644 1.9457 0.3669 0.3565 0.4984 0.4862
1.0576 0.7930 1.0174 0.7775 0.7629 1.9719 0.3636 0.3867 0.4955 0.5133
1.0449 0.8000 1.0346 0.7717 0.7582 1.9564 0.3664 0.3757 0.4969 0.5025
1.0511 0.7956 1.0386 0.7678 0.7504 1.9417 0.3697 0.3767 0.4991 0.5016
1.0669 0.7890 1.0398 0.7749 0.7613 1.9684 0.3425 0.3425 0.4750 0.4724
1.0525 0.7980 1.0347 0.7779 0.7608 1.9843 0.3668 0.3815 0.4985 0.5082
1.0615 0.7960 1.0563 0.7666 0.7504 1.9791 0.3490 0.3513 0.4796 0.4785
1.0602 0.7951 1.0739 0.7584 0.7433 1.9598 0.3712 0.3847 0.4984 0.5070
1.0666 0.7873 1.0847 0.7620 0.7488 1.9382 0.3706 0.3789 0.4987 0.5032
1.0647 0.7900 1.0657 0.7610 0.7462 2.0234 0.3604 0.3849 0.4892 0.5078
1.0667 0.7832 1.1018 0.7471 0.7337 1.9209 0.3905 0.4009 0.5129 0.5185
1.0792 0.7846 1.0980 0.7551 0.7391 1.9711 0.3608 0.3616 0.4883 0.4856
1.0790 0.7821 1.0930 0.7568 0.7310 1.9463 0.3833 0.3932 0.5089 0.5114
1.0741 0.7850 1.0902 0.7624 0.7435 1.9531 0.3668 0.3579 0.4953 0.4832
1.0785 0.7817 1.1181 0.7489 0.7387 1.9589 0.3763 0.3825 0.5009 0.5040
1.0789 0.7850 1.1144 0.7475 0.7351 1.9755 0.3882 0.4046 0.5110 0.5219
1.0836 0.7879 1.1301 0.7509 0.7407 1.9404 0.3678 0.3635 0.4938 0.4877
1.0880 0.7777 1.1306 0.7475 0.7288 1.9654 0.3849 0.3942 0.5081 0.5117
1.0892 0.7792 1.1255 0.7475 0.7308 1.9583 0.3717 0.3795 0.4965 0.4996
1.0883 0.7765 1.1307 0.7531 0.7401 1.9689 0.3784 0.3863 0.5037 0.5076
1.0924 0.7776 1.1408 0.7481 0.7301 1.9501 0.3784 0.3737 0.5025 0.4943
1.0891 0.7802 1.1492 0.7386 0.7152 1.9399 0.3835 0.3869 0.5048 0.5021
1.0966 0.7731 1.1468 0.7418 0.7262 1.9744 0.3847 0.3933 0.5067 0.5103
1.0935 0.7755 1.1572 0.7394 0.7228 1.9324 0.3977 0.4032 0.5172 0.5176
1.0974 0.7739 1.1543 0.7382 0.7198 1.9438 0.3873 0.3849 0.5081 0.5016
1.0955 0.7759 1.1511 0.7392 0.7186 1.9846 0.3773 0.3907 0.4996 0.5062
1.0914 0.7782 1.1805 0.7253 0.7085 1.9451 0.3928 0.4030 0.5096 0.5138
1.1004 0.7680 1.1568 0.7368 0.7144 2.0044 0.3843 0.3994 0.5052 0.5124
1.0960 0.7752 1.1586 0.7362 0.7177 1.9934 0.3747 0.3854 0.4966 0.5015
1.0984 0.7724 1.1691 0.7275 0.7072 1.9891 0.3755 0.3877 0.4954 0.5008
1.1054 0.7655 1.1612 0.7344 0.7173 1.9967 0.3669 0.3760 0.4894 0.4934
1.1049 0.7667 1.1764 0.7257 0.7075 2.0007 0.3828 0.3864 0.5012 0.4998
1.1044 0.7695 1.1773 0.7251 0.7058 1.9766 0.3782 0.3922 0.4971 0.5043
1.1041 0.7630 1.1859 0.7255 0.7034 1.9570 0.3894 0.3949 0.5068 0.5058
1.1083 0.7698 1.1969 0.7160 0.7017 1.9697 0.3854 0.4025 0.5011 0.5116
1.1155 0.7602 1.1885 0.7245 0.7107 1.9693 0.3801 0.3924 0.4986 0.5056
1.0994 0.7699 1.1855 0.7209 0.7004 1.9664 0.3799 0.3917 0.4976 0.5024
1.1072 0.7647 1.1860 0.7289 0.7098 2.0202 0.3697 0.3801 0.4906 0.4951
1.1096 0.7663 1.1928 0.7196 0.7046 1.9891 0.3733 0.3833 0.4916 0.4965
1.1073 0.7624 1.1954 0.7164 0.6991 1.9913 0.3826 0.3945 0.4988 0.5044
1.1026 0.7617 1.2032 0.7108 0.6941 1.9897 0.3683 0.3713 0.4852 0.4838
1.1065 0.7610 1.2007 0.7142 0.6967 1.9941 0.3773 0.3860 0.4938 0.4968
1.1005 0.7692 1.1929 0.7188 0.7010 2.0057 0.3770 0.3907 0.4946 0.5018
1.1003 0.7720 1.1872 0.7215 0.7032 2.0220 0.3713 0.3829 0.4903 0.4958
1.0985 0.7714 1.1909 0.7190 0.7008 1.9972 0.3743 0.3824 0.4923 0.4948
1.0981 0.7695 1.1952 0.7162 0.6992 1.9977 0.3763 0.3870 0.4933 0.4983
1.1015 0.7683 1.1900 0.7196 0.7033 2.0044 0.3736 0.3845 0.4919 0.4972
1.1051 0.7693 1.1900 0.7184 0.7020 2.0079 0.3748 0.3859 0.4927 0.4980
1.1059 0.7665 1.1914 0.7196 0.7021 1.9995 0.3771 0.3906 0.4949 0.5020
1.0945 0.7741 1.1936 0.7180 0.6995 2.0034 0.3761 0.3862 0.4936 0.4977
1.1092 0.7649 1.1952 0.7176 0.7000 1.9937 0.3782 0.3890 0.4953 0.5001
1.1040 0.7713 1.1952 0.7192 0.7031 2.0076 0.3747 0.3850 0.4927 0.4975
1.1052 0.7694 1.1918 0.7198 0.7032 2.0062 0.3715 0.3811 0.4901 0.4943
1.0991 0.7681 1.1941 0.7150 0.6983 1.9957 0.3734 0.3837 0.4906 0.4953
1.1012 0.7712 1.1894 0.7192 0.7012 2.0198 0.3750 0.3857 0.4930 0.4977
1.1034 0.7690 1.1920 0.7176 0.7005 2.0097 0.3724 0.3829 0.4903 0.4952
1.1028 0.7699 1.1932 0.7172 0.6984 2.0068 0.3775 0.3873 0.4946 0.4983
1.1082 0.7651 1.1895 0.7217 0.7028 2.0084 0.3719 0.3796 0.4908 0.4929
1.1105 0.7681 1.1911 0.7190 0.7005 1.9886 0.3764 0.3865 0.4942 0.4981
1.0980 0.7712 1.1945 0.7162 0.6985 2.0125 0.3748 0.3845 0.4921 0.4960
1.1025 0.7708 1.1999 0.7160 0.6986 2.0064 0.3771 0.3879 0.4940 0.4988
1.0986 0.7692 1.1952 0.7178 0.7015 1.9950 0.3773 0.3870 0.4946 0.4989
1.0935 0.7708 1.1946 0.7156 0.6986 2.0043 0.3750 0.3853 0.4921 0.4966
1.1031 0.7690 1.1962 0.7146 0.6980 1.9965 0.3743 0.3856 0.4913 0.4968
1.1066 0.7668 1.1920 0.7180 0.6995 2.0163 0.3733 0.3853 0.4912 0.4969
1.1038 0.7674 1.1923 0.7170 0.6989 1.9935 0.3768 0.3880 0.4940 0.4990
1.1022 0.7621 1.1935 0.7152 0.6985 2.0183 0.3731 0.3846 0.4904 0.4961
1.1029 0.7709 1.1958 0.7148 0.6975 2.0039 0.3745 0.3843 0.4915 0.4956
1.1099 0.7631 1.1941 0.7160 0.6984 2.0109 0.3763 0.3923 0.4933 0.5024
1.1090 0.7617 1.2000 0.7142 0.6969 2.0023 0.3775 0.3895 0.4939 0.4997
1.1037 0.7697 1.1928 0.7178 0.6999 2.0154 0.3729 0.3824 0.4908 0.4946
1.1016 0.7681 1.1961 0.7150 0.6967 1.9971 0.3777 0.3874 0.4943 0.4979
1.1106 0.7645 1.1957 0.7172 0.6999 2.0059 0.3747 0.3847 0.4922 0.4965
1.1008 0.7688 1.1936 0.7152 0.6961 2.0110 0.3763 0.3886 0.4931 0.4987
1.1043 0.7668 1.1972 0.7120 0.6925 2.0067 0.3724 0.3847 0.4890 0.4946
1.1036 0.7650 1.1983 0.7136 0.6957 2.0001 0.3759 0.3892 0.4924 0.4991
1.1031 0.7671 1.1887 0.7184 0.7000 2.0292 0.3683 0.3826 0.4870 0.4948
1.1013 0.7639 1.1973 0.7136 0.6957 2.0036 0.3736 0.3863 0.4904 0.4968
1.1042 0.7664 1.1971 0.7170 0.7011 2.0056 0.3755 0.3882 0.4929 0.4997
1.1188 0.7610 1.1947 0.7160 0.7023 2.0095 0.3729 0.3845 0.4904 0.4969
1.0977 0.7702 1.1992 0.7140 0.6983 2.0032 0.3759 0.3876 0.4925 0.4985
