6.4769 0.0199 6.7033 0.0000 0.0000 5.8777 0.0583 0.0583 0.0000 0.0000
6.0534 0.0710 7.0578 0.0000 0.0000 4.7647 0.1222 0.1222 0.0000 0.0000
5.6356 0.1799 6.8799 0.0000 0.0000 4.2701 0.2306 0.2306 0.0000 0.0000
5.2554 0.2755 6.7137 0.0000 0.0000 3.8042 0.3139 0.3139 0.0000 0.0000
4.8465 0.3373 6.5104 0.0000 0.0000 3.4301 0.3736 0.3736 0.0000 0.0000
4.4784 0.3902 6.1704 0.0000 0.0000 3.2648 0.3847 0.3847 0.0000 0.0000
4.1190 0.4247 5.8098 0.0035 0.0035 3.1644 0.3993 0.3993 0.0069 0.0069
3.8062 0.4397 5.3567 0.0143 0.0143 3.2013 0.4042 0.4042 0.0277 0.0277
3.5373 0.4605 4.9741 0.0291 0.0291 3.2695 0.4139 0.4139 0.0543 0.0543
3.2985 0.4758 4.6584 0.0578 0.0578 3.3023 0.4160 0.4160 0.1014 0.1014
3.1101 0.4992 4.4431 0.0915 0.0915 3.3313 0.4125 0.4125 0.1497 0.1497
2.9169 0.5217 4.1748 0.1260 0.1260 3.3786 0.4132 0.4132 0.1931 0.1931
2.7699 0.5450 3.9368 0.1508 0.1508 3.3948 0.4042 0.4042 0.2196 0.2196
2.6522 0.5593 3.8086 0.1810 0.1810 3.4284 0.4014 0.4014 0.2495 0.2495
2.5001 0.5861 3.5893 0.2120 0.2120 3.4862 0.4028 0.4028 0.2778 0.2778
2.4133 0.5945 3.5235 0.2372 0.2372 3.4839 0.3931 0.3931 0.2959 0.2959
2.3254 0.6097 3.3153 0.2752 0.2752 3.5386 0.3854 0.3854 0.3211 0.3211
2.2349 0.6229 3.2345 0.3008 0.3008 3.5529 0.3729 0.3729 0.3330 0.3330
2.1499 0.6397 3.1559 0.3159 0.3159 3.5572 0.3778 0.3778 0.3441 0.3441
2.0843 0.6541 2.9713 0.3453 0.3453 3.6199 0.3632 0.3632 0.3540 0.3540
1.9929 0.6732 2.9266 0.3581 0.3581 3.6253 0.3563 0.3563 0.3572 0.3572
1.9515 0.6793 2.8609 0.3779 0.3779 3.6464 0.3465 0.3465 0.3615 0.3615
1.8834 0.6927 2.7481 0.3992 0.3992 3.6683 0.3486 0.3486 0.3722 0.3722
1.8453 0.6965 2.6157 0.4198 0.4198 3.7133 0.3410 0.3410 0.3763 0.3763
1.7889 0.7067 2.6003 0.4283 0.4283 3.6818 0.3326 0.3326 0.3745 0.3745
1.7441 0.7120 2.4953 0.4527 0.4527 3.7269 0.3375 0.3375 0.3867 0.3867
1.6964 0.7228 2.4706 0.4752 0.4752 3.7548 0.3306 0.3306 0.3899 0.3899
1.6606 0.7354 2.3627 0.4806 0.4806 3.7779 0.3326 0.3326 0.3932 0.3932
1.5988 0.7471 2.3598 0.5089 0.5089 3.8104 0.3160 0.3160 0.3899 0.3899
1.5643 0.7528 2.2680 0.5147 0.5147 3.8055 0.3215 0.3215 0.3958 0.3958
1.5303 0.7579 2.2221 0.5233 0.5233 3.8556 0.3104 0.3104 0.3897 0.3897
1.5027 0.7598 2.1789 0.5547 0.5547 3.8640 0.3104 0.3104 0.3981 0.3981
1.4721 0.7682 2.1450 0.5659 0.5659 3.8858 0.3000 0.3000 0.3921 0.3921
1.4483 0.7734 2.0699 0.5620 0.5620 3.9026 0.2951 0.2951 0.3870 0.3870
1.3950 0.7864 2.0284 0.5798 0.5798 3.9290 0.2903 0.2903 0.3869 0.3869
1.3556 0.7907 2.0134 0.5903 0.5903 3.9331 0.2910 0.2910 0.3898 0.3898
1.3391 0.7978 1.9628 0.6097 0.6097 3.9764 0.2799 0.2799 0.3836 0.3836
1.3244 0.7989 1.9084 0.6101 0.6101 3.9608 0.2819 0.2819 0.3857 0.3857
1.2743 0.8083 1.8438 0.6298 0.6298 3.9756 0.2743 0.2743 0.3822 0.3822
1.2648 0.8169 1.8554 0.6384 0.6384 4.0257 0.2632 0.2632 0.3727 0.3727
1.2387 0.8192 1.8074 0.6434 0.6434 4.0245 0.2736 0.2736 0.3839 0.3839
1.2252 0.8226 1.7344 0.6659 0.6659 4.0626 0.2604 0.2604 0.3744 0.3744
1.1773 0.8343 1.7209 0.6713 0.6713 4.0479 0.2646 0.2646 0.3796 0.3796
1.1563 0.8380 1.6853 0.6860 0.6860 4.0910 0.2611 0.2611 0.3783 0.3783
1.1343 0.8439 1.6327 0.6957 0.6957 4.0846 0.2542 0.2542 0.3723 0.3723
1.1146 0.8497 1.6091 0.6965 0.6965 4.0986 0.2493 0.2493 0.3672 0.3672
1.0941 0.8571 1.5827 0.7163 0.7163 4.1386 0.2521 0.2521 0.3729 0.3729
1.0700 0.8591 1.5314 0.7236 0.7236 4.1514 0.2424 0.2424 0.3631 0.3631
1.0486 0.8608 1.4994 0.7291 0.7291 4.1596 0.2403 0.2403 0.3614 0.3614
1.0301 0.8671 1.5197 0.7399 0.7399 4.1672 0.2278 0.2278 0.3483 0.3483
1.0191 0.8731 1.4783 0.7446 0.7446 4.1715 0.2375 0.2375 0.3601 0.3601
1.0140 0.8751 1.4710 0.7488 0.7488 4.1638 0.2389 0.2389 0.3622 0.3622
1.0137 0.8747 1.4652 0.7484 0.7484 4.1731 0.2347 0.2347 0.3574 0.3574
1.0070 0.8747 1.4794 0.7512 0.7512 4.1686 0.2347 0.2347 0.3577 0.3577
0.9991 0.8771 1.4556 0.7508 0.7508 4.1654 0.2368 0.2368 0.3600 0.3600
1.0112 0.8727 1.4388 0.7527 0.7527 4.1733 0.2354 0.2354 0.3587 0.3587
1.0051 0.8763 1.4656 0.7543 0.7543 4.1735 0.2333 0.2333 0.3564 0.3564
0.9927 0.8810 1.4309 0.7554 0.7554 4.1787 0.2347 0.2347 0.3582 0.3582
0.9913 0.8803 1.4665 0.7585 0.7585 4.1787 0.2271 0.2271 0.3495 0.3495
0.9871 0.8848 1.4194 0.7616 0.7616 4.1935 0.2306 0.2306 0.3540 0.3540
0.9824 0.8817 1.4265 0.7581 0.7581 4.1894 0.2347 0.2347 0.3585 0.3585
0.9744 0.8855 1.4189 0.7593 0.7593 4.1801 0.2340 0.2340 0.3578 0.3578
0.9744 0.8839 1.4107 0.7636 0.7636 4.1895 0.2313 0.2313 0.3550 0.3550
0.9830 0.8781 1.4104 0.7671 0.7671 4.2119 0.2326 0.2326 0.3570 0.3570
0.9913 0.8810 1.4064 0.7682 0.7682 4.1999 0.2319 0.2319 0.3563 0.3563
0.9702 0.8853 1.4093 0.7698 0.7698 4.1999 0.2347 0.2347 0.3597 0.3597
0.9634 0.8883 1.4149 0.7671 0.7671 4.1944 0.2340 0.2340 0.3586 0.3586
0.9683 0.8884 1.3935 0.7702 0.7702 4.2020 0.2326 0.2326 0.3573 0.3573
0.9672 0.8855 1.4036 0.7682 0.7682 4.2151 0.2319 0.2319 0.3563 0.3563
0.9688 0.8833 1.4057 0.7705 0.7705 4.1872 0.2292 0.2292 0.3533 0.3533
0.9560 0.8904 1.3798 0.7709 0.7709 4.2015 0.2326 0.2326 0.3574 0.3574
0.9631 0.8842 1.3906 0.7725 0.7725 4.2103 0.2333 0.2333 0.3584 0.3584
0.9484 0.8904 1.3978 0.7729 0.7729 4.2144 0.2292 0.2292 0.3535 0.3535
0.9654 0.8833 1.3796 0.7748 0.7748 4.2020 0.2285 0.2285 0.3529 0.3529
0.9459 0.8938 1.3755 0.7779 0.7779 4.2225 0.2278 0.2278 0.3524 0.3524
0.9568 0.8899 1.3812 0.7748 0.7748 4.2263 0.2299 0.2299 0.3545 0.3545
0.9377 0.8953 1.3837 0.7748 0.7748 4.2175 0.2285 0.2285 0.3529 0.3529
0.9554 0.8850 1.3898 0.7798 0.7798 4.2125 0.2313 0.2313 0.3567 0.3567
0.9423 0.8922 1.3789 0.7795 0.7795 4.2190 0.2264 0.2264 0.3509 0.3509
0.9488 0.8880 1.3645 0.7802 0.7802 4.2206 0.2250 0.2250 0.3493 0.3493
0.9460 0.8898 1.3687 0.7826 0.7826 4.2185 0.2236 0.2236 0.3478 0.3478
0.9448 0.8897 1.3647 0.7818 0.7818 4.2215 0.2250 0.2250 0.3494 0.3494
0.9489 0.8854 1.3486 0.7837 0.7837 4.2203 0.2257 0.2257 0.3505 0.3505
0.9437 0.8885 1.3613 0.7845 0.7845 4.2161 0.2250 0.2250 0.3497 0.3497
0.9424 0.8882 1.3843 0.7872 0.7872 4.2194 0.2278 0.2278 0.3533 0.3533
0.9365 0.8943 1.3202 0.7857 0.7857 4.2307 0.2250 0.2250 0.3498 0.3498
0.9252 0.8979 1.3365 0.7872 0.7872 4.2324 0.2243 0.2243 0.3491 0.3491
0.9278 0.8967 1.3453 0.7876 0.7876 4.2366 0.2236 0.2236 0.3483 0.3483
0.9346 0.8913 1.3241 0.7884 0.7884 4.2346 0.2271 0.2271 0.3526 0.3526
0.9405 0.8932 1.3431 0.7891 0.7891 4.2329 0.2250 0.2250 0.3502 0.3502
0.9212 0.8947 1.3589 0.7888 0.7888 4.2358 0.2271 0.2271 0.3526 0.3526
0.9236 0.8937 1.3378 0.7926 0.7926 4.2431 0.2278 0.2278 0.3539 0.3539
0.9173 0.8973 1.3438 0.7953 0.7953 4.2334 0.2306 0.2306 0.3575 0.3575
0.9190 0.8959 1.3184 0.7930 0.7930 4.2307 0.2333 0.2333 0.3606 0.3606
0.9242 0.8939 1.3284 0.7942 0.7942 4.2456 0.2299 0.2299 0.3565 0.3565
0.9165 0.8972 1.3183 0.7911 0.7911 4.2408 0.2243 0.2243 0.3495 0.3495
0.9134 0.8970 1.3027 0.7938 0.7938 4.2408 0.2229 0.2229 0.3481 0.3481
0.9043 0.9027 1.2937 0.7953 0.7953 4.2449 0.2222 0.2222 0.3474 0.3474
0.9118 0.8990 1.2928 0.7946 0.7946 4.2472 0.2264 0.2264 0.3524 0.3524
0.9014 0.8965 1.3011 0.7915 0.7915 4.2342 0.2278 0.2278 0.3537 0.3537
