6.3541 0.0194 6.9442 0.0000 0.0000 5.5638 0.0410 0.0410 0.0000 0.0000
5.6069 0.1017 7.7526 0.0000 0.0000 4.3973 0.1646 0.1646 0.0000 0.0000
5.0434 0.2899 7.4835 0.0000 0.0000 3.9629 0.2521 0.2521 0.0000 0.0000
4.5797 0.3995 7.5667 0.0000 0.0000 3.4599 0.3118 0.3118 0.0000 0.0000
4.1670 0.5029 7.4590 0.0000 0.0000 3.1252 0.3625 0.3625 0.0000 0.0000
3.7854 0.5588 7.2400 0.0000 0.0000 2.9313 0.4069 0.4069 0.0000 0.0000
3.4451 0.6096 6.9547 0.0000 0.0000 2.8314 0.4194 0.4194 0.0000 0.0000
3.1943 0.6296 6.6519 0.0000 0.0000 2.7953 0.4174 0.4174 0.0000 0.0000
2.9667 0.6451 6.3215 0.0019 0.0019 2.8061 0.4403 0.4403 0.0039 0.0039
2.7928 0.6497 6.0511 0.0054 0.0054 2.8467 0.4167 0.4167 0.0107 0.0107
2.6369 0.6620 5.7597 0.0093 0.0093 2.8636 0.4313 0.4312 0.0182 0.0182
2.4910 0.6692 5.4661 0.0140 0.0140 2.9399 0.4250 0.4250 0.0270 0.0270
2.3749 0.6718 5.2071 0.0205 0.0205 2.9596 0.4333 0.4333 0.0392 0.0392
2.2643 0.6837 5.0018 0.0287 0.0287 2.9718 0.4361 0.4361 0.0538 0.0538
2.1524 0.6901 4.7485 0.0519 0.0519 3.0699 0.4319 0.4319 0.0927 0.0927
2.0625 0.6971 4.5496 0.0698 0.0698 3.0751 0.4306 0.4306 0.1201 0.1201
1.9799 0.7060 4.4357 0.0899 0.0899 3.1077 0.4361 0.4361 0.1491 0.1491
1.9072 0.7154 4.2765 0.0988 0.0988 3.1188 0.4347 0.4347 0.1611 0.1611
1.8412 0.7186 4.0858 0.1252 0.1252 3.1933 0.4333 0.4333 0.1943 0.1943
1.7678 0.7293 3.9712 0.1353 0.1353 3.2325 0.4201 0.4201 0.2047 0.2047
1.7210 0.7346 3.7609 0.1562 0.1562 3.2844 0.4167 0.4167 0.2272 0.2272
1.6654 0.7448 3.7257 0.1717 0.1717 3.2585 0.4194 0.4194 0.2437 0.2437
1.6030 0.7493 3.5962 0.1884 0.1884 3.2779 0.4181 0.4181 0.2597 0.2597
1.5577 0.7579 3.4506 0.2120 0.2120 3.3583 0.4097 0.4097 0.2794 0.2794
1.5262 0.7633 3.3875 0.2322 0.2322 3.3864 0.4007 0.4007 0.2940 0.2940
1.4611 0.7704 3.2808 0.2481 0.2481 3.4063 0.4042 0.4042 0.3074 0.3074
1.4320 0.7743 3.1628 0.2624 0.2624 3.4637 0.3889 0.3889 0.3134 0.3134
1.4075 0.7810 3.1345 0.2779 0.2779 3.4388 0.3944 0.3944 0.3261 0.3261
1.3608 0.7852 3.0258 0.2953 0.2953 3.5047 0.3854 0.3854 0.3344 0.3344
1.3391 0.7880 2.9745 0.3089 0.3089 3.5087 0.3903 0.3903 0.3449 0.3449
1.3138 0.7940 2.9002 0.3283 0.3283 3.5404 0.3688 0.3688 0.3473 0.3473
1.2556 0.8048 2.8287 0.3453 0.3453 3.5760 0.3715 0.3715 0.3580 0.3580
1.2387 0.8061 2.7655 0.3616 0.3616 3.5979 0.3778 0.3778 0.3695 0.3695
1.2110 0.8122 2.7551 0.3655 0.3655 3.6060 0.3694 0.3694 0.3675 0.3675
1.1889 0.8102 2.6418 0.3826 0.3826 3.6585 0.3604 0.3604 0.3712 0.3712
1.1527 0.8192 2.6157 0.3891 0.3891 3.6270 0.3653 0.3653 0.3768 0.3768
1.1345 0.8236 2.5326 0.4066 0.4066 3.6609 0.3576 0.3576 0.3805 0.3805
1.1074 0.8280 2.4959 0.4233 0.4233 3.6873 0.3618 0.3618 0.3901 0.3901
1.1054 0.8306 2.4606 0.4298 0.4298 3.7271 0.3549 0.3549 0.3888 0.3888
1.0748 0.8308 2.3956 0.4426 0.4426 3.7250 0.3583 0.3583 0.3960 0.3960
1.0477 0.8385 2.3670 0.4512 0.4512 3.7898 0.3424 0.3424 0.3893 0.3893
1.0344 0.8414 2.2912 0.4597 0.4597 3.7750 0.3424 0.3424 0.3924 0.3924
1.0157 0.8428 2.2678 0.4779 0.4779 3.8231 0.3368 0.3368 0.3951 0.3951
1.0004 0.8491 2.2428 0.4864 0.4864 3.7932 0.3361 0.3361 0.3975 0.3975
0.9727 0.8565 2.2334 0.5039 0.5039 3.8549 0.3326 0.3326 0.4007 0.4007
0.9670 0.8535 2.1478 0.5132 0.5132 3.8868 0.3326 0.3326 0.4036 0.4036
0.9444 0.8599 2.1126 0.5171 0.5171 3.8548 0.3333 0.3333 0.4053 0.4053
0.9281 0.8579 2.0814 0.5260 0.5260 3.8692 0.3319 0.3319 0.4070 0.4070
0.9221 0.8574 2.0740 0.5419 0.5419 3.9045 0.3229 0.3229 0.4047 0.4047
0.8949 0.8635 2.0161 0.5422 0.5422 3.9318 0.3174 0.3174 0.4004 0.4004
0.8885 0.8684 1.9934 0.5465 0.5465 3.9151 0.3146 0.3146 0.3993 0.3993
0.8849 0.8684 2.0003 0.5484 0.5484 3.9048 0.3174 0.3174 0.4021 0.4021
0.8865 0.8651 1.9952 0.5539 0.5539 3.9126 0.3174 0.3174 0.4035 0.4035
0.8825 0.8653 1.9438 0.5554 0.5554 3.9330 0.3139 0.3139 0.4011 0.4011
0.8810 0.8666 1.9652 0.5562 0.5562 3.9275 0.3139 0.3139 0.4013 0.4013
0.8728 0.8678 1.9912 0.5574 0.5574 3.9224 0.3153 0.3153 0.4027 0.4027
0.8763 0.8684 1.9540 0.5597 0.5597 3.9315 0.3132 0.3132 0.4016 0.4016
0.8799 0.8714 1.9332 0.5628 0.5628 3.9379 0.3146 0.3146 0.4036 0.4036
0.8584 0.8753 1.9257 0.5612 0.5612 3.9434 0.3153 0.3153 0.4037 0.4037
0.8683 0.8717 1.9368 0.5620 0.5620 3.9390 0.3139 0.3139 0.4028 0.4028
0.8614 0.8702 1.9319 0.5647 0.5647 3.9318 0.3153 0.3153 0.4046 0.4046
0.8642 0.8672 1.9605 0.5643 0.5643 3.9412 0.3139 0.3139 0.4034 0.4034
0.8534 0.8770 1.9381 0.5655 0.5655 3.9419 0.3139 0.3139 0.4037 0.4037
0.8637 0.8707 1.9462 0.5686 0.5686 3.9441 0.3146 0.3146 0.4051 0.4051
0.8584 0.8724 1.9232 0.5682 0.5682 3.9475 0.3201 0.3201 0.4095 0.4095
0.8609 0.8721 1.8997 0.5713 0.5713 3.9659 0.3187 0.3188 0.4092 0.4092
0.8545 0.8749 1.8977 0.5733 0.5733 3.9568 0.3194 0.3194 0.4103 0.4103
0.8595 0.8728 1.9201 0.5725 0.5725 3.9510 0.3174 0.3174 0.4083 0.4083
0.8546 0.8699 1.9028 0.5736 0.5736 3.9559 0.3139 0.3139 0.4058 0.4058
0.8443 0.8754 1.8909 0.5748 0.5748 3.9543 0.3153 0.3153 0.4072 0.4072
0.8604 0.8706 1.8850 0.5744 0.5744 3.9679 0.3139 0.3139 0.4059 0.4059
0.8426 0.8757 1.8686 0.5764 0.5764 3.9662 0.3187 0.3188 0.4105 0.4105
0.8456 0.8746 1.8842 0.5764 0.5764 3.9614 0.3160 0.3160 0.4082 0.4082
0.8423 0.8765 1.8818 0.5802 0.5802 3.9541 0.3160 0.3160 0.4091 0.4091
0.8380 0.8783 1.8673 0.5795 0.5795 3.9496 0.3167 0.3167 0.4095 0.4095
0.8451 0.8719 1.8624 0.5829 0.5829 3.9682 0.3125 0.3125 0.4069 0.4069
0.8390 0.8772 1.8802 0.5853 0.5853 3.9795 0.3174 0.3174 0.4116 0.4116
0.8402 0.8760 1.8654 0.5864 0.5864 3.9819 0.3160 0.3160 0.4107 0.4107
0.8353 0.8769 1.8774 0.5845 0.5845 3.9887 0.3139 0.3139 0.4084 0.4084
0.8338 0.8721 1.8880 0.5864 0.5864 3.9719 0.3132 0.3132 0.4083 0.4083
0.8277 0.8811 1.8725 0.5857 0.5857 3.9705 0.3146 0.3146 0.4093 0.4093
0.8340 0.8752 1.8334 0.5884 0.5884 3.9811 0.3160 0.3160 0.4111 0.4111
0.8326 0.8758 1.8383 0.5907 0.5907 3.9724 0.3160 0.3160 0.4117 0.4117
0.8391 0.8736 1.8328 0.5907 0.5907 3.9897 0.3125 0.3125 0.4088 0.4088
0.8251 0.8819 1.8518 0.5930 0.5930 3.9972 0.3125 0.3125 0.4093 0.4093
0.8303 0.8770 1.8226 0.5930 0.5930 3.9994 0.3146 0.3146 0.4111 0.4111
0.8197 0.8835 1.8387 0.5942 0.5942 3.9887 0.3125 0.3125 0.4096 0.4096
0.8354 0.8746 1.8248 0.5969 0.5969 3.9880 0.3125 0.3125 0.4102 0.4102
0.8053 0.8894 1.8328 0.5965 0.5965 3.9961 0.3118 0.3118 0.4095 0.4095
0.8113 0.8819 1.8282 0.5981 0.5981 3.9889 0.3132 0.3132 0.4111 0.4111
0.8127 0.8857 1.8122 0.6004 0.6004 4.0087 0.3132 0.3132 0.4117 0.4117
0.8042 0.8845 1.8004 0.6000 0.6000 3.9929 0.3090 0.3090 0.4079 0.4079
0.8143 0.8778 1.7939 0.6000 0.6000 3.9924 0.3069 0.3069 0.4061 0.4061
0.8051 0.8835 1.8044 0.6012 0.6012 3.9962 0.3063 0.3063 0.4058 0.4058
0.8204 0.8806 1.8133 0.6019 0.6019 3.9996 0.3076 0.3076 0.4072 0.4072
0.8033 0.8825 1.7986 0.6027 0.6027 3.9965 0.3063 0.3063 0.4061 0.4061
0.8213 0.8795 1.8192 0.6031 0.6031 4.0074 0.3083 0.3083 0.4081 0.4081
0.8069 0.8834 1.8058 0.6050 0.6050 4.0281 0.3069 0.3069 0.4073 0.4073
0.7963 0.8846 1.8039 0.6039 0.6039 4.0178 0.3056 0.3056 0.4058 0.4058
0.8107 0.8781 1.7666 0.6027 0.6027 4.0072 0.3042 0.3042 0.4043 0.4043
