6.4647 0.0159 6.6925 0.0000 0.0000 5.8806 0.0451 0.0451 0.0000 0.0000
6.0253 0.0596 7.0300 0.0000 0.0000 4.7686 0.1160 0.1160 0.0000 0.0000
5.6085 0.1667 6.7890 0.0000 0.0000 4.3134 0.2153 0.2153 0.0000 0.0000
5.2262 0.2748 6.6917 0.0000 0.0000 3.7860 0.3139 0.3139 0.0000 0.0000
4.8424 0.3566 6.4080 0.0000 0.0000 3.4374 0.3674 0.3674 0.0000 0.0000
4.4584 0.3919 6.0846 0.0008 0.0008 3.2489 0.3799 0.3799 0.0015 0.0015
4.0832 0.4259 5.6877 0.0058 0.0058 3.1431 0.4132 0.4132 0.0115 0.0115
3.7876 0.4470 5.2695 0.0174 0.0174 3.1821 0.4188 0.4188 0.0335 0.0335
3.5131 0.4684 4.9412 0.0360 0.0360 3.2213 0.4160 0.4160 0.0663 0.0663
3.2651 0.4854 4.6447 0.0620 0.0620 3.2533 0.4306 0.4306 0.1084 0.1084
3.0716 0.5082 4.3661 0.0977 0.0977 3.3039 0.4208 0.4208 0.1585 0.1585
2.9050 0.5258 4.0910 0.1318 0.1318 3.3551 0.4083 0.4083 0.1993 0.1993
2.7702 0.5463 3.9215 0.1558 0.1558 3.3632 0.4021 0.4021 0.2246 0.2246
2.6219 0.5681 3.7354 0.1922 0.1922 3.4005 0.3958 0.3958 0.2588 0.2588
2.5098 0.5826 3.6213 0.2202 0.2202 3.4235 0.3937 0.3938 0.2824 0.2824
2.3855 0.6041 3.4374 0.2523 0.2523 3.4671 0.3917 0.3917 0.3069 0.3069
2.3081 0.6199 3.2992 0.2833 0.2833 3.5059 0.3729 0.3729 0.3220 0.3220
2.2204 0.6310 3.2320 0.3004 0.3004 3.5107 0.3667 0.3667 0.3302 0.3302
2.1491 0.6428 3.0818 0.3217 0.3217 3.5569 0.3715 0.3715 0.3448 0.3448
2.0739 0.6561 3.0283 0.3492 0.3492 3.5656 0.3688 0.3688 0.3587 0.3587
2.0201 0.6639 2.9014 0.3702 0.3702 3.5735 0.3653 0.3653 0.3677 0.3677
1.9326 0.6890 2.8182 0.3829 0.3829 3.5967 0.3688 0.3688 0.3757 0.3757
1.8807 0.6853 2.7721 0.3915 0.3915 3.6113 0.3424 0.3424 0.3653 0.3653
1.8391 0.6975 2.6979 0.4089 0.4089 3.6351 0.3465 0.3465 0.3751 0.3751
1.7826 0.7036 2.6242 0.4275 0.4275 3.6697 0.3431 0.3431 0.3807 0.3807
1.7489 0.7134 2.5390 0.4519 0.4519 3.7047 0.3333 0.3333 0.3837 0.3837
1.6831 0.7251 2.4872 0.4752 0.4752 3.7649 0.3292 0.3292 0.3889 0.3889
1.6576 0.7291 2.4253 0.4864 0.4864 3.7496 0.3257 0.3257 0.3902 0.3902
1.6004 0.7516 2.3776 0.4946 0.4946 3.7700 0.3201 0.3201 0.3887 0.3887
1.5604 0.7508 2.3113 0.5027 0.5027 3.7759 0.3167 0.3167 0.3886 0.3886
1.5354 0.7571 2.2646 0.5151 0.5151 3.8167 0.3153 0.3153 0.3912 0.3912
1.4964 0.7616 2.1876 0.5384 0.5384 3.8305 0.2993 0.2993 0.3847 0.3847
1.4525 0.7724 2.1401 0.5403 0.5403 3.8537 0.3007 0.3007 0.3864 0.3864
1.4311 0.7803 2.0987 0.5574 0.5574 3.8571 0.3042 0.3042 0.3936 0.3936
1.4050 0.7805 2.0651 0.5640 0.5640 3.8795 0.2944 0.2944 0.3869 0.3869
1.3678 0.7850 2.0527 0.5860 0.5860 3.8946 0.2924 0.2924 0.3901 0.3901
1.3423 0.7958 1.9606 0.6004 0.6004 3.9156 0.2910 0.2910 0.3920 0.3920
1.3279 0.7974 1.9235 0.6171 0.6171 3.9402 0.2875 0.2875 0.3922 0.3922
1.2799 0.8092 1.8830 0.6213 0.6213 3.9478 0.2868 0.2868 0.3925 0.3925
1.2505 0.8154 1.8393 0.6364 0.6364 3.9877 0.2806 0.2806 0.3894 0.3894
1.2346 0.8190 1.7994 0.6488 0.6488 3.9718 0.2799 0.2799 0.3911 0.3911
1.2259 0.8194 1.7446 0.6628 0.6628 4.0008 0.2729 0.2729 0.3866 0.3866
1.1771 0.8327 1.7654 0.6643 0.6643 4.0238 0.2694 0.2694 0.3834 0.3834
1.1722 0.8326 1.6943 0.6775 0.6775 4.0467 0.2562 0.2563 0.3719 0.3719
1.1395 0.8443 1.6727 0.6841 0.6841 4.0475 0.2646 0.2646 0.3816 0.3816
1.1183 0.8434 1.6657 0.7019 0.7019 4.0655 0.2549 0.2549 0.3739 0.3739
1.0843 0.8572 1.6184 0.7136 0.7136 4.0950 0.2507 0.2507 0.3710 0.3710
1.0748 0.8564 1.5646 0.7248 0.7248 4.1054 0.2451 0.2451 0.3664 0.3664
1.0572 0.8609 1.5295 0.7314 0.7314 4.1230 0.2417 0.2417 0.3633 0.3633
1.0375 0.8657 1.5022 0.7275 0.7275 4.0840 0.2507 0.2507 0.3729 0.3729
1.0298 0.8627 1.5045 0.7345 0.7345 4.1114 0.2410 0.2410 0.3629 0.3629
1.0209 0.8691 1.4903 0.7395 0.7395 4.1203 0.2361 0.2361 0.3579 0.3579
1.0035 0.8717 1.4644 0.7411 0.7411 4.1207 0.2375 0.2375 0.3597 0.3597
1.0052 0.8728 1.4902 0.7453 0.7453 4.1116 0.2410 0.2410 0.3642 0.3642
1.0178 0.8678 1.4753 0.7457 0.7457 4.1150 0.2396 0.2396 0.3627 0.3627
0.9997 0.8749 1.4624 0.7504 0.7504 4.1204 0.2382 0.2382 0.3616 0.3616
0.9931 0.8735 1.4520 0.7554 0.7554 4.1206 0.2403 0.2403 0.3646 0.3646
1.0116 0.8731 1.5021 0.7566 0.7566 4.1204 0.2396 0.2396 0.3639 0.3639
0.9933 0.8754 1.4277 0.7578 0.7578 4.1243 0.2424 0.2424 0.3673 0.3673
0.9868 0.8786 1.4559 0.7589 0.7589 4.1253 0.2410 0.2410 0.3658 0.3658
0.9784 0.8795 1.4698 0.7616 0.7616 4.1302 0.2403 0.2403 0.3653 0.3653
0.9849 0.8787 1.4510 0.7643 0.7643 4.1328 0.2403 0.2403 0.3656 0.3656
0.9806 0.8815 1.4459 0.7663 0.7663 4.1276 0.2382 0.2382 0.3634 0.3634
0.9799 0.8797 1.4508 0.7686 0.7686 4.1315 0.2382 0.2382 0.3637 0.3637
0.9655 0.8835 1.4446 0.7698 0.7698 4.1394 0.2389 0.2389 0.3646 0.3646
0.9716 0.8825 1.4376 0.7663 0.7663 4.1450 0.2424 0.2424 0.3683 0.3683
0.9831 0.8808 1.4372 0.7709 0.7709 4.1477 0.2403 0.2403 0.3664 0.3664
0.9713 0.8841 1.4333 0.7736 0.7736 4.1497 0.2396 0.2396 0.3659 0.3659
0.9679 0.8837 1.4108 0.7729 0.7729 4.1424 0.2437 0.2438 0.3706 0.3706
0.9647 0.8859 1.4447 0.7748 0.7748 4.1393 0.2417 0.2417 0.3684 0.3684
0.9734 0.8811 1.4263 0.7713 0.7713 4.1503 0.2396 0.2396 0.3656 0.3656
0.9589 0.8862 1.4145 0.7740 0.7740 4.1551 0.2382 0.2382 0.3643 0.3643
0.9621 0.8873 1.4017 0.7756 0.7756 4.1540 0.2368 0.2368 0.3628 0.3628
0.9638 0.8878 1.4123 0.7787 0.7787 4.1659 0.2361 0.2361 0.3624 0.3624
0.9539 0.8843 1.3914 0.7795 0.7795 4.1615 0.2375 0.2375 0.3641 0.3641
0.9624 0.8863 1.4002 0.7787 0.7787 4.1593 0.2354 0.2354 0.3615 0.3615
0.9540 0.8895 1.3762 0.7814 0.7814 4.1654 0.2340 0.2340 0.3602 0.3602
0.9487 0.8930 1.3903 0.7806 0.7806 4.1653 0.2368 0.2368 0.3634 0.3634
0.9445 0.8896 1.4150 0.7829 0.7829 4.1576 0.2361 0.2361 0.3628 0.3628
0.9466 0.8878 1.3648 0.7837 0.7837 4.1731 0.2354 0.2354 0.3621 0.3621
0.9450 0.8903 1.3726 0.7857 0.7857 4.1729 0.2354 0.2354 0.3623 0.3623
0.9616 0.8835 1.3768 0.7868 0.7868 4.1787 0.2306 0.2306 0.3566 0.3566
0.9452 0.8877 1.3523 0.7857 0.7857 4.1766 0.2313 0.2313 0.3573 0.3573
0.9499 0.8911 1.3545 0.7888 0.7888 4.1753 0.2326 0.2326 0.3593 0.3593
0.9379 0.8911 1.3734 0.7876 0.7876 4.1702 0.2313 0.2313 0.3575 0.3575
0.9293 0.8922 1.3456 0.7907 0.7907 4.1818 0.2299 0.2299 0.3562 0.3562
0.9394 0.8918 1.3539 0.7934 0.7934 4.1788 0.2292 0.2292 0.3556 0.3556
0.9408 0.8926 1.3366 0.7915 0.7915 4.1850 0.2319 0.2319 0.3588 0.3588
0.9408 0.8915 1.3625 0.7942 0.7942 4.1961 0.2264 0.2264 0.3523 0.3523
0.9325 0.8927 1.3365 0.7957 0.7957 4.1904 0.2250 0.2250 0.3508 0.3508
0.9288 0.8938 1.3614 0.7957 0.7957 4.1851 0.2257 0.2257 0.3517 0.3517
0.9373 0.8920 1.3437 0.8000 0.8000 4.1863 0.2292 0.2292 0.3563 0.3563
0.9169 0.8937 1.3740 0.7950 0.7950 4.1949 0.2285 0.2285 0.3549 0.3549
0.9332 0.8947 1.3126 0.7965 0.7965 4.1946 0.2257 0.2257 0.3517 0.3517
0.9282 0.8979 1.3436 0.7988 0.7988 4.1888 0.2264 0.2264 0.3528 0.3528
0.9216 0.8951 1.3110 0.8016 0.8016 4.1867 0.2306 0.2306 0.3581 0.3581
0.9203 0.8961 1.3281 0.7996 0.7996 4.1859 0.2333 0.2333 0.3613 0.3613
0.9173 0.8939 1.3414 0.7992 0.7992 4.1963 0.2313 0.2313 0.3587 0.3587
0.9061 0.9014 1.3184 0.8008 0.8008 4.1943 0.2264 0.2264 0.3530 0.3530
0.9134 0.9004 1.3328 0.8012 0.8012 4.1984 0.2278 0.2278 0.3547 0.3547
