6.3607 0.0257 6.9280 0.0000 0.0000 5.5143 0.0437 0.0438 0.0000 0.0000
5.7664 0.1108 7.3257 0.0000 0.0000 4.5034 0.1403 0.1403 0.0000 0.0000
5.3041 0.2632 7.1325 0.0000 0.0000 4.0595 0.2472 0.2472 0.0000 0.0000
4.8643 0.3677 7.0622 0.0000 0.0000 3.5970 0.3222 0.3222 0.0000 0.0000
4.4847 0.4444 6.8688 0.0000 0.0000 3.2663 0.3576 0.3576 0.0000 0.0000
4.1026 0.4877 6.5348 0.0000 0.0000 3.1127 0.3688 0.3688 0.0000 0.0000
3.7847 0.5176 6.2585 0.0008 0.0008 2.9980 0.3951 0.3951 0.0015 0.0015
3.4936 0.5361 5.8369 0.0043 0.0043 2.9996 0.4111 0.4111 0.0084 0.0084
3.2494 0.5531 5.5623 0.0089 0.0089 3.0304 0.4083 0.4083 0.0174 0.0174
3.0580 0.5674 5.2014 0.0182 0.0182 3.0579 0.4111 0.4111 0.0349 0.0349
2.8722 0.5827 4.9074 0.0353 0.0353 3.1074 0.4160 0.4160 0.0650 0.0650
2.7045 0.5930 4.6733 0.0527 0.0527 3.1718 0.4194 0.4194 0.0937 0.0937
2.5692 0.6024 4.4487 0.0775 0.0775 3.1869 0.4125 0.4125 0.1305 0.1305
2.4488 0.6198 4.2498 0.1047 0.1047 3.2335 0.4118 0.4118 0.1669 0.1669
2.3403 0.6292 4.0883 0.1267 0.1267 3.2535 0.4104 0.4104 0.1937 0.1937
2.2483 0.6400 3.8826 0.1504 0.1504 3.2986 0.4056 0.4056 0.2194 0.2194
2.1606 0.6484 3.7563 0.1783 0.1783 3.3508 0.4021 0.4021 0.2470 0.2470
2.0687 0.6665 3.6231 0.2019 0.2019 3.3858 0.3931 0.3931 0.2668 0.2668
2.0071 0.6748 3.5126 0.2202 0.2202 3.3970 0.3972 0.3972 0.2833 0.2833
1.9488 0.6840 3.3894 0.2453 0.2453 3.4308 0.3903 0.3903 0.3013 0.3013
1.8933 0.6901 3.2791 0.2601 0.2601 3.4665 0.3750 0.3750 0.3071 0.3071
1.8208 0.7084 3.2099 0.2775 0.2775 3.4631 0.3764 0.3764 0.3195 0.3195
1.7585 0.7117 3.0954 0.2977 0.2977 3.4965 0.3715 0.3715 0.3305 0.3305
1.7084 0.7213 3.0014 0.3190 0.3190 3.5283 0.3708 0.3708 0.3430 0.3430
1.6743 0.7247 2.9363 0.3380 0.3380 3.5524 0.3611 0.3611 0.3492 0.3492
1.6301 0.7340 2.8313 0.3492 0.3492 3.5710 0.3590 0.3590 0.3541 0.3541
1.5641 0.7465 2.7414 0.3733 0.3733 3.6126 0.3521 0.3521 0.3624 0.3624
1.5277 0.7530 2.7210 0.3833 0.3833 3.6243 0.3472 0.3472 0.3644 0.3644
1.5035 0.7519 2.6590 0.3973 0.3973 3.6821 0.3347 0.3347 0.3633 0.3633
1.4612 0.7620 2.5992 0.4027 0.4027 3.6606 0.3410 0.3410 0.3693 0.3693
1.4343 0.7660 2.5419 0.4236 0.4236 3.6975 0.3382 0.3382 0.3761 0.3761
1.4081 0.7710 2.4686 0.4461 0.4461 3.7351 0.3271 0.3271 0.3774 0.3774
1.3719 0.7854 2.4145 0.4601 0.4601 3.7740 0.3250 0.3250 0.3809 0.3809
1.3442 0.7831 2.3459 0.4729 0.4729 3.7468 0.3285 0.3285 0.3877 0.3877
1.3156 0.7836 2.2732 0.4849 0.4849 3.8033 0.3257 0.3257 0.3897 0.3897
1.2908 0.7926 2.2740 0.4946 0.4946 3.8252 0.3215 0.3215 0.3897 0.3897
1.2649 0.7985 2.1672 0.5078 0.5078 3.8544 0.3125 0.3125 0.3869 0.3869
1.2323 0.8048 2.1263 0.5112 0.5112 3.8689 0.3063 0.3063 0.3830 0.3830
1.2127 0.8067 2.1247 0.5360 0.5360 3.8678 0.3021 0.3021 0.3864 0.3864
1.1889 0.8116 2.0709 0.5461 0.5461 3.8822 0.3056 0.3056 0.3919 0.3919
1.1514 0.8171 2.0109 0.5624 0.5624 3.9121 0.2965 0.2965 0.3883 0.3883
1.1559 0.8210 1.9854 0.5698 0.5698 3.9241 0.2903 0.2903 0.3846 0.3846
1.1068 0.8331 1.9514 0.5756 0.5756 3.9287 0.2944 0.2944 0.3896 0.3896
1.0977 0.8342 1.9469 0.5884 0.5884 3.9724 0.2882 0.2882 0.3869 0.3869
1.0705 0.8429 1.8824 0.5926 0.5926 3.9512 0.2944 0.2944 0.3934 0.3934
1.0571 0.8403 1.8254 0.6128 0.6128 3.9949 0.2847 0.2847 0.3888 0.3888
1.0334 0.8504 1.8036 0.6155 0.6155 4.0091 0.2799 0.2799 0.3848 0.3848
1.0284 0.8464 1.7925 0.6341 0.6341 4.0397 0.2687 0.2688 0.3775 0.3775
1.0125 0.8521 1.7292 0.6422 0.6422 4.0241 0.2722 0.2722 0.3824 0.3824
0.9856 0.8572 1.6973 0.6465 0.6465 4.0438 0.2708 0.2708 0.3817 0.3817
0.9603 0.8676 1.6962 0.6469 0.6469 4.0454 0.2715 0.2715 0.3825 0.3825
0.9605 0.8658 1.6821 0.6554 0.6554 4.0624 0.2701 0.2701 0.3826 0.3826
0.9696 0.8622 1.6794 0.6570 0.6570 4.0651 0.2701 0.2701 0.3829 0.3829
0.9395 0.8697 1.6611 0.6643 0.6643 4.0604 0.2708 0.2708 0.3848 0.3848
0.9552 0.8656 1.6563 0.6647 0.6647 4.0595 0.2687 0.2688 0.3828 0.3828
0.9663 0.8631 1.6513 0.6690 0.6690 4.0954 0.2715 0.2715 0.3863 0.3863
0.9626 0.8628 1.6805 0.6694 0.6694 4.0878 0.2722 0.2722 0.3870 0.3870
0.9333 0.8720 1.6625 0.6705 0.6705 4.0754 0.2694 0.2694 0.3844 0.3844
0.9521 0.8638 1.6835 0.6713 0.6713 4.0755 0.2715 0.2715 0.3867 0.3867
0.9402 0.8689 1.6442 0.6748 0.6748 4.0891 0.2674 0.2674 0.3830 0.3830
0.9420 0.8698 1.6476 0.6736 0.6736 4.0805 0.2681 0.2681 0.3835 0.3835
0.9434 0.8693 1.6399 0.6775 0.6775 4.0811 0.2681 0.2681 0.3841 0.3841
0.9398 0.8668 1.6611 0.6771 0.6771 4.0790 0.2681 0.2681 0.3841 0.3841
0.9475 0.8655 1.6414 0.6787 0.6787 4.0979 0.2687 0.2688 0.3850 0.3850
0.9395 0.8676 1.6423 0.6787 0.6787 4.1050 0.2667 0.2667 0.3829 0.3829
0.9161 0.8789 1.6422 0.6771 0.6771 4.0920 0.2687 0.2688 0.3848 0.3848
0.9474 0.8673 1.6217 0.6802 0.6802 4.0904 0.2681 0.2681 0.3846 0.3846
0.9338 0.8732 1.5971 0.6841 0.6841 4.1004 0.2660 0.2660 0.3830 0.3830
0.9156 0.8782 1.6044 0.6829 0.6829 4.0928 0.2611 0.2611 0.3778 0.3778
0.9215 0.8764 1.6053 0.6857 0.6857 4.1050 0.2674 0.2674 0.3847 0.3847
0.9248 0.8772 1.6052 0.6864 0.6864 4.1057 0.2660 0.2660 0.3834 0.3834
0.9167 0.8787 1.6043 0.6872 0.6872 4.0941 0.2646 0.2646 0.3821 0.3821
0.9210 0.8741 1.6001 0.6872 0.6872 4.1053 0.2618 0.2618 0.3792 0.3792
0.9231 0.8748 1.6145 0.6911 0.6911 4.1193 0.2618 0.2618 0.3797 0.3797
0.9168 0.8751 1.6117 0.6919 0.6919 4.1114 0.2604 0.2604 0.3784 0.3784
0.9152 0.8796 1.5906 0.6888 0.6888 4.1047 0.2597 0.2597 0.3772 0.3772
0.9085 0.8775 1.5901 0.6915 0.6915 4.0979 0.2646 0.2646 0.3827 0.3827
0.9107 0.8717 1.5629 0.6919 0.6919 4.1035 0.2618 0.2618 0.3799 0.3799
0.9058 0.8802 1.5809 0.6961 0.6961 4.1084 0.2639 0.2639 0.3827 0.3827
0.8975 0.8810 1.5732 0.6946 0.6946 4.1146 0.2653 0.2653 0.3839 0.3839
0.9017 0.8797 1.6090 0.6977 0.6977 4.1236 0.2632 0.2632 0.3822 0.3822
0.9066 0.8756 1.5869 0.7004 0.7004 4.1315 0.2604 0.2604 0.3797 0.3797
0.8969 0.8821 1.5827 0.6984 0.6984 4.1185 0.2625 0.2625 0.3816 0.3816
0.8884 0.8815 1.5619 0.7027 0.7027 4.1190 0.2632 0.2632 0.3830 0.3830
0.8952 0.8806 1.5542 0.7023 0.7023 4.1413 0.2625 0.2625 0.3822 0.3822
0.8978 0.8818 1.5620 0.7054 0.7054 4.1389 0.2618 0.2618 0.3819 0.3819
0.9107 0.8761 1.5673 0.7012 0.7012 4.1317 0.2597 0.2597 0.3790 0.3790
0.8857 0.8821 1.5786 0.7050 0.7050 4.1336 0.2597 0.2597 0.3796 0.3796
0.8972 0.8793 1.5513 0.7058 0.7058 4.1412 0.2597 0.2597 0.3797 0.3797
0.8971 0.8778 1.5434 0.7093 0.7093 4.1522 0.2597 0.2597 0.3802 0.3802
0.8904 0.8826 1.5218 0.7070 0.7070 4.1400 0.2590 0.2590 0.3791 0.3791
0.8875 0.8812 1.5512 0.7081 0.7081 4.1392 0.2604 0.2604 0.3808 0.3808
0.8932 0.8768 1.5313 0.7101 0.7101 4.1542 0.2611 0.2611 0.3818 0.3818
0.8739 0.8874 1.5108 0.7116 0.7116 4.1496 0.2562 0.2563 0.3768 0.3768
0.8827 0.8844 1.5716 0.7116 0.7116 4.1416 0.2604 0.2604 0.3813 0.3813
0.8807 0.8809 1.5469 0.7124 0.7124 4.1599 0.2597 0.2597 0.3807 0.3807
0.8729 0.8854 1.5170 0.7136 0.7136 4.1574 0.2576 0.2576 0.3786 0.3786
0.8617 0.8930 1.5320 0.7140 0.7140 4.1630 0.2556 0.2556 0.3764 0.3764
0.8793 0.8822 1.5252 0.7136 0.7136 4.1527 0.2569 0.2569 0.3778 0.3778
0.8694 0.8859 1.5034 0.7143 0.7143 4.1575 0.2562 0.2563 0.3772 0.3772
