6.5306 0.0096 6.5909 0.0000 0.0000 6.1886 0.0382 0.0382 0.0000 0.0000
6.2561 0.0295 6.8046 0.0000 0.0000 5.1843 0.0736 0.0736 0.0000 0.0000
5.9258 0.0940 6.5906 0.0000 0.0000 4.7424 0.1674 0.1674 0.0000 0.0000
5.5678 0.1734 6.4569 0.0000 0.0000 4.1372 0.2625 0.2625 0.0000 0.0000
5.1694 0.2583 6.1668 0.0016 0.0016 3.7602 0.3382 0.3382 0.0031 0.0031
4.7695 0.3036 5.7449 0.0054 0.0054 3.5558 0.3604 0.3604 0.0107 0.0107
4.3710 0.3320 5.2735 0.0171 0.0171 3.4953 0.3771 0.3771 0.0326 0.0326
3.9935 0.3643 4.8070 0.0523 0.0523 3.5706 0.3896 0.3896 0.0923 0.0923
3.6912 0.3956 4.4453 0.0996 0.0996 3.5833 0.3958 0.3958 0.1592 0.1592
3.4112 0.4307 4.1494 0.1434 0.1434 3.5765 0.3882 0.3882 0.2094 0.2094
3.2056 0.4656 3.9649 0.1814 0.1814 3.5731 0.3861 0.3861 0.2468 0.2468
3.0182 0.4927 3.6789 0.2217 0.2217 3.6089 0.3708 0.3708 0.2775 0.2775
2.8576 0.5227 3.5313 0.2601 0.2601 3.6595 0.3701 0.3701 0.3055 0.3055
2.7231 0.5423 3.3512 0.3016 0.3016 3.6846 0.3625 0.3625 0.3292 0.3292
2.5899 0.5665 3.2353 0.3186 0.3186 3.6891 0.3451 0.3451 0.3313 0.3313
2.4984 0.5711 3.0802 0.3488 0.3488 3.7089 0.3431 0.3431 0.3459 0.3459
2.3785 0.6044 2.9977 0.3787 0.3787 3.7573 0.3326 0.3326 0.3542 0.3542
2.3070 0.6173 2.9188 0.4074 0.4074 3.7632 0.3354 0.3354 0.3679 0.3679
2.2255 0.6311 2.7832 0.4322 0.4322 3.8021 0.3229 0.3229 0.3696 0.3696
2.1569 0.6441 2.7012 0.4395 0.4395 3.7594 0.3187 0.3188 0.3695 0.3695
2.0821 0.6594 2.6219 0.4601 0.4601 3.8088 0.3069 0.3069 0.3682 0.3682
2.0112 0.6760 2.5045 0.4826 0.4826 3.8385 0.3118 0.3118 0.3788 0.3788
1.9572 0.6867 2.4408 0.5023 0.5023 3.8439 0.2986 0.2986 0.3746 0.3746
1.8904 0.7023 2.3924 0.5159 0.5159 3.8685 0.2931 0.2931 0.3738 0.3738
1.8631 0.7016 2.3562 0.5298 0.5298 3.8670 0.2958 0.2958 0.3797 0.3797
1.8100 0.7177 2.2600 0.5477 0.5477 3.8876 0.2951 0.2951 0.3836 0.3836
1.7535 0.7287 2.2228 0.5632 0.5632 3.9413 0.2840 0.2840 0.3776 0.3776
1.7139 0.7354 2.1794 0.5764 0.5764 3.9151 0.2924 0.2924 0.3879 0.3879
1.6645 0.7430 2.0917 0.5988 0.5988 3.9412 0.2771 0.2771 0.3789 0.3789
1.6193 0.7542 2.0333 0.6128 0.6128 4.0129 0.2687 0.2688 0.3736 0.3736
1.5854 0.7641 2.0038 0.6147 0.6147 3.9687 0.2826 0.2826 0.3872 0.3872
1.5519 0.7715 1.9638 0.6329 0.6329 4.0311 0.2694 0.2694 0.3780 0.3780
1.5313 0.7749 1.9034 0.6434 0.6434 4.0680 0.2625 0.2625 0.3729 0.3729
1.4874 0.7868 1.8831 0.6457 0.6457 4.0070 0.2583 0.2583 0.3690 0.3690
1.4283 0.8006 1.8206 0.6678 0.6678 4.0671 0.2528 0.2528 0.3667 0.3667
1.4158 0.8000 1.8218 0.6740 0.6740 4.0979 0.2556 0.2556 0.3706 0.3706
1.3759 0.8096 1.7340 0.6829 0.6829 4.0788 0.2507 0.2507 0.3668 0.3668
1.3477 0.8223 1.7175 0.6950 0.6950 4.0952 0.2410 0.2410 0.3579 0.3579
1.3126 0.8270 1.6898 0.7016 0.7016 4.1151 0.2437 0.2438 0.3618 0.3618
1.3031 0.8178 1.6179 0.7225 0.7225 4.1429 0.2313 0.2313 0.3504 0.3504
1.2606 0.8345 1.6085 0.7260 0.7260 4.1634 0.2313 0.2313 0.3508 0.3508
1.2447 0.8416 1.5765 0.7422 0.7422 4.1805 0.2361 0.2361 0.3583 0.3583
1.2194 0.8425 1.5531 0.7457 0.7457 4.1959 0.2347 0.2347 0.3571 0.3571
1.1930 0.8538 1.4989 0.7574 0.7574 4.2058 0.2243 0.2243 0.3461 0.3461
1.1760 0.8567 1.4789 0.7744 0.7744 4.2716 0.2153 0.2153 0.3369 0.3369
1.1346 0.8677 1.4669 0.7756 0.7756 4.2366 0.2292 0.2292 0.3538 0.3538
1.1040 0.8744 1.4239 0.7857 0.7857 4.2242 0.2243 0.2243 0.3490 0.3490
1.0967 0.8734 1.3910 0.8000 0.8000 4.2596 0.2215 0.2215 0.3470 0.3470
1.0664 0.8870 1.3614 0.8039 0.8039 4.2913 0.2243 0.2243 0.3507 0.3507
1.0532 0.8807 1.3166 0.8136 0.8136 4.3074 0.2188 0.2188 0.3448 0.3448
1.0486 0.8857 1.3259 0.8182 0.8182 4.2872 0.2188 0.2188 0.3452 0.3452
1.0325 0.8881 1.3173 0.8213 0.8213 4.2983 0.2194 0.2194 0.3463 0.3463
1.0247 0.8945 1.3085 0.8236 0.8236 4.2912 0.2194 0.2194 0.3466 0.3466
1.0275 0.8973 1.2921 0.8271 0.8271 4.3017 0.2201 0.2201 0.3477 0.3477
1.0275 0.8905 1.2975 0.8233 0.8233 4.3066 0.2215 0.2215 0.3491 0.3491
1.0186 0.8940 1.2843 0.8256 0.8256 4.2992 0.2194 0.2194 0.3467 0.3467
1.0122 0.8992 1.2865 0.8267 0.8267 4.2960 0.2208 0.2208 0.3486 0.3486
1.0094 0.8967 1.2625 0.8283 0.8283 4.3043 0.2215 0.2215 0.3496 0.3496
1.0030 0.9004 1.2630 0.8310 0.8310 4.3088 0.2236 0.2236 0.3524 0.3524
1.0032 0.8995 1.2915 0.8298 0.8298 4.3047 0.2243 0.2243 0.3532 0.3532
0.9974 0.9015 1.2660 0.8333 0.8333 4.3061 0.2243 0.2243 0.3535 0.3535
0.9977 0.9002 1.2675 0.8341 0.8341 4.3034 0.2215 0.2215 0.3501 0.3501
1.0013 0.9006 1.2385 0.8329 0.8329 4.3143 0.2194 0.2194 0.3474 0.3474
0.9915 0.9049 1.2493 0.8345 0.8345 4.3167 0.2208 0.2208 0.3492 0.3492
1.0034 0.8990 1.2600 0.8329 0.8329 4.3158 0.2243 0.2243 0.3534 0.3534
0.9973 0.9013 1.2815 0.8368 0.8368 4.3128 0.2271 0.2271 0.3572 0.3572
0.9943 0.8985 1.2503 0.8329 0.8329 4.3099 0.2236 0.2236 0.3526 0.3526
0.9911 0.9042 1.2818 0.8326 0.8326 4.3103 0.2215 0.2215 0.3499 0.3499
0.9927 0.9026 1.2513 0.8345 0.8345 4.3188 0.2243 0.2243 0.3536 0.3536
0.9915 0.9016 1.2460 0.8357 0.8357 4.3166 0.2250 0.2250 0.3545 0.3545
0.9962 0.9011 1.2332 0.8372 0.8372 4.3334 0.2208 0.2208 0.3495 0.3495
0.9792 0.9080 1.2476 0.8364 0.8364 4.3238 0.2208 0.2208 0.3494 0.3494
0.9894 0.8991 1.2374 0.8384 0.8384 4.3179 0.2181 0.2181 0.3461 0.3461
0.9770 0.9049 1.2241 0.8407 0.8407 4.3134 0.2208 0.2208 0.3498 0.3498
0.9727 0.9056 1.2277 0.8399 0.8399 4.3250 0.2167 0.2167 0.3445 0.3445
0.9652 0.9087 1.2360 0.8415 0.8415 4.3248 0.2160 0.2160 0.3437 0.3437
0.9636 0.9098 1.2396 0.8422 0.8422 4.3262 0.2201 0.2201 0.3490 0.3490
0.9690 0.9061 1.1982 0.8453 0.8453 4.3242 0.2188 0.2188 0.3476 0.3476
0.9609 0.9082 1.2132 0.8446 0.8446 4.3356 0.2174 0.2174 0.3457 0.3457
0.9726 0.9080 1.2275 0.8484 0.8484 4.3371 0.2215 0.2215 0.3513 0.3513
0.9576 0.9092 1.2173 0.8481 0.8481 4.3219 0.2194 0.2194 0.3487 0.3487
0.9676 0.9033 1.2070 0.8481 0.8481 4.3340 0.2208 0.2208 0.3504 0.3504
0.9558 0.9121 1.1887 0.8504 0.8504 4.3426 0.2201 0.2201 0.3497 0.3497
0.9560 0.9115 1.2014 0.8504 0.8504 4.3300 0.2208 0.2208 0.3506 0.3506
0.9648 0.9080 1.1964 0.8481 0.8481 4.3299 0.2194 0.2194 0.3487 0.3487
0.9552 0.9099 1.1850 0.8484 0.8484 4.3270 0.2201 0.2201 0.3496 0.3496
0.9526 0.9140 1.2062 0.8512 0.8512 4.3469 0.2174 0.2174 0.3463 0.3463
0.9586 0.9090 1.1855 0.8527 0.8527 4.3449 0.2201 0.2201 0.3499 0.3499
0.9530 0.9136 1.1803 0.8527 0.8527 4.3418 0.2188 0.2188 0.3482 0.3482
0.9378 0.9171 1.1659 0.8519 0.8519 4.3594 0.2201 0.2201 0.3499 0.3499
0.9355 0.9148 1.1832 0.8535 0.8535 4.3560 0.2215 0.2215 0.3518 0.3518
0.9356 0.9147 1.1577 0.8554 0.8554 4.3548 0.2208 0.2208 0.3510 0.3510
0.9349 0.9132 1.1805 0.8562 0.8562 4.3608 0.2181 0.2181 0.3476 0.3476
0.9347 0.9165 1.1587 0.8554 0.8554 4.3471 0.2160 0.2160 0.3449 0.3449
0.9288 0.9145 1.1809 0.8605 0.8605 4.3588 0.2188 0.2188 0.3488 0.3488
0.9199 0.9185 1.1740 0.8624 0.8624 4.3610 0.2208 0.2208 0.3516 0.3516
0.9323 0.9162 1.1701 0.8624 0.8624 4.3633 0.2222 0.2222 0.3534 0.3534
0.9215 0.9152 1.1586 0.8616 0.8616 4.3551 0.2201 0.2201 0.3507 0.3507
0.9121 0.9214 1.1629 0.8632 0.8632 4.3688 0.2160 0.2160 0.3455 0.3455
0.9153 0.9207 1.1786 0.8640 0.8640 4.3590 0.2174 0.2174 0.3473 0.3473
