6.3174 0.0168 6.9826 0.0000 0.0000 5.4844 0.0306 0.0306 0.0000 0.0000
5.5514 0.0714 7.6253 0.0000 0.0000 4.3871 0.1653 0.1653 0.0000 0.0000
4.9865 0.2739 7.5242 0.0000 0.0000 3.8960 0.2444 0.2444 0.0000 0.0000
4.5246 0.4333 7.5068 0.0000 0.0000 3.4443 0.3257 0.3257 0.0000 0.0000
4.0982 0.5264 7.3968 0.0000 0.0000 3.1246 0.3681 0.3681 0.0000 0.0000
3.7157 0.5675 7.1322 0.0000 0.0000 2.9385 0.3868 0.3868 0.0000 0.0000
3.4054 0.6075 6.8914 0.0004 0.0004 2.8461 0.3979 0.3979 0.0008 0.0008
3.1293 0.6370 6.5510 0.0008 0.0008 2.8203 0.4104 0.4104 0.0015 0.0015
2.9340 0.6487 6.2675 0.0039 0.0039 2.8164 0.4132 0.4132 0.0077 0.0077
2.7374 0.6594 5.9464 0.0043 0.0043 2.8672 0.4160 0.4160 0.0084 0.0084
2.5815 0.6684 5.6239 0.0097 0.0097 2.9016 0.4174 0.4174 0.0189 0.0189
2.4476 0.6668 5.3787 0.0217 0.0217 2.9340 0.4201 0.4201 0.0413 0.0413
2.3228 0.6800 5.1702 0.0275 0.0275 2.9727 0.4083 0.4083 0.0516 0.0516
2.2444 0.6852 4.9266 0.0426 0.0426 2.9949 0.4271 0.4271 0.0775 0.0775
2.1430 0.6946 4.7371 0.0570 0.0570 3.0449 0.4160 0.4160 0.1002 0.1002
2.0722 0.6974 4.4934 0.0748 0.0748 3.0923 0.4215 0.4215 0.1271 0.1271
1.9804 0.7046 4.3739 0.0868 0.0868 3.1068 0.4243 0.4243 0.1441 0.1441
1.9026 0.7116 4.2026 0.1054 0.1054 3.1466 0.4174 0.4174 0.1683 0.1683
1.8529 0.7197 4.0642 0.1213 0.1213 3.2111 0.4222 0.4222 0.1885 0.1885
1.7728 0.7306 3.9364 0.1419 0.1419 3.2116 0.4139 0.4139 0.2113 0.2113
1.7228 0.7380 3.7926 0.1651 0.1651 3.2551 0.4090 0.4090 0.2353 0.2353
1.6682 0.7399 3.7339 0.1791 0.1791 3.2752 0.4090 0.4090 0.2491 0.2491
1.6109 0.7499 3.6150 0.1961 0.1961 3.3115 0.4083 0.4083 0.2650 0.2650
1.5842 0.7540 3.5333 0.2132 0.2132 3.3057 0.4049 0.4049 0.2793 0.2793
1.5243 0.7617 3.4085 0.2205 0.2205 3.3578 0.4076 0.4076 0.2862 0.2862
1.4839 0.7660 3.3206 0.2415 0.2415 3.3799 0.3972 0.3972 0.3004 0.3004
1.4439 0.7715 3.2204 0.2624 0.2624 3.4387 0.3875 0.3875 0.3129 0.3129
1.4182 0.7739 3.1262 0.2709 0.2709 3.4345 0.3924 0.3924 0.3205 0.3205
1.3772 0.7831 3.0648 0.2984 0.2984 3.4761 0.3861 0.3861 0.3367 0.3367
1.3447 0.7869 2.9407 0.3136 0.3136 3.4911 0.3806 0.3806 0.3438 0.3438
1.3211 0.7899 2.9181 0.3217 0.3217 3.5039 0.3826 0.3826 0.3495 0.3495
1.2813 0.7966 2.8920 0.3349 0.3349 3.5323 0.3778 0.3778 0.3550 0.3550
1.2515 0.8024 2.7672 0.3519 0.3519 3.5623 0.3743 0.3743 0.3628 0.3628
1.2295 0.8060 2.7303 0.3585 0.3585 3.5701 0.3701 0.3701 0.3642 0.3642
1.2055 0.8051 2.6793 0.3744 0.3744 3.5970 0.3722 0.3722 0.3733 0.3733
1.1835 0.8121 2.6384 0.3926 0.3926 3.6187 0.3653 0.3653 0.3785 0.3785
1.1607 0.8163 2.5424 0.3973 0.3973 3.6271 0.3646 0.3646 0.3802 0.3802
1.1292 0.8224 2.5414 0.4066 0.4066 3.6301 0.3646 0.3646 0.3844 0.3844
1.1230 0.8223 2.4750 0.4151 0.4151 3.6508 0.3618 0.3618 0.3866 0.3866
1.0948 0.8300 2.3999 0.4314 0.4314 3.6877 0.3521 0.3521 0.3877 0.3877
1.0713 0.8312 2.3587 0.4357 0.4357 3.7037 0.3465 0.3465 0.3860 0.3860
1.0563 0.8284 2.3434 0.4547 0.4547 3.7259 0.3431 0.3431 0.3910 0.3910
1.0375 0.8345 2.2838 0.4702 0.4702 3.7660 0.3389 0.3389 0.3939 0.3939
1.0113 0.8432 2.2819 0.4748 0.4748 3.7832 0.3403 0.3403 0.3964 0.3964
0.9974 0.8425 2.2479 0.4837 0.4837 3.7667 0.3431 0.3431 0.4014 0.4014
0.9757 0.8520 2.2170 0.4903 0.4903 3.7839 0.3396 0.3396 0.4013 0.4013
0.9651 0.8475 2.1346 0.5016 0.5016 3.8358 0.3326 0.3326 0.4000 0.4000
0.9552 0.8502 2.0730 0.5202 0.5202 3.8373 0.3292 0.3292 0.4032 0.4032
0.9268 0.8607 2.0355 0.5271 0.5271 3.8742 0.3278 0.3278 0.4042 0.4042
0.9303 0.8553 2.0242 0.5457 0.5457 3.8855 0.3257 0.3257 0.4079 0.4079
0.8969 0.8668 1.9838 0.5453 0.5453 3.8714 0.3264 0.3264 0.4084 0.4084
0.9055 0.8589 1.9984 0.5492 0.5492 3.8720 0.3257 0.3257 0.4089 0.4089
0.8941 0.8625 1.9797 0.5500 0.5500 3.8792 0.3229 0.3229 0.4069 0.4069
0.9021 0.8627 1.9886 0.5535 0.5535 3.8823 0.3229 0.3229 0.4079 0.4079
0.8954 0.8642 1.9868 0.5558 0.5558 3.8915 0.3208 0.3208 0.4068 0.4068
0.8925 0.8639 2.0268 0.5523 0.5523 3.8687 0.3250 0.3250 0.4092 0.4092
0.8836 0.8690 1.9855 0.5504 0.5504 3.8651 0.3271 0.3271 0.4103 0.4103
0.8783 0.8678 1.9619 0.5492 0.5492 3.8671 0.3236 0.3236 0.4073 0.4073
0.8797 0.8689 1.9532 0.5523 0.5523 3.8751 0.3250 0.3250 0.4092 0.4092
0.8732 0.8686 1.9317 0.5562 0.5562 3.8764 0.3222 0.3222 0.4081 0.4081
0.8793 0.8688 1.9628 0.5543 0.5543 3.8885 0.3236 0.3236 0.4086 0.4086
0.8796 0.8652 1.9380 0.5558 0.5558 3.8745 0.3201 0.3201 0.4063 0.4063
0.8741 0.8676 1.9573 0.5574 0.5574 3.8857 0.3201 0.3201 0.4067 0.4067
0.8735 0.8704 1.9773 0.5585 0.5585 3.8740 0.3201 0.3201 0.4070 0.4070
0.8781 0.8656 1.9791 0.5597 0.5597 3.8797 0.3215 0.3215 0.4084 0.4084
0.8818 0.8662 1.9304 0.5609 0.5609 3.8843 0.3194 0.3194 0.4070 0.4070
0.8730 0.8696 1.9354 0.5643 0.5643 3.8974 0.3187 0.3188 0.4074 0.4074
0.8580 0.8707 1.9346 0.5667 0.5667 3.8973 0.3187 0.3188 0.4080 0.4080
0.8706 0.8711 1.8687 0.5674 0.5674 3.8920 0.3208 0.3208 0.4099 0.4099
0.8647 0.8695 1.9327 0.5674 0.5674 3.8960 0.3215 0.3215 0.4105 0.4105
0.8619 0.8711 1.8990 0.5694 0.5694 3.9032 0.3194 0.3194 0.4093 0.4093
0.8625 0.8671 1.9415 0.5702 0.5702 3.9011 0.3201 0.3201 0.4100 0.4100
0.8568 0.8730 1.9512 0.5705 0.5705 3.8931 0.3187 0.3188 0.4090 0.4090
0.8506 0.8769 1.9209 0.5682 0.5682 3.8952 0.3181 0.3181 0.4078 0.4078
0.8545 0.8690 1.9175 0.5709 0.5709 3.9056 0.3201 0.3201 0.4102 0.4102
0.8532 0.8704 1.8683 0.5721 0.5721 3.9124 0.3208 0.3208 0.4111 0.4111
0.8632 0.8701 1.8745 0.5760 0.5760 3.9182 0.3167 0.3167 0.4087 0.4087
0.8546 0.8704 1.9092 0.5725 0.5725 3.8985 0.3181 0.3181 0.4089 0.4089
0.8497 0.8765 1.8890 0.5721 0.5721 3.9142 0.3174 0.3174 0.4083 0.4083
0.8410 0.8752 1.8679 0.5740 0.5740 3.9213 0.3215 0.3215 0.4122 0.4122
0.8501 0.8746 1.8846 0.5787 0.5787 3.9316 0.3181 0.3181 0.4105 0.4105
0.8420 0.8714 1.8727 0.5795 0.5795 3.9250 0.3181 0.3181 0.4107 0.4107
0.8489 0.8727 1.8522 0.5791 0.5791 3.9244 0.3167 0.3167 0.4094 0.4094
0.8516 0.8736 1.8634 0.5764 0.5764 3.9135 0.3167 0.3167 0.4088 0.4088
0.8342 0.8768 1.8435 0.5802 0.5802 3.9174 0.3146 0.3146 0.4080 0.4080
0.8419 0.8789 1.8194 0.5868 0.5868 3.9190 0.3132 0.3132 0.4084 0.4084
0.8424 0.8774 1.8422 0.5853 0.5853 3.9163 0.3139 0.3139 0.4086 0.4086
0.8410 0.8724 1.8312 0.5868 0.5868 3.9246 0.3139 0.3139 0.4090 0.4090
0.8373 0.8778 1.8160 0.5857 0.5857 3.9323 0.3146 0.3146 0.4093 0.4093
0.8333 0.8750 1.8231 0.5899 0.5899 3.9288 0.3153 0.3153 0.4109 0.4109
0.8231 0.8779 1.8424 0.5907 0.5907 3.9277 0.3118 0.3118 0.4082 0.4082
0.8289 0.8780 1.8588 0.5891 0.5891 3.9331 0.3153 0.3153 0.4107 0.4107
0.8262 0.8794 1.8494 0.5911 0.5911 3.9320 0.3181 0.3181 0.4136 0.4136
0.8282 0.8717 1.8222 0.5938 0.5938 3.9293 0.3153 0.3153 0.4119 0.4119
0.8247 0.8798 1.8231 0.5911 0.5911 3.9443 0.3125 0.3125 0.4088 0.4088
0.8293 0.8774 1.8103 0.5922 0.5922 3.9455 0.3104 0.3104 0.4073 0.4073
0.8136 0.8805 1.8403 0.5957 0.5957 3.9471 0.3125 0.3125 0.4100 0.4100
0.8185 0.8814 1.8268 0.5942 0.5942 3.9383 0.3090 0.3090 0.4066 0.4066
0.8067 0.8857 1.8203 0.5957 0.5957 3.9518 0.3111 0.3111 0.4088 0.4088
0.8094 0.8856 1.8057 0.5988 0.5988 3.9401 0.3118 0.3118 0.4101 0.4101
