6.4691 0.0112 6.6863 0.0000 0.0000 5.8560 0.0285 0.0285 0.0000 0.0000
6.0305 0.0211 7.0386 0.0000 0.0000 4.7536 0.1201 0.1201 0.0000 0.0000
5.6210 0.1822 6.8254 0.0000 0.0000 4.2926 0.2333 0.2333 0.0000 0.0000
5.2315 0.2816 6.7206 0.0000 0.0000 3.7828 0.2743 0.2743 0.0000 0.0000
4.8424 0.3467 6.4778 0.0000 0.0000 3.4381 0.3354 0.3354 0.0000 0.0000
4.4669 0.3858 6.1511 0.0016 0.0016 3.2539 0.3708 0.3708 0.0031 0.0031
4.1202 0.4159 5.7376 0.0074 0.0074 3.1916 0.3819 0.3819 0.0145 0.0145
3.8210 0.4377 5.4105 0.0140 0.0140 3.1953 0.3951 0.3951 0.0270 0.0270
3.5569 0.4551 4.9850 0.0306 0.0306 3.2802 0.3931 0.3931 0.0568 0.0568
3.3095 0.4748 4.7306 0.0616 0.0616 3.3199 0.4049 0.4049 0.1070 0.1070
3.1327 0.4950 4.4311 0.0860 0.0860 3.3444 0.4201 0.4201 0.1428 0.1428
2.9257 0.5213 4.1847 0.1209 0.1209 3.4098 0.3965 0.3965 0.1853 0.1853
2.7844 0.5434 3.9436 0.1539 0.1539 3.4434 0.3896 0.3896 0.2206 0.2206
2.6461 0.5607 3.7735 0.1845 0.1845 3.4533 0.3931 0.3931 0.2511 0.2511
2.5478 0.5810 3.6113 0.2132 0.2132 3.4998 0.3903 0.3903 0.2757 0.2757
2.4240 0.5982 3.4933 0.2446 0.2446 3.5377 0.3931 0.3931 0.3015 0.3015
2.3277 0.6128 3.3418 0.2678 0.2678 3.5507 0.3736 0.3736 0.3120 0.3120
2.2524 0.6249 3.1938 0.3004 0.3004 3.5932 0.3632 0.3632 0.3288 0.3288
2.1527 0.6416 3.1238 0.3229 0.3229 3.6160 0.3646 0.3646 0.3425 0.3425
2.1005 0.6503 3.0215 0.3453 0.3453 3.6703 0.3535 0.3535 0.3494 0.3494
2.0267 0.6676 2.9788 0.3659 0.3659 3.6728 0.3604 0.3604 0.3631 0.3631
1.9746 0.6743 2.8758 0.3930 0.3930 3.7066 0.3431 0.3431 0.3663 0.3663
1.9098 0.6806 2.7971 0.4089 0.4089 3.6986 0.3444 0.3444 0.3739 0.3739
1.8358 0.6998 2.7311 0.4236 0.4236 3.7238 0.3375 0.3375 0.3757 0.3757
1.8115 0.7038 2.6267 0.4407 0.4407 3.7596 0.3354 0.3354 0.3809 0.3809
1.7618 0.7127 2.5345 0.4612 0.4612 3.8114 0.3174 0.3174 0.3760 0.3760
1.7072 0.7300 2.4753 0.4748 0.4748 3.8146 0.3160 0.3160 0.3794 0.3794
1.6630 0.7320 2.4491 0.4876 0.4876 3.8095 0.3146 0.3146 0.3824 0.3824
1.6235 0.7398 2.3386 0.5066 0.5066 3.8137 0.3111 0.3111 0.3855 0.3855
1.5619 0.7539 2.3304 0.5283 0.5283 3.8829 0.2965 0.2965 0.3798 0.3798
1.5251 0.7572 2.2843 0.5329 0.5329 3.8958 0.3014 0.3014 0.3850 0.3850
1.5136 0.7658 2.2280 0.5550 0.5550 3.9439 0.2812 0.2813 0.3733 0.3733
1.4603 0.7787 2.1448 0.5574 0.5574 3.9151 0.2972 0.2972 0.3877 0.3877
1.4292 0.7791 2.1091 0.5818 0.5818 3.9801 0.2840 0.2840 0.3817 0.3817
1.4093 0.7810 2.0393 0.5868 0.5868 3.9606 0.2799 0.2799 0.3790 0.3790
1.3647 0.7945 1.9804 0.5988 0.5988 4.0001 0.2701 0.2701 0.3723 0.3723
1.3546 0.7956 1.9756 0.6035 0.6035 4.0057 0.2792 0.2792 0.3817 0.3817
1.3230 0.8009 1.9331 0.6271 0.6271 4.0159 0.2701 0.2701 0.3776 0.3776
1.2948 0.8092 1.8842 0.6380 0.6380 4.0517 0.2694 0.2694 0.3789 0.3789
1.2484 0.8235 1.8409 0.6496 0.6496 4.0499 0.2674 0.2674 0.3788 0.3788
1.2133 0.8284 1.7795 0.6589 0.6589 4.0827 0.2625 0.2625 0.3754 0.3754
1.2300 0.8257 1.7283 0.6659 0.6659 4.0864 0.2576 0.2576 0.3715 0.3715
1.1838 0.8341 1.7304 0.6802 0.6802 4.1381 0.2535 0.2535 0.3693 0.3693
1.1592 0.8410 1.7243 0.6868 0.6868 4.1139 0.2590 0.2590 0.3762 0.3762
1.1467 0.8417 1.6760 0.7012 0.7012 4.1463 0.2618 0.2618 0.3813 0.3813
1.1152 0.8533 1.5949 0.7124 0.7124 4.1774 0.2472 0.2472 0.3671 0.3671
1.0931 0.8570 1.5622 0.7182 0.7182 4.1612 0.2535 0.2535 0.3747 0.3747
1.0704 0.8592 1.5591 0.7349 0.7349 4.2181 0.2403 0.2403 0.3621 0.3621
1.0505 0.8639 1.5104 0.7395 0.7395 4.2110 0.2403 0.2403 0.3627 0.3627
1.0378 0.8737 1.4751 0.7477 0.7477 4.2423 0.2319 0.2319 0.3541 0.3541
1.0238 0.8718 1.4629 0.7496 0.7496 4.2390 0.2333 0.2333 0.3559 0.3559
1.0057 0.8787 1.4840 0.7527 0.7527 4.2244 0.2375 0.2375 0.3611 0.3611
1.0210 0.8697 1.4575 0.7531 0.7531 4.2254 0.2396 0.2396 0.3635 0.3635
0.9978 0.8743 1.4638 0.7550 0.7550 4.2317 0.2417 0.2417 0.3661 0.3661
0.9998 0.8787 1.4387 0.7570 0.7570 4.2253 0.2396 0.2396 0.3640 0.3640
1.0051 0.8722 1.4280 0.7593 0.7593 4.2169 0.2410 0.2410 0.3658 0.3658
1.0026 0.8752 1.4456 0.7581 0.7581 4.2331 0.2368 0.2368 0.3609 0.3609
0.9930 0.8799 1.4546 0.7597 0.7597 4.2371 0.2396 0.2396 0.3643 0.3643
1.0018 0.8765 1.4367 0.7597 0.7597 4.2354 0.2451 0.2451 0.3707 0.3707
0.9854 0.8792 1.4293 0.7632 0.7632 4.2375 0.2431 0.2431 0.3687 0.3687
0.9860 0.8809 1.4073 0.7655 0.7655 4.2483 0.2368 0.2368 0.3617 0.3617
0.9753 0.8804 1.4508 0.7663 0.7663 4.2452 0.2354 0.2354 0.3602 0.3602
0.9748 0.8835 1.4272 0.7667 0.7667 4.2342 0.2354 0.2354 0.3602 0.3602
0.9726 0.8841 1.4190 0.7663 0.7663 4.2586 0.2382 0.2382 0.3634 0.3634
0.9753 0.8866 1.4020 0.7705 0.7705 4.2533 0.2417 0.2417 0.3679 0.3679
0.9752 0.8816 1.4147 0.7698 0.7698 4.2496 0.2410 0.2410 0.3670 0.3670
0.9797 0.8831 1.4101 0.7721 0.7721 4.2506 0.2368 0.2368 0.3624 0.3624
0.9669 0.8861 1.4248 0.7764 0.7764 4.2674 0.2319 0.2319 0.3572 0.3572
0.9695 0.8824 1.4069 0.7764 0.7764 4.2609 0.2382 0.2382 0.3645 0.3645
0.9670 0.8874 1.4186 0.7779 0.7779 4.2547 0.2354 0.2354 0.3614 0.3614
0.9701 0.8839 1.4206 0.7775 0.7775 4.2658 0.2347 0.2347 0.3606 0.3606
0.9625 0.8839 1.3893 0.7764 0.7764 4.2714 0.2333 0.2333 0.3588 0.3588
0.9679 0.8841 1.3940 0.7818 0.7818 4.2650 0.2340 0.2340 0.3602 0.3602
0.9476 0.8916 1.3826 0.7829 0.7829 4.2710 0.2347 0.2347 0.3612 0.3612
0.9559 0.8896 1.3717 0.7810 0.7810 4.2760 0.2354 0.2354 0.3618 0.3618
0.9531 0.8880 1.3854 0.7798 0.7798 4.2804 0.2361 0.2361 0.3625 0.3625
0.9523 0.8915 1.3712 0.7802 0.7802 4.2687 0.2347 0.2347 0.3609 0.3609
0.9464 0.8890 1.3695 0.7806 0.7806 4.2798 0.2340 0.2340 0.3601 0.3601
0.9415 0.8905 1.3739 0.7853 0.7853 4.2819 0.2319 0.2319 0.3581 0.3581
0.9485 0.8862 1.3805 0.7849 0.7849 4.2830 0.2340 0.2340 0.3606 0.3606
0.9397 0.8907 1.3526 0.7864 0.7864 4.2821 0.2340 0.2340 0.3607 0.3607
0.9450 0.8871 1.3812 0.7880 0.7880 4.2810 0.2319 0.2319 0.3584 0.3584
0.9355 0.8923 1.3442 0.7891 0.7891 4.2740 0.2354 0.2354 0.3626 0.3626
0.9386 0.8938 1.3452 0.7891 0.7891 4.2774 0.2319 0.2319 0.3585 0.3585
0.9379 0.8944 1.3489 0.7899 0.7899 4.2873 0.2319 0.2319 0.3586 0.3586
0.9251 0.8964 1.3584 0.7922 0.7922 4.2937 0.2299 0.2299 0.3563 0.3563
0.9324 0.8944 1.3550 0.7946 0.7946 4.2940 0.2306 0.2306 0.3574 0.3574
0.9189 0.8961 1.3507 0.7926 0.7926 4.2713 0.2354 0.2354 0.3630 0.3630
0.9247 0.8919 1.3611 0.7953 0.7953 4.2894 0.2326 0.2326 0.3600 0.3600
0.9267 0.8956 1.3606 0.7934 0.7934 4.2852 0.2313 0.2313 0.3581 0.3581
0.9246 0.8939 1.3385 0.7977 0.7977 4.2933 0.2326 0.2326 0.3602 0.3602
0.9194 0.8951 1.3243 0.7973 0.7973 4.2769 0.2333 0.2333 0.3610 0.3610
0.9217 0.8964 1.3444 0.7992 0.7992 4.2759 0.2347 0.2347 0.3629 0.3629
0.9178 0.8968 1.3255 0.7988 0.7988 4.2987 0.2333 0.2333 0.3612 0.3612
0.9168 0.8959 1.3228 0.7965 0.7965 4.3063 0.2292 0.2292 0.3559 0.3559
0.9098 0.8981 1.3331 0.7961 0.7961 4.2965 0.2326 0.2326 0.3601 0.3601
0.9134 0.8947 1.2999 0.7973 0.7973 4.2971 0.2326 0.2326 0.3602 0.3602
0.9108 0.8982 1.3208 0.7996 0.7996 4.2963 0.2313 0.2313 0.3587 0.3587
0.9092 0.8957 1.3061 0.8016 0.8016 4.3157 0.2271 0.2271 0.3539 0.3539
0.9118 0.8993 1.3267 0.8035 0.8035 4.3137 0.2257 0.2257 0.3524 0.3524
