6.5259 0.0147 6.5928 0.0004 0.0004 6.1393 0.0674 0.0674 0.0008 0.0008
6.2337 0.0512 6.7860 0.0000 0.0000 5.0822 0.1160 0.1160 0.0000 0.0000
5.8735 0.1094 6.5730 0.0000 0.0000 4.5884 0.2153 0.2153 0.0000 0.0000
5.5032 0.2045 6.4171 0.0000 0.0000 4.0212 0.2931 0.2931 0.0000 0.0000
5.1243 0.2556 6.1293 0.0012 0.0012 3.7104 0.3458 0.3458 0.0023 0.0023
4.7304 0.2992 5.7021 0.0062 0.0062 3.5168 0.3736 0.3736 0.0122 0.0122
4.3285 0.3315 5.2672 0.0252 0.0252 3.5012 0.3826 0.3826 0.0473 0.0473
3.9637 0.3633 4.8542 0.0616 0.0616 3.5407 0.3882 0.3882 0.1064 0.1064
3.6836 0.4017 4.4914 0.0919 0.0919 3.5655 0.4021 0.4021 0.1496 0.1496
3.4156 0.4313 4.2072 0.1477 0.1477 3.5928 0.3924 0.3924 0.2146 0.2146
3.2078 0.4599 3.9877 0.1822 0.1822 3.5845 0.3931 0.3931 0.2490 0.2490
3.0410 0.4915 3.7752 0.2198 0.2198 3.6134 0.3854 0.3854 0.2799 0.2799
2.8580 0.5246 3.5702 0.2481 0.2481 3.6477 0.3771 0.3771 0.2993 0.2993
2.7372 0.5387 3.4028 0.2787 0.2787 3.6650 0.3708 0.3708 0.3182 0.3182
2.6165 0.5577 3.2582 0.3151 0.3151 3.6872 0.3604 0.3604 0.3362 0.3362
2.5161 0.5748 3.1724 0.3508 0.3508 3.7231 0.3458 0.3458 0.3483 0.3483
2.4160 0.5973 3.0642 0.3721 0.3721 3.7420 0.3472 0.3472 0.3592 0.3592
2.3086 0.6188 2.9533 0.3872 0.3872 3.7427 0.3326 0.3326 0.3579 0.3579
2.2441 0.6266 2.8384 0.4078 0.4078 3.7445 0.3403 0.3403 0.3710 0.3710
2.1744 0.6432 2.7485 0.4302 0.4302 3.7638 0.3278 0.3278 0.3721 0.3721
2.1208 0.6451 2.6816 0.4593 0.4593 3.8196 0.3187 0.3188 0.3763 0.3763
2.0369 0.6734 2.5647 0.4713 0.4713 3.8106 0.3292 0.3292 0.3876 0.3876
1.9847 0.6802 2.5359 0.4868 0.4868 3.8316 0.3083 0.3083 0.3775 0.3775
1.9303 0.6848 2.4680 0.5101 0.5101 3.8701 0.3181 0.3181 0.3918 0.3918
1.8927 0.6904 2.3084 0.5143 0.5143 3.8857 0.3069 0.3069 0.3845 0.3845
1.8308 0.7052 2.3057 0.5287 0.5287 3.8931 0.3063 0.3063 0.3878 0.3878
1.7741 0.7208 2.2327 0.5364 0.5364 3.9021 0.2951 0.2951 0.3808 0.3808
1.7453 0.7218 2.1979 0.5605 0.5605 3.9122 0.2986 0.2986 0.3896 0.3896
1.6779 0.7345 2.1516 0.5756 0.5756 3.9210 0.2819 0.2819 0.3785 0.3785
1.6550 0.7513 2.0960 0.5950 0.5950 3.9380 0.2833 0.2833 0.3839 0.3839
1.5959 0.7550 2.0569 0.6008 0.6008 4.0004 0.2847 0.2847 0.3863 0.3863
1.5702 0.7621 2.0258 0.6252 0.6252 4.0189 0.2764 0.2764 0.3833 0.3833
1.5235 0.7717 1.9514 0.6271 0.6271 4.0031 0.2764 0.2764 0.3837 0.3837
1.5041 0.7791 1.9216 0.6411 0.6411 3.9956 0.2708 0.2708 0.3808 0.3808
1.4586 0.7855 1.8573 0.6512 0.6512 4.0255 0.2660 0.2660 0.3777 0.3777
1.4137 0.7968 1.8161 0.6640 0.6640 4.0912 0.2521 0.2521 0.3654 0.3654
1.4003 0.8031 1.7911 0.6822 0.6822 4.0840 0.2562 0.2563 0.3726 0.3726
1.3651 0.8154 1.7524 0.6942 0.6942 4.1047 0.2542 0.2542 0.3721 0.3721
1.3307 0.8211 1.6744 0.7031 0.7031 4.1373 0.2472 0.2472 0.3658 0.3658
1.3107 0.8218 1.6727 0.7132 0.7132 4.1043 0.2576 0.2576 0.3785 0.3785
1.2801 0.8272 1.6241 0.7329 0.7329 4.1433 0.2368 0.2368 0.3580 0.3580
1.2544 0.8427 1.6293 0.7326 0.7326 4.1309 0.2444 0.2444 0.3666 0.3666
1.2319 0.8423 1.5418 0.7535 0.7535 4.1902 0.2313 0.2313 0.3539 0.3539
1.2063 0.8477 1.5396 0.7562 0.7562 4.1516 0.2368 0.2368 0.3607 0.3607
1.1675 0.8602 1.4858 0.7640 0.7640 4.1734 0.2396 0.2396 0.3648 0.3648
1.1686 0.8531 1.4878 0.7698 0.7698 4.2156 0.2340 0.2340 0.3589 0.3589
1.1424 0.8585 1.4271 0.7771 0.7771 4.2197 0.2306 0.2306 0.3556 0.3556
1.1005 0.8722 1.3968 0.7950 0.7950 4.2938 0.2194 0.2194 0.3439 0.3439
1.0772 0.8772 1.3446 0.8027 0.8027 4.2224 0.2201 0.2201 0.3455 0.3455
1.0450 0.8878 1.3358 0.8074 0.8074 4.2430 0.2194 0.2194 0.3451 0.3451
1.0533 0.8827 1.3124 0.8070 0.8070 4.2562 0.2194 0.2194 0.3451 0.3451
1.0438 0.8846 1.3067 0.8124 0.8124 4.2685 0.2167 0.2167 0.3421 0.3421
1.0350 0.8899 1.3305 0.8151 0.8151 4.2471 0.2215 0.2215 0.3484 0.3484
1.0365 0.8878 1.3182 0.8194 0.8194 4.2593 0.2264 0.2264 0.3548 0.3548
1.0339 0.8918 1.3266 0.8217 0.8217 4.2664 0.2236 0.2236 0.3516 0.3516
1.0326 0.8876 1.2878 0.8240 0.8240 4.2556 0.2236 0.2236 0.3518 0.3518
1.0341 0.8898 1.3030 0.8260 0.8260 4.2597 0.2194 0.2194 0.3468 0.3468
1.0331 0.8905 1.2966 0.8267 0.8267 4.2721 0.2201 0.2201 0.3477 0.3477
1.0102 0.8985 1.2964 0.8291 0.8291 4.2527 0.2222 0.2222 0.3505 0.3505
1.0218 0.8931 1.2936 0.8306 0.8306 4.2692 0.2229 0.2229 0.3515 0.3515
1.0162 0.8962 1.2983 0.8310 0.8310 4.2724 0.2222 0.2222 0.3507 0.3507
1.0217 0.8894 1.2915 0.8306 0.8306 4.2800 0.2215 0.2215 0.3498 0.3498
1.0102 0.8952 1.2615 0.8318 0.8318 4.2821 0.2194 0.2194 0.3473 0.3473
1.0053 0.8954 1.2713 0.8314 0.8314 4.2705 0.2201 0.2201 0.3481 0.3481
1.0040 0.8995 1.2955 0.8333 0.8333 4.2714 0.2188 0.2188 0.3465 0.3465
1.0081 0.8939 1.2474 0.8341 0.8341 4.2850 0.2174 0.2174 0.3449 0.3449
1.0059 0.8997 1.2666 0.8376 0.8376 4.2926 0.2188 0.2188 0.3469 0.3469
1.0033 0.8983 1.2528 0.8388 0.8388 4.2852 0.2194 0.2194 0.3479 0.3479
0.9949 0.9014 1.2519 0.8349 0.8349 4.2871 0.2153 0.2153 0.3423 0.3423
0.9908 0.9029 1.2494 0.8360 0.8360 4.2854 0.2160 0.2160 0.3433 0.3433
0.9933 0.9037 1.2817 0.8345 0.8345 4.2880 0.2139 0.2139 0.3405 0.3405
0.9804 0.9032 1.2348 0.8368 0.8368 4.2889 0.2160 0.2160 0.3433 0.3433
0.9770 0.9048 1.2723 0.8391 0.8391 4.2979 0.2167 0.2167 0.3444 0.3444
0.9816 0.9050 1.2305 0.8415 0.8415 4.3032 0.2153 0.2153 0.3428 0.3428
0.9974 0.8995 1.2361 0.8430 0.8430 4.3033 0.2146 0.2146 0.3421 0.3421
0.9711 0.9081 1.2430 0.8407 0.8407 4.2932 0.2160 0.2160 0.3437 0.3437
0.9788 0.9049 1.2466 0.8422 0.8422 4.2978 0.2118 0.2118 0.3385 0.3385
0.9758 0.9053 1.2414 0.8411 0.8411 4.3056 0.2125 0.2125 0.3393 0.3393
0.9769 0.9087 1.2285 0.8438 0.8438 4.3081 0.2132 0.2132 0.3404 0.3404
0.9770 0.9068 1.2195 0.8419 0.8419 4.2973 0.2125 0.2125 0.3393 0.3393
0.9740 0.9090 1.2194 0.8442 0.8442 4.3013 0.2118 0.2118 0.3386 0.3386
0.9709 0.9080 1.2239 0.8469 0.8469 4.3032 0.2139 0.2139 0.3415 0.3415
0.9776 0.9059 1.2237 0.8469 0.8469 4.3011 0.2181 0.2181 0.3468 0.3468
0.9618 0.9055 1.2014 0.8481 0.8481 4.2924 0.2125 0.2125 0.3398 0.3398
0.9721 0.9045 1.2199 0.8496 0.8496 4.3010 0.2125 0.2125 0.3400 0.3400
0.9605 0.9102 1.1993 0.8519 0.8519 4.3075 0.2097 0.2097 0.3366 0.3366
0.9615 0.9105 1.2199 0.8504 0.8504 4.3027 0.2104 0.2104 0.3374 0.3374
0.9506 0.9112 1.2260 0.8512 0.8512 4.3020 0.2090 0.2090 0.3356 0.3356
0.9467 0.9144 1.2001 0.8527 0.8527 4.3146 0.2090 0.2090 0.3358 0.3358
0.9487 0.9150 1.1925 0.8550 0.8550 4.3210 0.2090 0.2090 0.3359 0.3359
0.9432 0.9142 1.2052 0.8527 0.8527 4.3195 0.2111 0.2111 0.3384 0.3384
0.9362 0.9141 1.1928 0.8558 0.8558 4.3068 0.2132 0.2132 0.3414 0.3414
0.9435 0.9093 1.1948 0.8562 0.8562 4.3163 0.2104 0.2104 0.3378 0.3378
0.9469 0.9098 1.1960 0.8581 0.8581 4.3301 0.2090 0.2090 0.3362 0.3362
0.9363 0.9204 1.1663 0.8593 0.8593 4.3178 0.2104 0.2104 0.3381 0.3381
0.9334 0.9171 1.1868 0.8585 0.8585 4.3205 0.2104 0.2104 0.3380 0.3380
0.9208 0.9214 1.1852 0.8597 0.8597 4.3283 0.2062 0.2063 0.3327 0.3327
0.9332 0.9157 1.1758 0.8624 0.8624 4.3276 0.2083 0.2083 0.3356 0.3356
0.9350 0.9162 1.1606 0.8609 0.8609 4.3154 0.2111 0.2111 0.3391 0.3391
0.9201 0.9212 1.1704 0.8620 0.8620 4.3245 0.2125 0.2125 0.3410 0.3410
