6.3755 0.0184 6.9564 0.0000 0.0000 5.5439 0.0500 0.0500 0.0000 0.0000
5.8178 0.0808 7.2659 0.0000 0.0000 4.6044 0.1625 0.1625 0.0000 0.0000
5.3552 0.2349 7.1809 0.0000 0.0000 4.0651 0.2590 0.2590 0.0000 0.0000
4.9077 0.3580 7.0418 0.0000 0.0000 3.6135 0.3285 0.3285 0.0000 0.0000
4.5093 0.4150 6.9154 0.0000 0.0000 3.2530 0.3549 0.3549 0.0000 0.0000
4.1177 0.4752 6.6299 0.0000 0.0000 3.0685 0.3986 0.3986 0.0000 0.0000
3.7962 0.5149 6.2583 0.0008 0.0008 3.0061 0.4083 0.4083 0.0015 0.0015
3.5239 0.5347 5.8643 0.0047 0.0047 2.9986 0.4146 0.4146 0.0092 0.0092
3.2914 0.5434 5.5936 0.0116 0.0116 3.0086 0.4139 0.4139 0.0226 0.0226
3.0770 0.5588 5.1986 0.0217 0.0217 3.0883 0.4118 0.4118 0.0412 0.0412
2.8880 0.5712 4.9285 0.0388 0.0388 3.1324 0.4243 0.4243 0.0710 0.0710
2.7520 0.5826 4.6935 0.0519 0.0519 3.1548 0.4174 0.4174 0.0924 0.0924
2.5942 0.5997 4.4650 0.0752 0.0752 3.2242 0.4208 0.4208 0.1276 0.1276
2.4990 0.6098 4.2446 0.0961 0.0961 3.2485 0.4139 0.4139 0.1560 0.1560
2.3680 0.6217 4.0726 0.1260 0.1260 3.2975 0.4153 0.4153 0.1933 0.1933
2.2654 0.6367 3.9268 0.1562 0.1562 3.3262 0.4160 0.4160 0.2271 0.2271
2.1789 0.6496 3.7658 0.1853 0.1853 3.3735 0.4069 0.4069 0.2546 0.2546
2.1048 0.6605 3.6608 0.2081 0.2081 3.3980 0.4000 0.4000 0.2738 0.2738
2.0298 0.6698 3.5298 0.2252 0.2252 3.4349 0.3937 0.3938 0.2865 0.2865
1.9438 0.6912 3.3695 0.2543 0.2543 3.4627 0.3944 0.3944 0.3092 0.3092
1.8877 0.6944 3.3103 0.2760 0.2760 3.4930 0.3847 0.3847 0.3214 0.3214
1.8433 0.7002 3.1868 0.2950 0.2950 3.5425 0.3840 0.3840 0.3337 0.3337
1.7641 0.7151 3.1052 0.3097 0.3097 3.5196 0.3854 0.3854 0.3434 0.3434
1.7108 0.7223 3.0096 0.3318 0.3318 3.5887 0.3792 0.3792 0.3539 0.3539
1.6725 0.7287 2.8791 0.3461 0.3461 3.5885 0.3757 0.3757 0.3603 0.3603
1.6255 0.7354 2.9100 0.3581 0.3581 3.6049 0.3722 0.3722 0.3650 0.3650
1.5958 0.7396 2.7465 0.3837 0.3837 3.6728 0.3479 0.3479 0.3649 0.3649
1.5512 0.7471 2.7574 0.3977 0.3977 3.6632 0.3590 0.3590 0.3774 0.3774
1.4981 0.7615 2.6089 0.4155 0.4155 3.7024 0.3451 0.3451 0.3771 0.3771
1.4808 0.7620 2.6244 0.4109 0.4109 3.6695 0.3479 0.3479 0.3768 0.3768
1.4351 0.7667 2.5416 0.4186 0.4186 3.7114 0.3472 0.3472 0.3796 0.3796
1.3989 0.7725 2.4709 0.4461 0.4461 3.7649 0.3403 0.3403 0.3861 0.3861
1.3770 0.7766 2.3893 0.4593 0.4593 3.7983 0.3375 0.3375 0.3891 0.3891
1.3567 0.7771 2.3559 0.4690 0.4690 3.7654 0.3312 0.3313 0.3883 0.3883
1.3045 0.7951 2.3292 0.4872 0.4872 3.8023 0.3236 0.3236 0.3889 0.3889
1.3039 0.7938 2.2723 0.4961 0.4961 3.8154 0.3243 0.3243 0.3922 0.3922
1.2650 0.7983 2.2249 0.5070 0.5070 3.8548 0.3299 0.3299 0.3997 0.3997
1.2431 0.7985 2.1665 0.5140 0.5140 3.8615 0.3167 0.3167 0.3919 0.3919
1.2056 0.8104 2.0974 0.5337 0.5337 3.8976 0.3194 0.3194 0.3997 0.3997
1.1885 0.8136 2.0923 0.5388 0.5388 3.9119 0.3118 0.3118 0.3950 0.3950
1.1660 0.8218 2.0574 0.5492 0.5492 3.9215 0.3097 0.3097 0.3961 0.3961
1.1259 0.8281 2.0181 0.5647 0.5647 3.9413 0.3049 0.3049 0.3960 0.3960
1.1176 0.8270 1.9663 0.5806 0.5806 3.9751 0.2951 0.2951 0.3913 0.3913
1.0899 0.8347 1.9081 0.5872 0.5872 3.9837 0.2944 0.2944 0.3922 0.3922
1.0768 0.8331 1.8710 0.5992 0.5992 3.9948 0.2889 0.2889 0.3898 0.3898
1.0561 0.8413 1.8099 0.6128 0.6128 4.0262 0.2917 0.2917 0.3952 0.3952
1.0409 0.8433 1.8092 0.6178 0.6178 4.0243 0.2931 0.2931 0.3975 0.3975
1.0300 0.8483 1.7674 0.6271 0.6271 4.0316 0.2903 0.2903 0.3969 0.3969
1.0023 0.8534 1.7565 0.6291 0.6291 4.0545 0.2847 0.2847 0.3920 0.3920
0.9749 0.8577 1.7397 0.6407 0.6407 4.0874 0.2778 0.2778 0.3875 0.3875
0.9780 0.8599 1.7276 0.6434 0.6434 4.0768 0.2778 0.2778 0.3880 0.3880
0.9644 0.8629 1.7101 0.6446 0.6446 4.0651 0.2806 0.2806 0.3909 0.3909
0.9580 0.8630 1.6754 0.6535 0.6535 4.0733 0.2819 0.2819 0.3939 0.3939
0.9579 0.8649 1.7199 0.6574 0.6574 4.0842 0.2819 0.2819 0.3946 0.3946
0.9553 0.8642 1.6966 0.6609 0.6609 4.0800 0.2806 0.2806 0.3939 0.3939
0.9604 0.8665 1.6678 0.6585 0.6585 4.0803 0.2833 0.2833 0.3962 0.3962
0.9468 0.8646 1.6799 0.6601 0.6601 4.0706 0.2833 0.2833 0.3965 0.3965
0.9495 0.8715 1.6557 0.6609 0.6609 4.0719 0.2819 0.2819 0.3953 0.3953
0.9637 0.8611 1.6970 0.6628 0.6628 4.0881 0.2806 0.2806 0.3942 0.3942
0.9410 0.8666 1.6541 0.6659 0.6659 4.0947 0.2778 0.2778 0.3920 0.3920
0.9443 0.8660 1.6667 0.6643 0.6643 4.0839 0.2785 0.2785 0.3924 0.3924
0.9443 0.8668 1.6624 0.6690 0.6690 4.0829 0.2750 0.2750 0.3898 0.3898
0.9312 0.8683 1.6315 0.6717 0.6717 4.0799 0.2757 0.2757 0.3909 0.3909
0.9511 0.8642 1.6080 0.6733 0.6733 4.0822 0.2764 0.2764 0.3919 0.3919
0.9382 0.8690 1.6677 0.6713 0.6713 4.0789 0.2799 0.2799 0.3950 0.3950
0.9399 0.8674 1.6228 0.6736 0.6736 4.0893 0.2764 0.2764 0.3920 0.3920
0.9301 0.8753 1.6446 0.6752 0.6752 4.0933 0.2743 0.2743 0.3901 0.3901
0.9428 0.8705 1.6560 0.6764 0.6764 4.0968 0.2764 0.2764 0.3924 0.3924
0.9224 0.8754 1.6143 0.6814 0.6814 4.0973 0.2757 0.2757 0.3926 0.3926
0.9333 0.8733 1.6282 0.6822 0.6822 4.0942 0.2750 0.2750 0.3920 0.3920
0.9195 0.8784 1.6423 0.6810 0.6810 4.1167 0.2701 0.2701 0.3868 0.3868
0.9194 0.8777 1.6238 0.6810 0.6810 4.1070 0.2694 0.2694 0.3861 0.3861
0.9244 0.8720 1.5983 0.6841 0.6841 4.1090 0.2681 0.2681 0.3852 0.3852
0.9120 0.8759 1.6226 0.6884 0.6884 4.1172 0.2687 0.2688 0.3866 0.3866
0.9168 0.8757 1.6000 0.6876 0.6876 4.1179 0.2701 0.2701 0.3879 0.3879
0.9118 0.8732 1.6019 0.6868 0.6868 4.1223 0.2736 0.2736 0.3913 0.3913
0.9109 0.8810 1.6065 0.6899 0.6899 4.1155 0.2729 0.2729 0.3911 0.3911
0.9116 0.8765 1.5712 0.6891 0.6891 4.1109 0.2729 0.2729 0.3910 0.3910
0.9075 0.8804 1.5743 0.6884 0.6884 4.1155 0.2694 0.2694 0.3873 0.3873
0.9072 0.8773 1.5890 0.6915 0.6915 4.1214 0.2750 0.2750 0.3935 0.3935
0.9130 0.8744 1.5823 0.6907 0.6907 4.1301 0.2708 0.2708 0.3891 0.3891
0.9131 0.8774 1.5725 0.6938 0.6938 4.1280 0.2729 0.2729 0.3917 0.3917
0.9096 0.8761 1.5428 0.6969 0.6969 4.1278 0.2681 0.2681 0.3872 0.3872
0.8992 0.8839 1.6054 0.6953 0.6953 4.1188 0.2715 0.2715 0.3905 0.3905
0.8953 0.8767 1.5647 0.6950 0.6950 4.1252 0.2701 0.2701 0.3890 0.3890
0.8983 0.8809 1.5879 0.6961 0.6961 4.1326 0.2674 0.2674 0.3863 0.3863
0.8926 0.8847 1.5577 0.6965 0.6965 4.1368 0.2687 0.2688 0.3878 0.3878
0.8969 0.8804 1.5300 0.6973 0.6973 4.1422 0.2681 0.2681 0.3872 0.3872
0.8909 0.8799 1.5854 0.7000 0.7000 4.1488 0.2646 0.2646 0.3840 0.3840
0.8778 0.8851 1.5683 0.6977 0.6977 4.1425 0.2660 0.2660 0.3851 0.3851
0.8936 0.8788 1.5683 0.7000 0.7000 4.1329 0.2701 0.2701 0.3898 0.3898
0.8829 0.8868 1.5503 0.7027 0.7027 4.1389 0.2646 0.2646 0.3844 0.3844
0.8943 0.8803 1.5440 0.7039 0.7039 4.1335 0.2660 0.2660 0.3861 0.3861
0.8704 0.8872 1.5397 0.7062 0.7062 4.1449 0.2674 0.2674 0.3879 0.3879
0.8816 0.8851 1.5284 0.7058 0.7058 4.1463 0.2681 0.2681 0.3885 0.3885
0.8729 0.8853 1.5584 0.7058 0.7058 4.1446 0.2632 0.2632 0.3834 0.3834
0.8789 0.8836 1.5415 0.7078 0.7078 4.1484 0.2646 0.2646 0.3852 0.3852
0.8822 0.8823 1.5352 0.7109 0.7109 4.1564 0.2639 0.2639 0.3849 0.3849
0.8683 0.8860 1.5176 0.7112 0.7112 4.1550 0.2632 0.2632 0.3842 0.3842
0.8693 0.8871 1.5610 0.7078 0.7078 4.1677 0.2611 0.2611 0.3815 0.3815
