6.2509 0.0227 7.1622 0.0000 0.0000 5.3164 0.0354 0.0354 0.0000 0.0000
5.4920 0.1236 7.6726 0.0000 0.0000 4.3571 0.1604 0.1604 0.0000 0.0000
4.9401 0.3325 7.5455 0.0000 0.0000 3.8424 0.2681 0.2681 0.0000 0.0000
4.4661 0.4497 7.5128 0.0000 0.0000 3.3836 0.3319 0.3319 0.0000 0.0000
4.0206 0.5276 7.4277 0.0000 0.0000 3.0502 0.3639 0.3639 0.0000 0.0000
3.6524 0.5803 7.0839 0.0000 0.0000 2.9227 0.3868 0.3868 0.0000 0.0000
3.3629 0.6210 6.8126 0.0000 0.0000 2.8246 0.3958 0.3958 0.0000 0.0000
3.1024 0.6363 6.5421 0.0000 0.0000 2.8095 0.4035 0.4035 0.0000 0.0000
2.9095 0.6482 6.2298 0.0027 0.0027 2.8243 0.4056 0.4056 0.0054 0.0054
2.7245 0.6560 5.9218 0.0047 0.0047 2.8617 0.4222 0.4222 0.0092 0.0092
2.5917 0.6623 5.6298 0.0066 0.0066 2.8981 0.4194 0.4194 0.0130 0.0130
2.4516 0.6708 5.3726 0.0143 0.0143 2.9444 0.4174 0.4174 0.0277 0.0277
2.3285 0.6792 5.1024 0.0233 0.0233 3.0041 0.4118 0.4118 0.0440 0.0440
2.2379 0.6835 4.8635 0.0345 0.0345 3.0345 0.4201 0.4201 0.0638 0.0638
2.1257 0.6940 4.7261 0.0477 0.0477 3.0760 0.4069 0.4069 0.0853 0.0853
2.0469 0.6988 4.5161 0.0674 0.0674 3.0979 0.4090 0.4090 0.1158 0.1158
1.9748 0.7054 4.3820 0.0841 0.0841 3.1591 0.4076 0.4076 0.1394 0.1394
1.8923 0.7161 4.2321 0.1019 0.1019 3.1742 0.4132 0.4132 0.1635 0.1635
1.8206 0.7222 4.0136 0.1244 0.1244 3.2134 0.4076 0.4076 0.1906 0.1906
1.7729 0.7265 3.8947 0.1434 0.1434 3.2695 0.4076 0.4076 0.2122 0.2122
1.7073 0.7352 3.7919 0.1547 0.1547 3.2842 0.4090 0.4090 0.2244 0.2244
1.6468 0.7433 3.6832 0.1783 0.1783 3.3039 0.4028 0.4028 0.2472 0.2472
1.6039 0.7507 3.5722 0.2050 0.2050 3.3442 0.3965 0.3965 0.2703 0.2703
1.5450 0.7585 3.4213 0.2205 0.2205 3.4024 0.3847 0.3847 0.2804 0.2804
1.5189 0.7605 3.4114 0.2233 0.2233 3.3931 0.3868 0.3868 0.2831 0.2831
1.4729 0.7702 3.2326 0.2508 0.2508 3.4408 0.3833 0.3833 0.3032 0.3032
1.4485 0.7735 3.1809 0.2674 0.2674 3.4594 0.3771 0.3771 0.3129 0.3129
1.4043 0.7821 3.0864 0.2818 0.2818 3.4753 0.3778 0.3778 0.3228 0.3228
1.3658 0.7822 3.0178 0.2984 0.2984 3.5220 0.3736 0.3736 0.3318 0.3318
1.3493 0.7882 2.9841 0.3171 0.3171 3.5357 0.3722 0.3722 0.3424 0.3424
1.3112 0.7931 2.8683 0.3275 0.3275 3.5542 0.3701 0.3701 0.3475 0.3475
1.2737 0.7958 2.8342 0.3395 0.3395 3.5489 0.3569 0.3569 0.3480 0.3480
1.2596 0.7967 2.7776 0.3558 0.3558 3.5919 0.3597 0.3597 0.3578 0.3578
1.2137 0.8088 2.6698 0.3655 0.3655 3.6325 0.3521 0.3521 0.3587 0.3587
1.1993 0.8086 2.6307 0.3771 0.3771 3.6287 0.3507 0.3507 0.3634 0.3634
1.1687 0.8155 2.5599 0.3876 0.3876 3.6897 0.3493 0.3493 0.3675 0.3675
1.1630 0.8172 2.5254 0.3981 0.3981 3.6639 0.3431 0.3431 0.3685 0.3685
1.1238 0.8188 2.4992 0.4140 0.4140 3.6985 0.3410 0.3410 0.3739 0.3739
1.1086 0.8289 2.4392 0.4283 0.4283 3.7076 0.3375 0.3375 0.3775 0.3775
1.0884 0.8285 2.3796 0.4380 0.4380 3.7444 0.3347 0.3347 0.3795 0.3795
1.0641 0.8294 2.3496 0.4484 0.4484 3.7556 0.3340 0.3340 0.3829 0.3829
1.0487 0.8346 2.3164 0.4593 0.4593 3.7547 0.3375 0.3375 0.3891 0.3891
1.0285 0.8398 2.2066 0.4721 0.4721 3.8037 0.3319 0.3319 0.3898 0.3898
1.0160 0.8388 2.2385 0.4787 0.4787 3.8075 0.3292 0.3292 0.3901 0.3901
0.9911 0.8416 2.1488 0.4961 0.4961 3.8568 0.3236 0.3236 0.3917 0.3917
0.9707 0.8480 2.1382 0.4938 0.4938 3.8389 0.3243 0.3243 0.3915 0.3915
0.9709 0.8481 2.1191 0.5058 0.5058 3.8608 0.3153 0.3153 0.3884 0.3884
0.9259 0.8575 2.0741 0.5267 0.5267 3.8848 0.3139 0.3139 0.3934 0.3934
0.9167 0.8619 2.0184 0.5267 0.5267 3.8721 0.3174 0.3174 0.3961 0.3961
0.9198 0.8536 1.9836 0.5535 0.5535 3.9258 0.3056 0.3056 0.3937 0.3937
0.9006 0.8602 1.9828 0.5531 0.5531 3.9099 0.3118 0.3118 0.3988 0.3988
0.8962 0.8586 1.9607 0.5554 0.5554 3.9075 0.3139 0.3139 0.4011 0.4011
0.8992 0.8604 1.9764 0.5585 0.5585 3.9175 0.3104 0.3104 0.3991 0.3991
0.8827 0.8671 1.9740 0.5601 0.5601 3.9137 0.3118 0.3118 0.4006 0.4006
0.8941 0.8595 1.9511 0.5612 0.5612 3.9173 0.3118 0.3118 0.4009 0.4009
0.8823 0.8612 1.9636 0.5620 0.5620 3.9198 0.3118 0.3118 0.4011 0.4011
0.8792 0.8656 1.9614 0.5624 0.5624 3.9228 0.3125 0.3125 0.4018 0.4018
0.8734 0.8653 1.9413 0.5667 0.5667 3.9194 0.3111 0.3111 0.4017 0.4017
0.8788 0.8642 1.9541 0.5682 0.5682 3.9187 0.3118 0.3118 0.4027 0.4027
0.8691 0.8699 1.9189 0.5702 0.5702 3.9183 0.3104 0.3104 0.4020 0.4020
0.8714 0.8675 1.9496 0.5698 0.5698 3.9189 0.3090 0.3090 0.4007 0.4007
0.8769 0.8687 1.9200 0.5690 0.5690 3.9227 0.3097 0.3097 0.4011 0.4011
0.8757 0.8659 1.8779 0.5709 0.5709 3.9213 0.3111 0.3111 0.4028 0.4028
0.8783 0.8664 1.9008 0.5736 0.5736 3.9218 0.3097 0.3097 0.4023 0.4023
0.8613 0.8706 1.9045 0.5713 0.5713 3.9388 0.3118 0.3118 0.4034 0.4034
0.8709 0.8674 1.8698 0.5740 0.5740 3.9386 0.3111 0.3111 0.4035 0.4035
0.8656 0.8728 1.9225 0.5736 0.5736 3.9437 0.3111 0.3111 0.4034 0.4034
0.8614 0.8714 1.8838 0.5756 0.5756 3.9394 0.3132 0.3132 0.4057 0.4057
0.8552 0.8706 1.8763 0.5752 0.5752 3.9370 0.3097 0.3097 0.4026 0.4026
0.8568 0.8699 1.8835 0.5791 0.5791 3.9473 0.3069 0.3069 0.4012 0.4012
0.8499 0.8737 1.9006 0.5779 0.5779 3.9392 0.3097 0.3097 0.4033 0.4033
0.8579 0.8703 1.8896 0.5752 0.5752 3.9507 0.3097 0.3097 0.4026 0.4026
0.8434 0.8747 1.8591 0.5767 0.5767 3.9474 0.3063 0.3063 0.4001 0.4001
0.8573 0.8704 1.8474 0.5787 0.5787 3.9549 0.3063 0.3063 0.4005 0.4005
0.8565 0.8701 1.8578 0.5802 0.5802 3.9625 0.3069 0.3069 0.4015 0.4015
0.8545 0.8709 1.8432 0.5841 0.5841 3.9625 0.3035 0.3035 0.3994 0.3994
0.8473 0.8720 1.8513 0.5826 0.5826 3.9668 0.3021 0.3021 0.3979 0.3979
0.8445 0.8753 1.8354 0.5853 0.5853 3.9648 0.3069 0.3069 0.4027 0.4027
0.8353 0.8723 1.8385 0.5837 0.5837 3.9727 0.3063 0.3063 0.4017 0.4017
0.8514 0.8734 1.8607 0.5868 0.5868 3.9729 0.3069 0.3069 0.4031 0.4031
0.8417 0.8755 1.8283 0.5864 0.5864 3.9640 0.3056 0.3056 0.4018 0.4018
0.8409 0.8749 1.7971 0.5911 0.5911 3.9576 0.3042 0.3042 0.4016 0.4016
0.8453 0.8704 1.8257 0.5911 0.5911 3.9680 0.3035 0.3035 0.4010 0.4010
0.8310 0.8750 1.8462 0.5899 0.5899 3.9737 0.3035 0.3035 0.4008 0.4008
0.8341 0.8748 1.8184 0.5903 0.5903 3.9747 0.3035 0.3035 0.4009 0.4009
0.8410 0.8757 1.8271 0.5957 0.5957 3.9777 0.3063 0.3063 0.4045 0.4045
0.8416 0.8739 1.8319 0.5969 0.5969 3.9880 0.3056 0.3056 0.4042 0.4042
0.8212 0.8822 1.8174 0.5957 0.5957 3.9718 0.3063 0.3063 0.4045 0.4045
0.8273 0.8830 1.7952 0.5911 0.5911 3.9680 0.3069 0.3069 0.4041 0.4041
0.8269 0.8804 1.8203 0.5977 0.5977 3.9777 0.3042 0.3042 0.4032 0.4032
0.8174 0.8809 1.7666 0.6031 0.6031 3.9798 0.3049 0.3049 0.4050 0.4050
0.8308 0.8780 1.7892 0.5992 0.5992 3.9898 0.3056 0.3056 0.4047 0.4047
0.8268 0.8805 1.7990 0.5981 0.5981 3.9784 0.3042 0.3042 0.4032 0.4032
0.8210 0.8797 1.7626 0.5981 0.5981 3.9818 0.3028 0.3028 0.4020 0.4020
0.8156 0.8820 1.8138 0.6004 0.6004 3.9809 0.3069 0.3069 0.4062 0.4062
0.8218 0.8774 1.7710 0.6039 0.6039 3.9720 0.3049 0.3049 0.4052 0.4052
0.8179 0.8827 1.7583 0.6027 0.6027 3.9930 0.3028 0.3028 0.4031 0.4031
0.8114 0.8841 1.7809 0.6066 0.6066 3.9907 0.3014 0.3014 0.4027 0.4027
0.8049 0.8855 1.7789 0.6050 0.6050 3.9874 0.3056 0.3056 0.4060 0.4060
0.8187 0.8771 1.7496 0.6023 0.6023 3.9887 0.3042 0.3042 0.4042 0.4042
