6.5359 0.0079 6.5903 0.0008 0.0008 6.1442 0.0312 0.0313 0.0015 0.0015
6.2499 0.0269 6.7942 0.0000 0.0000 5.1103 0.0854 0.0854 0.0000 0.0000
5.9119 0.1140 6.5758 0.0000 0.0000 4.6302 0.2111 0.2111 0.0000 0.0000
5.5308 0.2209 6.4504 0.0000 0.0000 4.0159 0.2806 0.2806 0.0000 0.0000
5.1286 0.2663 6.0964 0.0008 0.0008 3.6896 0.3458 0.3458 0.0015 0.0015
4.7178 0.2993 5.6392 0.0085 0.0085 3.5239 0.3764 0.3764 0.0167 0.0167
4.3263 0.3373 5.2322 0.0291 0.0291 3.4717 0.3903 0.3903 0.0541 0.0541
3.9629 0.3695 4.7850 0.0593 0.0593 3.5232 0.3917 0.3917 0.1030 0.1030
3.6620 0.3968 4.4716 0.0946 0.0946 3.5594 0.4146 0.4146 0.1540 0.1540
3.4336 0.4253 4.2188 0.1329 0.1329 3.5489 0.4090 0.4090 0.2007 0.2007
3.2376 0.4557 3.9589 0.1651 0.1651 3.5913 0.3979 0.3979 0.2334 0.2334
3.0587 0.4856 3.8209 0.1977 0.1977 3.5701 0.3958 0.3958 0.2637 0.2637
2.9033 0.5076 3.6329 0.2442 0.2442 3.6185 0.3861 0.3861 0.2992 0.2992
2.7484 0.5349 3.3989 0.2764 0.2764 3.6507 0.3708 0.3708 0.3167 0.3167
2.6262 0.5608 3.3087 0.3066 0.3066 3.6792 0.3597 0.3597 0.3310 0.3310
2.5479 0.5679 3.1772 0.3260 0.3260 3.6583 0.3674 0.3674 0.3454 0.3454
2.4405 0.5838 3.0403 0.3523 0.3523 3.6677 0.3604 0.3604 0.3563 0.3563
2.3448 0.6061 2.9602 0.3798 0.3798 3.6782 0.3472 0.3472 0.3628 0.3628
2.2635 0.6237 2.8167 0.3973 0.3973 3.7115 0.3389 0.3389 0.3658 0.3658
2.1891 0.6380 2.7703 0.4147 0.4147 3.7500 0.3285 0.3285 0.3666 0.3666
2.1418 0.6425 2.6523 0.4562 0.4562 3.7719 0.3181 0.3181 0.3748 0.3748
2.0493 0.6636 2.5944 0.4671 0.4671 3.7663 0.3090 0.3090 0.3720 0.3720
2.0209 0.6666 2.5196 0.4849 0.4849 3.8089 0.3056 0.3056 0.3749 0.3749
1.9466 0.6833 2.4728 0.4895 0.4895 3.7918 0.2986 0.2986 0.3709 0.3709
1.8937 0.6944 2.4156 0.5213 0.5213 3.8381 0.2889 0.2889 0.3718 0.3718
1.8498 0.7060 2.3646 0.5333 0.5333 3.8434 0.2931 0.2931 0.3783 0.3783
1.7895 0.7140 2.2654 0.5585 0.5585 3.8723 0.2799 0.2799 0.3729 0.3729
1.7577 0.7233 2.1771 0.5705 0.5705 3.9099 0.2722 0.2722 0.3686 0.3686
1.7137 0.7338 2.1293 0.5845 0.5845 3.8986 0.2771 0.2771 0.3759 0.3759
1.6630 0.7449 2.1341 0.5957 0.5957 3.9029 0.2764 0.2764 0.3776 0.3776
1.6199 0.7532 2.0839 0.6023 0.6023 3.9582 0.2500 0.2500 0.3533 0.3533
1.5663 0.7684 1.9721 0.6159 0.6159 3.9595 0.2465 0.2465 0.3521 0.3521
1.5492 0.7705 1.9636 0.6388 0.6388 3.9560 0.2458 0.2458 0.3550 0.3550
1.5150 0.7750 1.9382 0.6609 0.6609 4.0037 0.2465 0.2465 0.3591 0.3591
1.4596 0.7926 1.8489 0.6686 0.6686 4.0188 0.2368 0.2368 0.3497 0.3497
1.4459 0.7950 1.7982 0.6752 0.6752 3.9975 0.2479 0.2479 0.3627 0.3627
1.4094 0.8035 1.7774 0.6849 0.6849 4.0484 0.2382 0.2382 0.3535 0.3535
1.3778 0.8049 1.7528 0.6950 0.6950 4.0541 0.2340 0.2340 0.3501 0.3501
1.3340 0.8228 1.7094 0.7050 0.7050 4.0487 0.2382 0.2382 0.3561 0.3561
1.3202 0.8200 1.6317 0.7229 0.7229 4.0785 0.2306 0.2306 0.3496 0.3496
1.3008 0.8213 1.6337 0.7271 0.7271 4.0942 0.2264 0.2264 0.3453 0.3453
1.2605 0.8365 1.5932 0.7384 0.7384 4.1114 0.2271 0.2271 0.3473 0.3473
1.2553 0.8396 1.5581 0.7415 0.7415 4.1032 0.2257 0.2257 0.3461 0.3461
1.2248 0.8454 1.5035 0.7574 0.7574 4.1343 0.2160 0.2160 0.3361 0.3361
1.1848 0.8515 1.5008 0.7678 0.7678 4.1571 0.2208 0.2208 0.3430 0.3430
1.1750 0.8530 1.4905 0.7667 0.7667 4.1425 0.2243 0.2243 0.3471 0.3471
1.1394 0.8601 1.4404 0.7833 0.7833 4.1813 0.2146 0.2146 0.3369 0.3369
1.1101 0.8711 1.3967 0.7895 0.7895 4.1853 0.2201 0.2201 0.3443 0.3443
1.0937 0.8769 1.3766 0.7977 0.7977 4.2471 0.1993 0.1993 0.3189 0.3189
1.0704 0.8808 1.3222 0.8078 0.8078 4.2081 0.2069 0.2069 0.3295 0.3295
1.0656 0.8819 1.3466 0.8101 0.8101 4.2247 0.2076 0.2076 0.3306 0.3306
1.0618 0.8838 1.3090 0.8093 0.8093 4.2338 0.2097 0.2097 0.3331 0.3331
1.0397 0.8925 1.3066 0.8105 0.8105 4.2323 0.2125 0.2125 0.3367 0.3367
1.0421 0.8870 1.3120 0.8128 0.8128 4.2308 0.2118 0.2118 0.3360 0.3360
1.0437 0.8874 1.3062 0.8159 0.8159 4.2249 0.2083 0.2083 0.3319 0.3319
1.0466 0.8868 1.2963 0.8159 0.8159 4.2316 0.2104 0.2104 0.3346 0.3346
1.0343 0.8881 1.3173 0.8140 0.8140 4.2325 0.2118 0.2118 0.3361 0.3361
1.0313 0.8887 1.3072 0.8167 0.8167 4.2364 0.2104 0.2104 0.3346 0.3346
1.0329 0.8945 1.3137 0.8171 0.8171 4.2211 0.2090 0.2090 0.3329 0.3329
1.0259 0.8953 1.2699 0.8174 0.8174 4.2319 0.2097 0.2097 0.3338 0.3338
1.0228 0.8910 1.2812 0.8190 0.8190 4.2386 0.2097 0.2097 0.3339 0.3339
1.0150 0.8968 1.2986 0.8209 0.8209 4.2228 0.2104 0.2104 0.3350 0.3350
1.0181 0.8935 1.2730 0.8244 0.8244 4.2403 0.2090 0.2090 0.3335 0.3335
1.0192 0.8964 1.2994 0.8252 0.8252 4.2344 0.2083 0.2083 0.3327 0.3327
1.0193 0.8928 1.2919 0.8256 0.8256 4.2385 0.2062 0.2063 0.3300 0.3300
1.0192 0.8905 1.2767 0.8295 0.8295 4.2459 0.2042 0.2042 0.3277 0.3277
1.0161 0.8947 1.2840 0.8306 0.8306 4.2498 0.2049 0.2049 0.3287 0.3287
1.0145 0.8981 1.2623 0.8318 0.8318 4.2451 0.2042 0.2042 0.3279 0.3279
1.0125 0.8962 1.2644 0.8298 0.8298 4.2445 0.2021 0.2021 0.3250 0.3250
0.9997 0.8936 1.2737 0.8322 0.8322 4.2571 0.2049 0.2049 0.3288 0.3288
1.0096 0.8986 1.2577 0.8314 0.8314 4.2619 0.2042 0.2042 0.3278 0.3278
0.9925 0.9009 1.2758 0.8333 0.8333 4.2431 0.2035 0.2035 0.3271 0.3271
0.9929 0.8988 1.2442 0.8345 0.8345 4.2491 0.1993 0.1993 0.3218 0.3218
0.9952 0.9014 1.2455 0.8357 0.8357 4.2549 0.2042 0.2042 0.3282 0.3282
0.9953 0.9012 1.2438 0.8391 0.8391 4.2448 0.2042 0.2042 0.3284 0.3284
0.9852 0.9068 1.2249 0.8349 0.8349 4.2460 0.2028 0.2028 0.3263 0.3263
0.9957 0.8982 1.2456 0.8341 0.8341 4.2508 0.2028 0.2028 0.3262 0.3262
0.9906 0.9008 1.2370 0.8353 0.8353 4.2574 0.2000 0.2000 0.3227 0.3227
0.9791 0.9031 1.2241 0.8395 0.8395 4.2550 0.1993 0.1993 0.3221 0.3221
0.9829 0.9042 1.2349 0.8419 0.8419 4.2541 0.1993 0.1993 0.3223 0.3223
0.9749 0.9054 1.2132 0.8407 0.8407 4.2580 0.2021 0.2021 0.3258 0.3258
0.9719 0.9094 1.2143 0.8430 0.8430 4.2688 0.2021 0.2021 0.3260 0.3260
0.9720 0.9057 1.2383 0.8434 0.8434 4.2650 0.2021 0.2021 0.3260 0.3260
0.9701 0.9062 1.2288 0.8461 0.8461 4.2561 0.2021 0.2021 0.3262 0.3262
0.9673 0.9059 1.2112 0.8473 0.8473 4.2639 0.2014 0.2014 0.3254 0.3254
0.9656 0.9101 1.2340 0.8469 0.8469 4.2690 0.2000 0.2000 0.3236 0.3236
0.9720 0.9050 1.2134 0.8457 0.8457 4.2617 0.2021 0.2021 0.3262 0.3262
0.9727 0.9069 1.1993 0.8473 0.8473 4.2588 0.2000 0.2000 0.3236 0.3236
0.9735 0.9062 1.2152 0.8465 0.8465 4.2729 0.1965 0.1965 0.3190 0.3190
0.9523 0.9105 1.2147 0.8473 0.8473 4.2590 0.2021 0.2021 0.3263 0.3263
0.9639 0.9070 1.2209 0.8488 0.8488 4.2693 0.2000 0.2000 0.3237 0.3237
0.9542 0.9095 1.2100 0.8484 0.8484 4.2730 0.2007 0.2007 0.3246 0.3246
0.9537 0.9105 1.2036 0.8484 0.8484 4.2634 0.2035 0.2035 0.3282 0.3282
0.9547 0.9102 1.1789 0.8500 0.8500 4.2708 0.2000 0.2000 0.3238 0.3238
0.9534 0.9131 1.1988 0.8504 0.8504 4.2775 0.2000 0.2000 0.3238 0.3238
0.9583 0.9090 1.1847 0.8527 0.8527 4.2720 0.2014 0.2014 0.3258 0.3258
0.9398 0.9138 1.1790 0.8531 0.8531 4.2769 0.2014 0.2014 0.3259 0.3259
0.9351 0.9135 1.1890 0.8523 0.8523 4.2849 0.2028 0.2028 0.3276 0.3276
0.9406 0.9135 1.1740 0.8523 0.8523 4.2950 0.2028 0.2028 0.3276 0.3276
0.9293 0.9158 1.1790 0.8550 0.8550 4.2852 0.2028 0.2028 0.3278 0.3278
