6.3687 0.0171 6.9268 0.0000 0.0000 5.6277 0.0375 0.0375 0.0000 0.0000
5.6110 0.0750 7.7676 0.0000 0.0000 4.4161 0.1639 0.1639 0.0000 0.0000
5.0410 0.2945 7.4662 0.0000 0.0000 3.9534 0.2778 0.2778 0.0000 0.0000
4.5535 0.4275 7.5739 0.0000 0.0000 3.4461 0.3375 0.3375 0.0000 0.0000
4.1192 0.5150 7.4338 0.0000 0.0000 3.1133 0.3618 0.3618 0.0000 0.0000
3.7409 0.5686 7.1705 0.0000 0.0000 2.9272 0.3972 0.3972 0.0000 0.0000
3.4028 0.6047 6.8783 0.0000 0.0000 2.8411 0.4229 0.4229 0.0000 0.0000
3.1371 0.6318 6.6152 0.0000 0.0000 2.7931 0.4257 0.4257 0.0000 0.0000
2.9305 0.6446 6.2623 0.0004 0.0004 2.8000 0.4181 0.4181 0.0008 0.0008
2.7454 0.6501 5.9020 0.0035 0.0035 2.8388 0.4319 0.4319 0.0069 0.0069
2.5956 0.6588 5.6903 0.0093 0.0093 2.8743 0.4313 0.4313 0.0182 0.0182
2.4500 0.6679 5.4067 0.0143 0.0143 2.9390 0.4264 0.4264 0.0277 0.0277
2.3460 0.6756 5.1592 0.0256 0.0256 2.9695 0.4313 0.4313 0.0483 0.0483
2.2272 0.6833 4.9100 0.0411 0.0411 3.0013 0.4340 0.4340 0.0751 0.0751
2.1323 0.6908 4.7342 0.0547 0.0547 3.0390 0.4285 0.4285 0.0969 0.0969
2.0381 0.7018 4.5619 0.0713 0.0713 3.0595 0.4319 0.4319 0.1224 0.1224
1.9738 0.7085 4.3246 0.0930 0.0930 3.1203 0.4229 0.4229 0.1525 0.1525
1.8952 0.7125 4.1976 0.1085 0.1085 3.1445 0.4243 0.4243 0.1728 0.1728
1.8357 0.7192 4.0734 0.1318 0.1318 3.1515 0.4243 0.4243 0.2011 0.2011
1.7524 0.7302 3.9386 0.1426 0.1426 3.2048 0.4181 0.4181 0.2127 0.2127
1.6982 0.7405 3.7474 0.1694 0.1694 3.2598 0.4167 0.4167 0.2409 0.2409
1.6487 0.7486 3.6950 0.1814 0.1814 3.2480 0.4194 0.4194 0.2533 0.2533
1.6026 0.7541 3.5898 0.2008 0.2008 3.2916 0.4139 0.4139 0.2704 0.2704
1.5604 0.7570 3.4998 0.2244 0.2244 3.3391 0.4083 0.4083 0.2896 0.2896
1.5184 0.7636 3.3630 0.2329 0.2329 3.3608 0.4042 0.4042 0.2955 0.2955
1.4805 0.7676 3.2898 0.2484 0.2484 3.3541 0.3986 0.3986 0.3061 0.3061
1.4340 0.7741 3.1654 0.2725 0.2725 3.4176 0.3972 0.3972 0.3232 0.3232
1.4083 0.7765 3.1064 0.2895 0.2895 3.4343 0.3931 0.3931 0.3334 0.3334
1.3868 0.7785 3.0592 0.3000 0.3000 3.4683 0.3861 0.3861 0.3377 0.3377
1.3286 0.7885 2.9330 0.3120 0.3120 3.4793 0.3882 0.3882 0.3460 0.3460
1.3009 0.7949 2.9084 0.3310 0.3310 3.4740 0.3861 0.3861 0.3564 0.3564
1.2833 0.7968 2.8560 0.3399 0.3399 3.4876 0.3854 0.3854 0.3612 0.3612
1.2426 0.8047 2.8196 0.3465 0.3465 3.5119 0.3854 0.3854 0.3649 0.3649
1.2173 0.8066 2.7372 0.3787 0.3787 3.5833 0.3604 0.3604 0.3693 0.3693
1.1889 0.8096 2.7512 0.3857 0.3857 3.5651 0.3639 0.3639 0.3745 0.3745
1.1768 0.8134 2.6194 0.3930 0.3930 3.6164 0.3688 0.3688 0.3805 0.3805
1.1587 0.8176 2.5708 0.4085 0.4085 3.6270 0.3597 0.3597 0.3826 0.3826
1.1292 0.8228 2.5694 0.4221 0.4221 3.6341 0.3556 0.3556 0.3860 0.3860
1.1102 0.8252 2.4982 0.4205 0.4205 3.6325 0.3590 0.3590 0.3874 0.3874
1.0929 0.8261 2.3980 0.4438 0.4438 3.6875 0.3514 0.3514 0.3922 0.3922
1.0709 0.8319 2.3611 0.4636 0.4636 3.6914 0.3486 0.3486 0.3980 0.3980
1.0471 0.8325 2.3614 0.4624 0.4624 3.6686 0.3465 0.3465 0.3962 0.3962
1.0233 0.8399 2.2755 0.4694 0.4694 3.7372 0.3417 0.3417 0.3955 0.3955
1.0275 0.8385 2.2474 0.4833 0.4833 3.7516 0.3382 0.3382 0.3979 0.3979
1.0013 0.8449 2.2108 0.4930 0.4930 3.7445 0.3382 0.3382 0.4012 0.4012
0.9623 0.8526 2.1676 0.4996 0.4996 3.7932 0.3375 0.3375 0.4029 0.4029
0.9573 0.8483 2.1043 0.5256 0.5256 3.8365 0.3285 0.3285 0.4043 0.4043
0.9458 0.8537 2.0801 0.5217 0.5217 3.8255 0.3354 0.3354 0.4083 0.4083
0.9292 0.8573 2.0323 0.5295 0.5295 3.8327 0.3201 0.3201 0.3990 0.3990
0.9055 0.8622 2.0320 0.5376 0.5376 3.8738 0.3153 0.3153 0.3975 0.3975
0.8893 0.8664 2.0181 0.5391 0.5391 3.8635 0.3167 0.3167 0.3990 0.3990
0.9026 0.8610 1.9575 0.5419 0.5419 3.8458 0.3187 0.3187 0.4014 0.4014
0.8943 0.8627 1.9738 0.5453 0.5453 3.8424 0.3229 0.3229 0.4056 0.4056
0.8854 0.8630 1.9714 0.5477 0.5477 3.8401 0.3208 0.3208 0.4046 0.4046
0.8856 0.8655 1.9899 0.5508 0.5508 3.8488 0.3215 0.3215 0.4060 0.4060
0.8910 0.8628 1.9799 0.5523 0.5523 3.8522 0.3229 0.3229 0.4076 0.4076
0.8859 0.8629 2.0109 0.5531 0.5531 3.8616 0.3236 0.3236 0.4083 0.4083
0.8732 0.8663 1.9544 0.5570 0.5570 3.8608 0.3222 0.3222 0.4083 0.4083
0.8743 0.8706 1.9551 0.5601 0.5601 3.8616 0.3222 0.3222 0.4091 0.4091
0.8687 0.8704 1.9275 0.5616 0.5616 3.8612 0.3264 0.3264 0.4129 0.4129
0.8732 0.8670 1.9491 0.5628 0.5628 3.8747 0.3229 0.3229 0.4104 0.4104
0.8586 0.8741 1.9393 0.5628 0.5628 3.8664 0.3243 0.3243 0.4115 0.4115
0.8791 0.8676 1.9561 0.5636 0.5636 3.8615 0.3222 0.3222 0.4100 0.4100
0.8732 0.8653 1.9090 0.5698 0.5698 3.8837 0.3222 0.3222 0.4116 0.4116
0.8639 0.8697 1.9243 0.5713 0.5713 3.8718 0.3243 0.3243 0.4137 0.4137
0.8817 0.8615 1.9258 0.5748 0.5748 3.8742 0.3208 0.3208 0.4118 0.4118
0.8656 0.8710 1.8811 0.5721 0.5721 3.8820 0.3194 0.3194 0.4100 0.4100
0.8570 0.8721 1.9267 0.5713 0.5713 3.8806 0.3222 0.3222 0.4120 0.4120
0.8501 0.8732 1.9073 0.5725 0.5725 3.8784 0.3194 0.3194 0.4101 0.4101
0.8524 0.8702 1.9082 0.5729 0.5729 3.8775 0.3167 0.3167 0.4079 0.4079
0.8562 0.8720 1.9320 0.5744 0.5744 3.8837 0.3153 0.3153 0.4071 0.4071
0.8594 0.8690 1.8994 0.5764 0.5764 3.8910 0.3194 0.3194 0.4111 0.4111
0.8552 0.8719 1.8930 0.5802 0.5802 3.8895 0.3181 0.3181 0.4109 0.4109
0.8534 0.8731 1.9154 0.5798 0.5798 3.8965 0.3160 0.3160 0.4090 0.4090
0.8417 0.8747 1.8894 0.5806 0.5806 3.9003 0.3167 0.3167 0.4098 0.4098
0.8439 0.8723 1.8831 0.5822 0.5822 3.9042 0.3146 0.3146 0.4085 0.4085
0.8600 0.8679 1.8903 0.5860 0.5860 3.8996 0.3181 0.3181 0.4123 0.4123
0.8351 0.8790 1.9018 0.5864 0.5864 3.9016 0.3194 0.3194 0.4136 0.4136
0.8481 0.8705 1.8594 0.5845 0.5845 3.9064 0.3181 0.3181 0.4119 0.4119
0.8486 0.8733 1.8837 0.5888 0.5888 3.9096 0.3167 0.3167 0.4118 0.4118
0.8332 0.8766 1.8461 0.5903 0.5903 3.9051 0.3215 0.3215 0.4163 0.4163
0.8441 0.8733 1.8595 0.5880 0.5880 3.9082 0.3174 0.3174 0.4122 0.4122
0.8469 0.8746 1.8692 0.5876 0.5876 3.9149 0.3181 0.3181 0.4127 0.4127
0.8336 0.8771 1.8817 0.5880 0.5880 3.9004 0.3160 0.3160 0.4111 0.4111
0.8429 0.8756 1.8678 0.5864 0.5864 3.9087 0.3167 0.3167 0.4113 0.4113
0.8213 0.8802 1.8460 0.5872 0.5872 3.9186 0.3146 0.3146 0.4097 0.4097
0.8292 0.8788 1.8384 0.5934 0.5934 3.9163 0.3111 0.3111 0.4082 0.4082
0.8300 0.8779 1.8391 0.5950 0.5950 3.9209 0.3118 0.3118 0.4092 0.4092
0.8215 0.8799 1.8578 0.5953 0.5953 3.9156 0.3153 0.3153 0.4122 0.4122
0.8351 0.8767 1.8358 0.5961 0.5961 3.9159 0.3104 0.3104 0.4082 0.4082
0.8182 0.8792 1.8315 0.6000 0.6000 3.9104 0.3104 0.3104 0.4092 0.4092
0.8228 0.8787 1.8332 0.5988 0.5988 3.9269 0.3104 0.3104 0.4089 0.4089
0.8198 0.8792 1.8114 0.6027 0.6027 3.9266 0.3111 0.3111 0.4104 0.4104
0.8175 0.8787 1.8148 0.6019 0.6019 3.9363 0.3104 0.3104 0.4096 0.4096
0.8150 0.8808 1.8034 0.6023 0.6023 3.9289 0.3056 0.3056 0.4054 0.4054
0.8282 0.8791 1.8072 0.5961 0.5961 3.9123 0.3083 0.3083 0.4064 0.4064
0.8124 0.8826 1.8121 0.5981 0.5981 3.9212 0.3063 0.3063 0.4051 0.4051
0.8204 0.8789 1.7967 0.5992 0.5992 3.9259 0.3063 0.3063 0.4053 0.4053
0.8337 0.8718 1.8017 0.6019 0.6019 3.9355 0.3076 0.3076 0.4072 0.4072
0.8165 0.8803 1.8229 0.6043 0.6043 3.9384 0.3063 0.3063 0.4065 0.4065
