6.4122 0.0158 6.8447 0.0000 0.0000 5.6724 0.0354 0.0354 0.0000 0.0000
5.8536 0.0511 7.2604 0.0000 0.0000 4.6462 0.1222 0.1222 0.0000 0.0000
5.3766 0.2024 7.1645 0.0000 0.0000 4.1209 0.2201 0.2201 0.0000 0.0000
4.9768 0.3297 7.0468 0.0000 0.0000 3.6809 0.3035 0.3035 0.0000 0.0000
4.5487 0.4186 6.9130 0.0004 0.0004 3.3220 0.3396 0.3396 0.0008 0.0008
4.1701 0.4816 6.6301 0.0016 0.0016 3.1278 0.3826 0.3826 0.0031 0.0031
3.8339 0.5144 6.3279 0.0027 0.0027 3.0046 0.3937 0.3938 0.0054 0.0054
3.5433 0.5367 5.9680 0.0039 0.0039 2.9808 0.4153 0.4153 0.0077 0.0077
3.2942 0.5463 5.6134 0.0097 0.0097 3.0080 0.4132 0.4132 0.0189 0.0189
3.0902 0.5616 5.2395 0.0174 0.0174 3.0658 0.4174 0.4174 0.0335 0.0335
2.8971 0.5754 5.0023 0.0295 0.0295 3.1126 0.4118 0.4118 0.0550 0.0550
2.7334 0.5866 4.7104 0.0578 0.0578 3.1546 0.4236 0.4236 0.1016 0.1016
2.5901 0.6034 4.4767 0.0860 0.0860 3.2251 0.4090 0.4090 0.1422 0.1422
2.4680 0.6129 4.2543 0.1147 0.1147 3.2434 0.4215 0.4215 0.1804 0.1804
2.3461 0.6264 4.0538 0.1337 0.1337 3.2885 0.4021 0.4021 0.2007 0.2007
2.2592 0.6411 3.8848 0.1601 0.1601 3.3420 0.4097 0.4097 0.2302 0.2302
2.1720 0.6518 3.7407 0.1806 0.1806 3.3786 0.3951 0.3951 0.2479 0.2479
2.0829 0.6658 3.5846 0.2058 0.2058 3.4166 0.3896 0.3896 0.2693 0.2693
2.0056 0.6777 3.4012 0.2438 0.2438 3.4708 0.3819 0.3819 0.2976 0.2976
1.9240 0.6929 3.3748 0.2512 0.2512 3.4535 0.3806 0.3806 0.3026 0.3026
1.8693 0.6982 3.2649 0.2678 0.2678 3.4773 0.3812 0.3813 0.3146 0.3146
1.8116 0.7065 3.0964 0.3047 0.3047 3.5410 0.3715 0.3715 0.3348 0.3348
1.7649 0.7126 3.0663 0.3194 0.3194 3.5448 0.3722 0.3722 0.3438 0.3438
1.6853 0.7318 3.0167 0.3407 0.3407 3.5842 0.3646 0.3646 0.3522 0.3522
1.6584 0.7303 2.8956 0.3636 0.3636 3.6298 0.3549 0.3549 0.3592 0.3592
1.6317 0.7338 2.7953 0.3829 0.3829 3.6499 0.3444 0.3444 0.3627 0.3627
1.5810 0.7440 2.7286 0.3895 0.3895 3.6457 0.3444 0.3444 0.3656 0.3656
1.5340 0.7529 2.6677 0.4012 0.4012 3.6665 0.3438 0.3438 0.3702 0.3702
1.5059 0.7574 2.5879 0.4205 0.4205 3.7099 0.3424 0.3424 0.3774 0.3774
1.4544 0.7670 2.5223 0.4329 0.4329 3.7046 0.3424 0.3424 0.3824 0.3824
1.4126 0.7711 2.4898 0.4484 0.4484 3.7108 0.3319 0.3319 0.3815 0.3815
1.3896 0.7853 2.4302 0.4655 0.4655 3.7581 0.3257 0.3257 0.3832 0.3832
1.3573 0.7836 2.3633 0.4771 0.4771 3.7875 0.3312 0.3312 0.3910 0.3910
1.3290 0.7889 2.3093 0.4907 0.4907 3.7975 0.3347 0.3347 0.3980 0.3980
1.3019 0.7902 2.2598 0.5019 0.5019 3.8189 0.3257 0.3257 0.3951 0.3951
1.2631 0.7971 2.1951 0.5182 0.5182 3.8584 0.3187 0.3188 0.3947 0.3947
1.2543 0.8056 2.1913 0.5287 0.5287 3.8628 0.3243 0.3243 0.4020 0.4020
1.2211 0.8083 2.1250 0.5403 0.5403 3.8768 0.3194 0.3194 0.4015 0.4015
1.2039 0.8114 2.0788 0.5562 0.5562 3.8871 0.3132 0.3132 0.4007 0.4007
1.1726 0.8173 2.0458 0.5601 0.5601 3.8987 0.3146 0.3146 0.4029 0.4029
1.1590 0.8281 2.0477 0.5748 0.5748 3.9193 0.3049 0.3049 0.3984 0.3984
1.1331 0.8261 1.9311 0.5845 0.5845 3.9400 0.2979 0.2979 0.3947 0.3947
1.1218 0.8265 1.9199 0.5950 0.5950 3.9749 0.2979 0.2979 0.3970 0.3970
1.0861 0.8321 1.8875 0.6031 0.6031 3.9693 0.2972 0.2972 0.3982 0.3982
1.0595 0.8445 1.8510 0.6171 0.6171 3.9681 0.2924 0.2924 0.3967 0.3967
1.0627 0.8430 1.8137 0.6233 0.6233 4.0215 0.2868 0.2868 0.3928 0.3928
1.0431 0.8431 1.7807 0.6353 0.6353 4.0266 0.2889 0.2889 0.3972 0.3972
1.0055 0.8550 1.7485 0.6523 0.6523 4.0773 0.2826 0.2826 0.3944 0.3944
0.9842 0.8605 1.7432 0.6547 0.6547 4.0475 0.2757 0.2757 0.3880 0.3880
0.9911 0.8580 1.6954 0.6535 0.6535 4.0206 0.2771 0.2771 0.3892 0.3892
0.9702 0.8594 1.7069 0.6585 0.6585 4.0464 0.2757 0.2757 0.3887 0.3887
0.9538 0.8672 1.6866 0.6721 0.6721 4.0650 0.2729 0.2729 0.3882 0.3882
0.9535 0.8641 1.6723 0.6705 0.6705 4.0759 0.2722 0.2722 0.3872 0.3872
0.9533 0.8625 1.6447 0.6733 0.6733 4.0700 0.2736 0.2736 0.3891 0.3891
0.9646 0.8661 1.6316 0.6760 0.6760 4.0765 0.2729 0.2729 0.3888 0.3888
0.9482 0.8663 1.6241 0.6783 0.6783 4.0752 0.2722 0.2722 0.3885 0.3885
0.9496 0.8694 1.6254 0.6841 0.6841 4.0866 0.2708 0.2708 0.3880 0.3880
0.9484 0.8708 1.6589 0.6829 0.6829 4.0920 0.2750 0.2750 0.3921 0.3921
0.9389 0.8741 1.6406 0.6888 0.6888 4.0837 0.2722 0.2722 0.3902 0.3902
0.9399 0.8707 1.6150 0.6888 0.6888 4.0788 0.2750 0.2750 0.3931 0.3931
0.9514 0.8677 1.6413 0.6919 0.6919 4.0818 0.2736 0.2736 0.3921 0.3921
0.9349 0.8711 1.6025 0.6934 0.6934 4.0905 0.2722 0.2722 0.3910 0.3910
0.9338 0.8715 1.6116 0.6946 0.6946 4.0920 0.2736 0.2736 0.3926 0.3926
0.9299 0.8740 1.6117 0.7004 0.7004 4.0951 0.2708 0.2708 0.3906 0.3906
0.9300 0.8714 1.6177 0.6981 0.6981 4.1027 0.2722 0.2722 0.3917 0.3917
0.9222 0.8772 1.5800 0.7008 0.7008 4.0963 0.2708 0.2708 0.3907 0.3907
0.9182 0.8746 1.6154 0.7039 0.7039 4.1053 0.2653 0.2653 0.3853 0.3853
0.9220 0.8781 1.6119 0.7054 0.7054 4.1087 0.2674 0.2674 0.3878 0.3878
0.9207 0.8758 1.5713 0.7019 0.7019 4.1129 0.2681 0.2681 0.3880 0.3880
0.9218 0.8777 1.5921 0.7039 0.7039 4.1112 0.2708 0.2708 0.3912 0.3912
0.9130 0.8764 1.5828 0.7050 0.7050 4.1151 0.2694 0.2694 0.3899 0.3899
0.9200 0.8727 1.6045 0.7047 0.7047 4.1134 0.2674 0.2674 0.3876 0.3876
0.9089 0.8798 1.5616 0.7081 0.7081 4.1244 0.2674 0.2674 0.3882 0.3882
0.9143 0.8790 1.5715 0.7112 0.7112 4.1139 0.2694 0.2694 0.3908 0.3908
0.9167 0.8779 1.5662 0.7112 0.7112 4.1163 0.2708 0.2708 0.3923 0.3923
0.8988 0.8836 1.5551 0.7101 0.7101 4.1162 0.2715 0.2715 0.3928 0.3928
0.9172 0.8741 1.5456 0.7101 0.7101 4.1276 0.2687 0.2688 0.3899 0.3899
0.8954 0.8832 1.5490 0.7120 0.7120 4.1328 0.2687 0.2687 0.3902 0.3902
0.9021 0.8817 1.5508 0.7140 0.7140 4.1228 0.2660 0.2660 0.3876 0.3876
0.9187 0.8744 1.5618 0.7132 0.7132 4.1227 0.2681 0.2681 0.3897 0.3897
0.8994 0.8814 1.5577 0.7136 0.7136 4.1362 0.2681 0.2681 0.3897 0.3897
0.9019 0.8819 1.5379 0.7132 0.7132 4.1473 0.2653 0.2653 0.3867 0.3867
0.8962 0.8822 1.5260 0.7128 0.7128 4.1360 0.2660 0.2660 0.3874 0.3874
0.8881 0.8848 1.5574 0.7140 0.7140 4.1246 0.2653 0.2653 0.3868 0.3868
0.8802 0.8887 1.5300 0.7132 0.7132 4.1320 0.2660 0.2660 0.3874 0.3874
0.8862 0.8853 1.5282 0.7151 0.7151 4.1525 0.2653 0.2653 0.3870 0.3870
0.8929 0.8806 1.5273 0.7163 0.7163 4.1484 0.2639 0.2639 0.3857 0.3857
0.8899 0.8833 1.5103 0.7186 0.7186 4.1438 0.2639 0.2639 0.3860 0.3860
0.8867 0.8841 1.5436 0.7202 0.7202 4.1382 0.2625 0.2625 0.3848 0.3848
0.8880 0.8864 1.5242 0.7205 0.7205 4.1474 0.2597 0.2597 0.3818 0.3818
0.8745 0.8889 1.5259 0.7198 0.7198 4.1425 0.2604 0.2604 0.3825 0.3825
0.8841 0.8823 1.5407 0.7229 0.7229 4.1502 0.2632 0.2632 0.3859 0.3859
0.8808 0.8862 1.5066 0.7236 0.7236 4.1551 0.2639 0.2639 0.3867 0.3867
0.8763 0.8903 1.4854 0.7209 0.7209 4.1534 0.2639 0.2639 0.3864 0.3864
0.8630 0.8960 1.4952 0.7229 0.7229 4.1534 0.2639 0.2639 0.3866 0.3866
0.8781 0.8852 1.4832 0.7271 0.7271 4.1573 0.2625 0.2625 0.3857 0.3857
0.8729 0.8856 1.5097 0.7256 0.7256 4.1501 0.2611 0.2611 0.3840 0.3840
0.8731 0.8832 1.4995 0.7275 0.7275 4.1548 0.2611 0.2611 0.3843 0.3843
0.8639 0.8902 1.5103 0.7318 0.7318 4.1592 0.2604 0.2604 0.3841 0.3841
0.8627 0.8907 1.4999 0.7353 0.7353 4.1638 0.2590 0.2590 0.3831 0.3831
