6.4351 0.0167 6.8003 0.0000 0.0000 5.7637 0.0451 0.0451 0.0000 0.0000
5.8397 0.0758 7.4055 0.0000 0.0000 4.5822 0.1292 0.1292 0.0000 0.0000
5.3537 0.2335 7.1364 0.0000 0.0000 4.1541 0.2306 0.2306 0.0000 0.0000
4.9244 0.3395 7.1040 0.0000 0.0000 3.6562 0.2882 0.2882 0.0000 0.0000
4.5269 0.4071 6.9188 0.0000 0.0000 3.3089 0.3354 0.3354 0.0000 0.0000
4.1377 0.4865 6.6132 0.0004 0.0004 3.1418 0.3660 0.3660 0.0008 0.0008
3.7977 0.5122 6.2540 0.0016 0.0016 3.0395 0.3799 0.3799 0.0031 0.0031
3.5175 0.5376 5.9267 0.0066 0.0066 3.0045 0.4007 0.4007 0.0130 0.0130
3.2689 0.5522 5.5582 0.0155 0.0155 3.0571 0.4014 0.4014 0.0299 0.0299
3.0743 0.5605 5.1794 0.0229 0.0229 3.1148 0.4062 0.4063 0.0433 0.0433
2.8898 0.5745 4.9714 0.0368 0.0368 3.1347 0.4153 0.4153 0.0676 0.0676
2.7314 0.5873 4.6637 0.0632 0.0632 3.2183 0.4062 0.4063 0.1094 0.1094
2.5970 0.6013 4.4554 0.0884 0.0884 3.2508 0.4111 0.4111 0.1455 0.1455
2.4673 0.6121 4.2979 0.1047 0.1047 3.2796 0.4111 0.4111 0.1668 0.1668
2.3593 0.6281 4.0248 0.1341 0.1341 3.3135 0.4049 0.4049 0.2015 0.2015
2.2627 0.6415 3.8311 0.1651 0.1651 3.3635 0.4090 0.4090 0.2353 0.2353
2.1743 0.6508 3.7526 0.1826 0.1826 3.3674 0.4028 0.4028 0.2512 0.2512
2.0957 0.6647 3.6409 0.2043 0.2043 3.3869 0.4069 0.4069 0.2720 0.2720
2.0264 0.6727 3.4842 0.2194 0.2194 3.4070 0.4104 0.4104 0.2859 0.2859
1.9630 0.6833 3.3632 0.2562 0.2562 3.4564 0.3986 0.3986 0.3119 0.3119
1.9075 0.6932 3.2534 0.2818 0.2818 3.4759 0.3910 0.3910 0.3275 0.3275
1.8334 0.7034 3.1700 0.2911 0.2911 3.5100 0.3896 0.3896 0.3332 0.3332
1.7789 0.7118 3.0918 0.3047 0.3047 3.5205 0.3896 0.3896 0.3419 0.3419
1.7376 0.7200 3.0070 0.3275 0.3275 3.5642 0.3792 0.3792 0.3515 0.3515
1.6849 0.7287 2.9050 0.3500 0.3500 3.5830 0.3799 0.3799 0.3643 0.3643
1.6507 0.7337 2.8639 0.3624 0.3624 3.6017 0.3743 0.3743 0.3683 0.3683
1.5915 0.7430 2.7705 0.3841 0.3841 3.6380 0.3583 0.3583 0.3708 0.3708
1.5634 0.7450 2.7486 0.3922 0.3922 3.6575 0.3618 0.3618 0.3764 0.3764
1.5212 0.7543 2.6233 0.4128 0.4128 3.6692 0.3590 0.3590 0.3840 0.3840
1.4892 0.7600 2.5777 0.4217 0.4217 3.6839 0.3563 0.3563 0.3862 0.3862
1.4404 0.7691 2.6105 0.4395 0.4395 3.6972 0.3576 0.3576 0.3944 0.3944
1.4272 0.7692 2.4992 0.4612 0.4612 3.7155 0.3528 0.3528 0.3998 0.3998
1.3901 0.7732 2.3960 0.4717 0.4717 3.7176 0.3451 0.3451 0.3986 0.3986
1.3568 0.7850 2.3685 0.4810 0.4810 3.7574 0.3438 0.3438 0.4010 0.4010
1.3340 0.7875 2.3196 0.4915 0.4915 3.7840 0.3479 0.3479 0.4074 0.4074
1.2971 0.7924 2.2958 0.4988 0.4988 3.7601 0.3486 0.3486 0.4104 0.4104
1.2788 0.7945 2.2507 0.5190 0.5190 3.8221 0.3292 0.3292 0.4028 0.4028
1.2572 0.8002 2.1890 0.5345 0.5345 3.8176 0.3299 0.3299 0.4080 0.4080
1.2347 0.8046 2.1115 0.5438 0.5438 3.8750 0.3181 0.3181 0.4014 0.4014
1.2046 0.8094 2.0633 0.5473 0.5473 3.8749 0.3215 0.3215 0.4051 0.4051
1.1796 0.8156 2.0503 0.5643 0.5643 3.8935 0.3160 0.3160 0.4051 0.4051
1.1522 0.8254 1.9711 0.5748 0.5748 3.8923 0.3229 0.3229 0.4135 0.4135
1.1348 0.8290 1.9685 0.5934 0.5934 3.9502 0.3104 0.3104 0.4076 0.4076
1.1073 0.8374 1.9415 0.5946 0.5946 3.9289 0.3132 0.3132 0.4103 0.4103
1.0852 0.8374 1.8998 0.6132 0.6132 3.9510 0.3049 0.3049 0.4072 0.4072
1.0707 0.8398 1.8862 0.6190 0.6190 3.9654 0.2917 0.2917 0.3965 0.3965
1.0448 0.8465 1.8380 0.6291 0.6291 3.9844 0.2910 0.2910 0.3979 0.3979
1.0326 0.8506 1.7688 0.6380 0.6380 3.9858 0.2903 0.2903 0.3990 0.3990
1.0113 0.8542 1.7539 0.6438 0.6438 4.0080 0.2896 0.2896 0.3995 0.3995
1.0038 0.8502 1.7303 0.6504 0.6504 4.0198 0.2896 0.2896 0.4007 0.4007
0.9796 0.8574 1.7315 0.6562 0.6562 4.0076 0.2917 0.2917 0.4038 0.4038
0.9744 0.8602 1.6965 0.6574 0.6574 3.9998 0.2854 0.2854 0.3980 0.3980
0.9713 0.8593 1.6687 0.6578 0.6578 4.0084 0.2854 0.2854 0.3981 0.3981
0.9675 0.8628 1.6895 0.6597 0.6597 4.0033 0.2833 0.2833 0.3964 0.3964
0.9705 0.8609 1.6897 0.6597 0.6597 4.0147 0.2847 0.2847 0.3978 0.3978
0.9658 0.8625 1.6705 0.6636 0.6636 4.0234 0.2868 0.2868 0.4005 0.4005
0.9475 0.8706 1.6847 0.6640 0.6640 4.0123 0.2896 0.2896 0.4033 0.4033
0.9458 0.8668 1.6628 0.6655 0.6655 4.0103 0.2875 0.2875 0.4015 0.4015
0.9500 0.8668 1.6647 0.6744 0.6744 4.0200 0.2840 0.2840 0.3997 0.3997
0.9501 0.8666 1.6472 0.6744 0.6744 4.0315 0.2896 0.2896 0.4052 0.4052
0.9424 0.8675 1.6528 0.6736 0.6736 4.0238 0.2889 0.2889 0.4044 0.4044
0.9566 0.8641 1.6631 0.6783 0.6783 4.0258 0.2903 0.2903 0.4066 0.4066
0.9460 0.8684 1.6401 0.6806 0.6806 4.0323 0.2958 0.2958 0.4124 0.4124
0.9487 0.8686 1.6622 0.6826 0.6826 4.0212 0.2917 0.2917 0.4087 0.4087
0.9515 0.8670 1.6376 0.6837 0.6837 4.0324 0.2896 0.2896 0.4068 0.4068
0.9343 0.8648 1.6476 0.6860 0.6860 4.0357 0.2840 0.2840 0.4017 0.4017
0.9301 0.8737 1.6124 0.6849 0.6849 4.0348 0.2875 0.2875 0.4050 0.4050
0.9256 0.8727 1.6592 0.6822 0.6822 4.0403 0.2854 0.2854 0.4025 0.4025
0.9342 0.8683 1.6597 0.6857 0.6857 4.0497 0.2833 0.2833 0.4010 0.4010
0.9346 0.8700 1.6137 0.6911 0.6911 4.0514 0.2819 0.2819 0.4005 0.4005
0.9335 0.8727 1.5997 0.6915 0.6915 4.0455 0.2826 0.2826 0.4013 0.4013
0.9259 0.8716 1.6124 0.6922 0.6922 4.0355 0.2833 0.2833 0.4021 0.4021
0.9282 0.8719 1.6152 0.6926 0.6926 4.0559 0.2840 0.2840 0.4029 0.4029
0.9202 0.8729 1.5936 0.6919 0.6919 4.0614 0.2861 0.2861 0.4048 0.4048
0.9185 0.8746 1.6143 0.6934 0.6934 4.0570 0.2826 0.2826 0.4016 0.4016
0.9225 0.8728 1.6071 0.6950 0.6950 4.0526 0.2826 0.2826 0.4018 0.4018
0.9171 0.8772 1.6025 0.6953 0.6953 4.0537 0.2861 0.2861 0.4054 0.4054
0.9080 0.8770 1.5979 0.6950 0.6950 4.0493 0.2896 0.2896 0.4088 0.4088
0.9244 0.8707 1.5943 0.6942 0.6942 4.0622 0.2861 0.2861 0.4052 0.4052
0.9026 0.8785 1.6200 0.6996 0.6996 4.0637 0.2826 0.2826 0.4026 0.4026
0.9146 0.8772 1.5933 0.6981 0.6981 4.0686 0.2826 0.2826 0.4024 0.4024
0.9101 0.8768 1.5987 0.7004 0.7004 4.0665 0.2847 0.2847 0.4049 0.4049
0.9169 0.8738 1.5570 0.7000 0.7000 4.0691 0.2799 0.2799 0.3999 0.3999
0.9148 0.8764 1.5642 0.7008 0.7008 4.0633 0.2771 0.2771 0.3971 0.3971
0.9066 0.8759 1.5819 0.7027 0.7027 4.0726 0.2771 0.2771 0.3975 0.3975
0.9081 0.8783 1.5656 0.7070 0.7070 4.0799 0.2764 0.2764 0.3974 0.3974
0.8927 0.8829 1.5503 0.7058 0.7058 4.0657 0.2757 0.2757 0.3965 0.3965
0.8942 0.8846 1.5680 0.7043 0.7043 4.0734 0.2764 0.2764 0.3970 0.3970
0.8959 0.8806 1.5949 0.7062 0.7062 4.0800 0.2750 0.2750 0.3959 0.3959
0.8953 0.8803 1.5628 0.7101 0.7101 4.0826 0.2743 0.2743 0.3957 0.3957
0.8891 0.8831 1.5485 0.7120 0.7120 4.0849 0.2757 0.2757 0.3975 0.3975
0.9033 0.8769 1.5640 0.7124 0.7124 4.0948 0.2729 0.2729 0.3946 0.3946
0.8927 0.8842 1.5352 0.7105 0.7105 4.0912 0.2764 0.2764 0.3980 0.3980
0.8939 0.8799 1.5230 0.7124 0.7124 4.0890 0.2764 0.2764 0.3983 0.3983
0.8914 0.8799 1.5507 0.7132 0.7132 4.0945 0.2736 0.2736 0.3955 0.3955
0.8813 0.8859 1.5358 0.7132 0.7132 4.0805 0.2785 0.2785 0.4005 0.4005
0.8886 0.8845 1.5293 0.7136 0.7136 4.0682 0.2792 0.2792 0.4013 0.4013
0.8749 0.8842 1.5205 0.7132 0.7132 4.0934 0.2736 0.2736 0.3955 0.3955
0.8712 0.8859 1.5380 0.7178 0.7178 4.0967 0.2708 0.2708 0.3933 0.3933
0.8826 0.8842 1.4998 0.7221 0.7221 4.1004 0.2708 0.2708 0.3939 0.3939
