6.3584 0.0223 6.9093 0.0000 0.0000 5.6256 0.0375 0.0375 0.0000 0.0000
5.6195 0.0658 7.6174 0.0000 0.0000 4.4808 0.1410 0.1410 0.0000 0.0000
5.0306 0.2722 7.5097 0.0000 0.0000 3.9201 0.2597 0.2597 0.0000 0.0000
4.5483 0.4175 7.4713 0.0000 0.0000 3.4449 0.3403 0.3403 0.0000 0.0000
4.0789 0.5093 7.3648 0.0000 0.0000 3.0862 0.3799 0.3799 0.0000 0.0000
3.6853 0.5703 7.1212 0.0000 0.0000 2.9028 0.4076 0.4076 0.0000 0.0000
3.3705 0.6093 6.8511 0.0000 0.0000 2.8035 0.4153 0.4153 0.0000 0.0000
3.1074 0.6341 6.5438 0.0000 0.0000 2.7684 0.4188 0.4188 0.0000 0.0000
2.9111 0.6439 6.2236 0.0012 0.0012 2.8010 0.4243 0.4243 0.0023 0.0023
2.7183 0.6591 5.9271 0.0031 0.0031 2.8209 0.4257 0.4257 0.0062 0.0062
2.5755 0.6620 5.6348 0.0066 0.0066 2.8636 0.4347 0.4347 0.0130 0.0130
2.4471 0.6713 5.3328 0.0128 0.0128 2.9200 0.4243 0.4243 0.0248 0.0248
2.3287 0.6757 5.0811 0.0233 0.0233 2.9455 0.4375 0.4375 0.0442 0.0442
2.2090 0.6838 4.8730 0.0426 0.0426 2.9986 0.4354 0.4354 0.0777 0.0777
2.1241 0.6911 4.6780 0.0523 0.0523 3.0276 0.4271 0.4271 0.0932 0.0932
2.0197 0.7048 4.5155 0.0686 0.0686 3.0550 0.4306 0.4306 0.1184 0.1184
1.9292 0.7120 4.3200 0.0919 0.0919 3.1060 0.4340 0.4340 0.1516 0.1516
1.8803 0.7152 4.1347 0.1155 0.1155 3.1675 0.4271 0.4271 0.1818 0.1818
1.8088 0.7224 4.0224 0.1360 0.1360 3.1748 0.4278 0.4278 0.2064 0.2064
1.7365 0.7336 3.8973 0.1585 0.1585 3.2125 0.4250 0.4250 0.2309 0.2309
1.6856 0.7386 3.7297 0.1740 0.1740 3.2384 0.4201 0.4201 0.2461 0.2461
1.6454 0.7460 3.6388 0.1953 0.1953 3.2687 0.4181 0.4181 0.2663 0.2663
1.5916 0.7518 3.5303 0.2174 0.2174 3.2858 0.4090 0.4090 0.2839 0.2839
1.5466 0.7551 3.4528 0.2364 0.2364 3.3299 0.4090 0.4090 0.2997 0.2997
1.4926 0.7671 3.3394 0.2543 0.2543 3.3366 0.4125 0.4125 0.3146 0.3146
1.4691 0.7687 3.3367 0.2671 0.2671 3.3744 0.4028 0.4028 0.3212 0.3212
1.4280 0.7786 3.1565 0.2841 0.2841 3.4229 0.3993 0.3993 0.3320 0.3320
1.3930 0.7780 3.1135 0.2922 0.2922 3.4014 0.4021 0.4021 0.3385 0.3385
1.3527 0.7878 3.0373 0.3109 0.3109 3.4430 0.3993 0.3993 0.3496 0.3496
1.3211 0.7958 2.9342 0.3233 0.3233 3.4423 0.3875 0.3875 0.3525 0.3525
1.2962 0.7984 2.8920 0.3329 0.3329 3.4701 0.3924 0.3924 0.3602 0.3602
1.2653 0.7994 2.8500 0.3446 0.3446 3.5164 0.3833 0.3833 0.3629 0.3629
1.2349 0.8036 2.7596 0.3643 0.3643 3.5515 0.3792 0.3792 0.3716 0.3716
1.2065 0.8105 2.7039 0.3698 0.3698 3.5891 0.3688 0.3688 0.3693 0.3693
1.1907 0.8094 2.6515 0.3822 0.3822 3.5785 0.3688 0.3688 0.3753 0.3753
1.1561 0.8160 2.5907 0.3911 0.3911 3.5956 0.3715 0.3715 0.3811 0.3811
1.1383 0.8213 2.5311 0.4105 0.4105 3.6362 0.3639 0.3639 0.3858 0.3858
1.1172 0.8213 2.5046 0.4190 0.4190 3.6434 0.3590 0.3590 0.3867 0.3867
1.1230 0.8207 2.4947 0.4314 0.4314 3.6533 0.3576 0.3576 0.3911 0.3911
1.0791 0.8288 2.3745 0.4345 0.4345 3.7002 0.3535 0.3535 0.3898 0.3898
1.0449 0.8363 2.3873 0.4434 0.4434 3.6981 0.3493 0.3493 0.3908 0.3908
1.0447 0.8325 2.3044 0.4624 0.4624 3.7331 0.3486 0.3486 0.3975 0.3975
1.0183 0.8400 2.2903 0.4744 0.4744 3.7174 0.3431 0.3431 0.3982 0.3982
0.9937 0.8415 2.2545 0.4876 0.4876 3.7509 0.3396 0.3396 0.4003 0.4003
0.9774 0.8486 2.1585 0.4992 0.4992 3.8121 0.3306 0.3306 0.3977 0.3977
0.9564 0.8479 2.1793 0.5097 0.5097 3.8000 0.3306 0.3306 0.4010 0.4010
0.9557 0.8495 2.0976 0.5186 0.5186 3.8326 0.3292 0.3292 0.4027 0.4027
0.9281 0.8545 2.0650 0.5217 0.5217 3.8344 0.3278 0.3278 0.4026 0.4026
0.9090 0.8591 2.0283 0.5322 0.5322 3.8701 0.3271 0.3271 0.4052 0.4052
0.8953 0.8653 2.0369 0.5496 0.5496 3.8689 0.3215 0.3215 0.4057 0.4057
0.8910 0.8672 1.9879 0.5554 0.5554 3.8821 0.3250 0.3250 0.4101 0.4101
0.8777 0.8680 1.9803 0.5543 0.5543 3.8620 0.3278 0.3278 0.4119 0.4119
0.8829 0.8670 1.9837 0.5543 0.5543 3.8603 0.3271 0.3271 0.4114 0.4114
0.8691 0.8694 2.0019 0.5543 0.5543 3.8635 0.3257 0.3257 0.4103 0.4103
0.8833 0.8635 1.9274 0.5609 0.5609 3.8751 0.3250 0.3250 0.4115 0.4115
0.8662 0.8706 1.9551 0.5601 0.5601 3.8715 0.3257 0.3257 0.4119 0.4119
0.8720 0.8671 1.9516 0.5647 0.5647 3.8804 0.3243 0.3243 0.4120 0.4120
0.8719 0.8668 1.9554 0.5643 0.5643 3.8707 0.3215 0.3215 0.4097 0.4097
0.8816 0.8647 1.9446 0.5663 0.5663 3.8717 0.3215 0.3215 0.4102 0.4102
0.8751 0.8649 1.9328 0.5663 0.5663 3.8781 0.3208 0.3208 0.4096 0.4096
0.8737 0.8647 1.9456 0.5694 0.5694 3.8887 0.3215 0.3215 0.4110 0.4110
0.8647 0.8703 1.9127 0.5740 0.5740 3.8910 0.3222 0.3222 0.4128 0.4128
0.8606 0.8705 1.9136 0.5767 0.5767 3.8912 0.3229 0.3229 0.4140 0.4140
0.8571 0.8765 1.9457 0.5736 0.5736 3.8877 0.3250 0.3250 0.4149 0.4149
0.8576 0.8717 1.9405 0.5752 0.5752 3.9013 0.3243 0.3243 0.4148 0.4148
0.8473 0.8771 1.9306 0.5752 0.5752 3.8864 0.3215 0.3215 0.4125 0.4125
0.8593 0.8725 1.9250 0.5760 0.5760 3.8994 0.3222 0.3222 0.4133 0.4133
0.8459 0.8725 1.8865 0.5771 0.5771 3.8939 0.3229 0.3229 0.4141 0.4141
0.8524 0.8743 1.8839 0.5783 0.5783 3.8947 0.3208 0.3208 0.4127 0.4127
0.8548 0.8704 1.9133 0.5810 0.5810 3.9041 0.3187 0.3188 0.4117 0.4117
0.8521 0.8733 1.8832 0.5818 0.5818 3.9091 0.3208 0.3208 0.4136 0.4136
0.8495 0.8736 1.9161 0.5802 0.5802 3.8935 0.3222 0.3222 0.4143 0.4143
0.8485 0.8728 1.9094 0.5837 0.5837 3.8979 0.3208 0.3208 0.4141 0.4141
0.8492 0.8713 1.8939 0.5845 0.5845 3.9088 0.3167 0.3167 0.4108 0.4108
0.8375 0.8769 1.8756 0.5845 0.5845 3.9033 0.3146 0.3146 0.4090 0.4090
0.8428 0.8734 1.8662 0.5860 0.5860 3.9159 0.3174 0.3174 0.4117 0.4117
0.8257 0.8794 1.8505 0.5903 0.5903 3.9122 0.3132 0.3132 0.4093 0.4093
0.8389 0.8751 1.8568 0.5930 0.5930 3.9104 0.3160 0.3160 0.4123 0.4123
0.8372 0.8757 1.8447 0.5876 0.5876 3.9144 0.3174 0.3174 0.4121 0.4121
0.8340 0.8788 1.8618 0.5911 0.5911 3.9290 0.3146 0.3146 0.4106 0.4106
0.8224 0.8819 1.8869 0.5907 0.5907 3.9191 0.3146 0.3146 0.4105 0.4105
0.8283 0.8828 1.8774 0.5899 0.5899 3.9125 0.3125 0.3125 0.4086 0.4086
0.8227 0.8777 1.8631 0.5934 0.5934 3.9222 0.3132 0.3132 0.4100 0.4100
0.8226 0.8799 1.8590 0.5957 0.5957 3.9226 0.3104 0.3104 0.4082 0.4082
0.8208 0.8800 1.8545 0.5981 0.5981 3.9279 0.3132 0.3132 0.4111 0.4111
0.8253 0.8808 1.8152 0.5969 0.5969 3.9334 0.3111 0.3111 0.4090 0.4090
0.8321 0.8793 1.8227 0.5996 0.5996 3.9336 0.3104 0.3104 0.4091 0.4091
0.8243 0.8829 1.8634 0.5984 0.5984 3.9330 0.3097 0.3097 0.4082 0.4082
0.8234 0.8768 1.8393 0.5977 0.5977 3.9355 0.3104 0.3104 0.4086 0.4086
0.8207 0.8780 1.8029 0.6000 0.6000 3.9300 0.3104 0.3104 0.4092 0.4092
0.8109 0.8839 1.8496 0.6019 0.6019 3.9420 0.3090 0.3090 0.4084 0.4084
0.8289 0.8767 1.8224 0.5996 0.5996 3.9381 0.3076 0.3076 0.4066 0.4066
0.8198 0.8776 1.8030 0.6066 0.6066 3.9416 0.3063 0.3063 0.4070 0.4070
0.8068 0.8808 1.7792 0.6074 0.6074 3.9433 0.3090 0.3090 0.4096 0.4096
0.8052 0.8848 1.8187 0.6062 0.6062 3.9513 0.3083 0.3083 0.4088 0.4088
0.8097 0.8828 1.8106 0.6062 0.6062 3.9475 0.3035 0.3035 0.4045 0.4045
0.8051 0.8846 1.8086 0.6078 0.6078 3.9555 0.3069 0.3069 0.4079 0.4079
0.7984 0.8859 1.8010 0.6039 0.6039 3.9449 0.3076 0.3076 0.4076 0.4076
0.8170 0.8780 1.7863 0.6085 0.6085 3.9516 0.3083 0.3083 0.4093 0.4093
0.8053 0.8846 1.7933 0.6112 0.6112 3.9710 0.3090 0.3090 0.4105 0.4105
