6.4660 0.0132 6.7209 0.0000 0.0000 5.8639 0.0424 0.0424 0.0000 0.0000
6.0583 0.0556 7.0356 0.0000 0.0000 4.8097 0.1479 0.1479 0.0000 0.0000
5.6497 0.1902 6.8436 0.0000 0.0000 4.3470 0.2486 0.2486 0.0000 0.0000
5.2586 0.2693 6.7410 0.0000 0.0000 3.8081 0.3326 0.3326 0.0000 0.0000
4.8604 0.3578 6.5060 0.0004 0.0004 3.4356 0.3674 0.3674 0.0008 0.0008
4.4767 0.3919 6.1434 0.0008 0.0008 3.2329 0.3903 0.3903 0.0015 0.0015
4.1287 0.4316 5.8017 0.0035 0.0035 3.1254 0.3924 0.3924 0.0069 0.0069
3.7942 0.4411 5.3508 0.0155 0.0155 3.1600 0.4097 0.4097 0.0299 0.0299
3.5006 0.4628 4.9996 0.0329 0.0329 3.2132 0.4174 0.4174 0.0611 0.0611
3.2806 0.4815 4.6474 0.0655 0.0655 3.2596 0.4319 0.4319 0.1138 0.1138
3.0539 0.5096 4.3855 0.0965 0.0965 3.3017 0.4229 0.4229 0.1572 0.1572
2.9132 0.5297 4.1819 0.1333 0.1333 3.3442 0.4146 0.4146 0.2018 0.2018
2.7602 0.5459 3.9477 0.1616 0.1616 3.3754 0.4021 0.4021 0.2306 0.2306
2.6344 0.5627 3.7954 0.1942 0.1942 3.3615 0.4007 0.4007 0.2616 0.2616
2.5392 0.5784 3.6137 0.2205 0.2205 3.4240 0.4097 0.4097 0.2867 0.2867
2.4149 0.6007 3.4603 0.2581 0.2581 3.4863 0.3896 0.3896 0.3105 0.3105
2.3025 0.6164 3.3266 0.2884 0.2884 3.4733 0.3826 0.3826 0.3289 0.3289
2.2230 0.6308 3.1984 0.2973 0.2973 3.4984 0.3882 0.3882 0.3367 0.3367
2.1410 0.6474 3.1093 0.3198 0.3198 3.5119 0.3667 0.3667 0.3416 0.3416
2.0738 0.6614 3.0213 0.3434 0.3434 3.5536 0.3722 0.3722 0.3572 0.3572
2.0185 0.6689 2.8973 0.3725 0.3725 3.5919 0.3583 0.3583 0.3653 0.3653
1.9363 0.6841 2.8066 0.3911 0.3911 3.6133 0.3576 0.3576 0.3736 0.3736
1.8684 0.6978 2.7641 0.4062 0.4062 3.5994 0.3611 0.3611 0.3823 0.3823
1.8490 0.6935 2.6519 0.4333 0.4333 3.6628 0.3486 0.3486 0.3864 0.3864
1.7855 0.7081 2.5918 0.4419 0.4419 3.6744 0.3361 0.3361 0.3818 0.3818
1.7365 0.7221 2.5204 0.4643 0.4643 3.6983 0.3229 0.3229 0.3809 0.3809
1.6734 0.7300 2.4385 0.4795 0.4795 3.7570 0.3229 0.3229 0.3859 0.3859
1.6416 0.7362 2.3956 0.4942 0.4942 3.7530 0.3236 0.3236 0.3911 0.3911
1.6090 0.7416 2.3066 0.5097 0.5097 3.7744 0.3222 0.3222 0.3948 0.3948
1.5637 0.7560 2.3050 0.5233 0.5233 3.7740 0.3139 0.3139 0.3924 0.3924
1.5364 0.7525 2.2116 0.5384 0.5384 3.8134 0.3174 0.3174 0.3993 0.3993
1.4921 0.7622 2.1428 0.5601 0.5601 3.8789 0.2972 0.2972 0.3884 0.3884
1.4521 0.7752 2.1445 0.5775 0.5775 3.9188 0.3007 0.3007 0.3955 0.3955
1.4172 0.7841 2.0737 0.5853 0.5853 3.8884 0.2993 0.2993 0.3961 0.3961
1.4028 0.7845 2.0239 0.5919 0.5919 3.8925 0.3083 0.3083 0.4054 0.4054
1.3590 0.7961 1.9906 0.6039 0.6039 3.8948 0.2965 0.2965 0.3977 0.3977
1.3338 0.7967 1.9593 0.6202 0.6202 3.9545 0.2896 0.2896 0.3948 0.3948
1.3037 0.8004 1.8957 0.6360 0.6360 3.9466 0.2833 0.2833 0.3920 0.3920
1.2777 0.8150 1.8637 0.6419 0.6419 3.9633 0.2889 0.2889 0.3984 0.3984
1.2594 0.8148 1.8175 0.6558 0.6558 3.9762 0.2785 0.2785 0.3909 0.3909
1.2352 0.8190 1.7735 0.6612 0.6612 4.0122 0.2854 0.2854 0.3987 0.3987
1.2119 0.8192 1.7301 0.6752 0.6752 4.0385 0.2833 0.2833 0.3992 0.3992
1.1778 0.8286 1.7105 0.6938 0.6938 4.0391 0.2812 0.2813 0.4002 0.4002
1.1532 0.8427 1.6804 0.7027 0.7027 4.0676 0.2778 0.2778 0.3982 0.3982
1.1512 0.8384 1.6314 0.7085 0.7085 4.0835 0.2715 0.2715 0.3926 0.3926
1.1108 0.8508 1.5991 0.7159 0.7159 4.0926 0.2646 0.2646 0.3864 0.3864
1.0873 0.8541 1.5650 0.7233 0.7233 4.0853 0.2694 0.2694 0.3926 0.3926
1.0711 0.8592 1.5420 0.7318 0.7318 4.1524 0.2618 0.2618 0.3856 0.3856
1.0448 0.8666 1.5010 0.7357 0.7357 4.1301 0.2611 0.2611 0.3854 0.3854
1.0299 0.8637 1.4698 0.7496 0.7496 4.1416 0.2562 0.2563 0.3819 0.3819
1.0100 0.8709 1.4614 0.7543 0.7543 4.1400 0.2562 0.2563 0.3825 0.3825
1.0075 0.8696 1.4319 0.7581 0.7581 4.1383 0.2556 0.2556 0.3823 0.3823
0.9974 0.8772 1.4528 0.7620 0.7620 4.1447 0.2562 0.2563 0.3835 0.3835
1.0021 0.8751 1.4526 0.7647 0.7647 4.1532 0.2535 0.2535 0.3807 0.3807
0.9860 0.8781 1.4588 0.7632 0.7632 4.1392 0.2562 0.2563 0.3837 0.3837
0.9967 0.8760 1.4352 0.7659 0.7659 4.1511 0.2569 0.2569 0.3848 0.3848
0.9930 0.8760 1.4305 0.7682 0.7682 4.1718 0.2556 0.2556 0.3835 0.3835
0.9857 0.8781 1.4252 0.7698 0.7698 4.1641 0.2549 0.2549 0.3829 0.3829
0.9809 0.8777 1.4328 0.7740 0.7740 4.1574 0.2521 0.2521 0.3803 0.3803
0.9746 0.8839 1.4485 0.7744 0.7744 4.1618 0.2514 0.2514 0.3796 0.3796
0.9826 0.8794 1.4491 0.7748 0.7748 4.1618 0.2542 0.2542 0.3828 0.3828
0.9842 0.8787 1.4322 0.7756 0.7756 4.1541 0.2562 0.2563 0.3852 0.3852
0.9808 0.8817 1.4182 0.7787 0.7787 4.1572 0.2590 0.2590 0.3887 0.3887
0.9832 0.8759 1.4323 0.7787 0.7787 4.1678 0.2535 0.2535 0.3825 0.3825
0.9728 0.8827 1.4248 0.7802 0.7802 4.1735 0.2521 0.2521 0.3811 0.3811
0.9672 0.8830 1.4020 0.7837 0.7837 4.1717 0.2562 0.2563 0.3862 0.3862
0.9714 0.8841 1.4306 0.7829 0.7829 4.1813 0.2576 0.2576 0.3877 0.3877
0.9557 0.8887 1.3900 0.7837 0.7837 4.1708 0.2556 0.2556 0.3854 0.3854
0.9596 0.8856 1.4051 0.7837 0.7837 4.1782 0.2583 0.2583 0.3886 0.3886
0.9459 0.8931 1.4050 0.7868 0.7868 4.1680 0.2556 0.2556 0.3858 0.3858
0.9599 0.8879 1.4063 0.7884 0.7884 4.1798 0.2556 0.2556 0.3860 0.3860
0.9687 0.8813 1.3739 0.7876 0.7876 4.1830 0.2562 0.2563 0.3867 0.3867
0.9593 0.8876 1.3872 0.7872 0.7872 4.1874 0.2556 0.2556 0.3859 0.3859
0.9602 0.8849 1.3933 0.7895 0.7895 4.1795 0.2535 0.2535 0.3837 0.3837
0.9532 0.8899 1.3888 0.7903 0.7903 4.1814 0.2562 0.2563 0.3870 0.3870
0.9506 0.8873 1.3760 0.7926 0.7926 4.1981 0.2514 0.2514 0.3817 0.3817
0.9449 0.8951 1.3632 0.7919 0.7919 4.1942 0.2528 0.2528 0.3832 0.3832
0.9471 0.8912 1.3480 0.7919 0.7919 4.1884 0.2528 0.2528 0.3832 0.3832
0.9424 0.8953 1.3875 0.7938 0.7938 4.1975 0.2549 0.2549 0.3858 0.3858
0.9314 0.8956 1.3719 0.7930 0.7930 4.1994 0.2542 0.2542 0.3850 0.3850
0.9434 0.8900 1.3552 0.7938 0.7938 4.2052 0.2500 0.2500 0.3802 0.3802
0.9294 0.8938 1.3337 0.7961 0.7961 4.1994 0.2486 0.2486 0.3789 0.3789
0.9389 0.8894 1.3654 0.7946 0.7946 4.1913 0.2521 0.2521 0.3827 0.3827
0.9242 0.8943 1.3597 0.7961 0.7961 4.2023 0.2528 0.2528 0.3837 0.3837
0.9317 0.8941 1.3341 0.7988 0.7988 4.2040 0.2500 0.2500 0.3808 0.3808
0.9331 0.8953 1.3452 0.7988 0.7988 4.2100 0.2458 0.2458 0.3760 0.3760
0.9337 0.8921 1.3774 0.8008 0.8008 4.2060 0.2458 0.2458 0.3762 0.3762
0.9415 0.8933 1.3375 0.8004 0.8004 4.2064 0.2493 0.2493 0.3802 0.3802
0.9267 0.8966 1.3175 0.8023 0.8023 4.2072 0.2458 0.2458 0.3764 0.3764
0.9222 0.8974 1.3460 0.8047 0.8047 4.2083 0.2444 0.2444 0.3750 0.3750
0.9162 0.8959 1.3295 0.8043 0.8043 4.2139 0.2486 0.2486 0.3798 0.3798
0.9209 0.8952 1.3291 0.8050 0.8050 4.2199 0.2458 0.2458 0.3766 0.3766
0.9099 0.8965 1.3230 0.8054 0.8054 4.2097 0.2493 0.2493 0.3808 0.3808
0.9261 0.8943 1.3090 0.8054 0.8054 4.2205 0.2472 0.2472 0.3783 0.3783
0.9206 0.8954 1.3367 0.8054 0.8054 4.2107 0.2458 0.2458 0.3767 0.3767
0.9108 0.9002 1.3348 0.8047 0.8047 4.2099 0.2424 0.2424 0.3725 0.3725
0.8945 0.9006 1.3107 0.8027 0.8027 4.2212 0.2431 0.2431 0.3731 0.3731
0.9124 0.8981 1.3059 0.8070 0.8070 4.2301 0.2444 0.2444 0.3752 0.3752
0.8974 0.9047 1.3021 0.8054 0.8054 4.2229 0.2410 0.2410 0.3710 0.3710
0.8919 0.9042 1.3231 0.8081 0.8081 4.2418 0.2431 0.2431 0.3737 0.3737
