6.3789 0.0257 6.8661 0.0000 0.0000 5.6008 0.0507 0.0507 0.0000 0.0000
5.7852 0.0827 7.3345 0.0000 0.0000 4.5150 0.1299 0.1299 0.0000 0.0000
5.2992 0.2332 7.1251 0.0000 0.0000 4.0720 0.2396 0.2396 0.0000 0.0000
4.8887 0.3466 7.0646 0.0000 0.0000 3.6018 0.2972 0.2972 0.0000 0.0000
4.4868 0.4322 6.8706 0.0000 0.0000 3.2675 0.3528 0.3528 0.0000 0.0000
4.0971 0.4893 6.6307 0.0000 0.0000 3.0657 0.3639 0.3639 0.0000 0.0000
3.7854 0.5193 6.2312 0.0000 0.0000 2.9875 0.3896 0.3896 0.0000 0.0000
3.5022 0.5374 5.8605 0.0012 0.0012 2.9744 0.4083 0.4083 0.0023 0.0023
3.2494 0.5492 5.6031 0.0081 0.0081 2.9896 0.4028 0.4028 0.0160 0.0160
3.0513 0.5611 5.2424 0.0163 0.0163 3.0609 0.4035 0.4035 0.0313 0.0313
2.8878 0.5706 4.9221 0.0345 0.0345 3.1241 0.3951 0.3951 0.0635 0.0635
2.7255 0.5838 4.6967 0.0504 0.0504 3.1560 0.4097 0.4097 0.0897 0.0897
2.5769 0.5963 4.4639 0.0779 0.0779 3.1896 0.4090 0.4090 0.1309 0.1309
2.4745 0.6096 4.2634 0.1062 0.1062 3.2402 0.4014 0.4014 0.1680 0.1680
2.3719 0.6242 4.0831 0.1314 0.1314 3.2985 0.3986 0.3986 0.1976 0.1976
2.2749 0.6372 3.9288 0.1558 0.1558 3.3000 0.3993 0.3993 0.2242 0.2242
2.1890 0.6473 3.7502 0.1829 0.1829 3.3405 0.4007 0.4007 0.2512 0.2512
2.0979 0.6605 3.6158 0.2112 0.2112 3.3808 0.4028 0.4028 0.2771 0.2771
2.0221 0.6740 3.5591 0.2256 0.2256 3.4168 0.3903 0.3903 0.2859 0.2859
1.9553 0.6832 3.4108 0.2465 0.2465 3.4403 0.3771 0.3771 0.2981 0.2981
1.8783 0.6871 3.3285 0.2674 0.2674 3.4421 0.3743 0.3743 0.3120 0.3120
1.8313 0.7025 3.1860 0.2915 0.2915 3.4914 0.3757 0.3757 0.3283 0.3283
1.7782 0.7082 3.1093 0.3147 0.3147 3.4854 0.3715 0.3715 0.3408 0.3408
1.7173 0.7218 2.9984 0.3411 0.3411 3.5555 0.3611 0.3611 0.3508 0.3508
1.6835 0.7236 2.9514 0.3531 0.3531 3.5500 0.3597 0.3597 0.3564 0.3564
1.6357 0.7330 2.8245 0.3609 0.3609 3.5651 0.3576 0.3576 0.3592 0.3592
1.5934 0.7407 2.7765 0.3814 0.3814 3.5962 0.3528 0.3528 0.3665 0.3665
1.5512 0.7468 2.7326 0.3973 0.3973 3.6393 0.3410 0.3410 0.3670 0.3670
1.5290 0.7537 2.6778 0.4016 0.4016 3.6255 0.3500 0.3500 0.3740 0.3740
1.4638 0.7626 2.5981 0.4229 0.4229 3.6812 0.3396 0.3396 0.3767 0.3767
1.4333 0.7693 2.5601 0.4372 0.4372 3.7039 0.3354 0.3354 0.3796 0.3796
1.4161 0.7676 2.5316 0.4481 0.4481 3.7178 0.3389 0.3389 0.3859 0.3859
1.3822 0.7740 2.4236 0.4585 0.4585 3.7182 0.3299 0.3299 0.3837 0.3837
1.3673 0.7774 2.3524 0.4736 0.4736 3.7620 0.3250 0.3250 0.3855 0.3855
1.3178 0.7888 2.2840 0.4922 0.4922 3.7833 0.3125 0.3125 0.3823 0.3823
1.2788 0.8011 2.2783 0.4919 0.4919 3.7699 0.3208 0.3208 0.3884 0.3884
1.2531 0.8000 2.2799 0.5105 0.5105 3.7769 0.3153 0.3153 0.3898 0.3898
1.2346 0.8109 2.1938 0.5283 0.5283 3.8154 0.3076 0.3076 0.3888 0.3888
1.2172 0.8117 2.1067 0.5364 0.5364 3.8407 0.3187 0.3188 0.3999 0.3999
1.1896 0.8158 2.1452 0.5419 0.5419 3.8320 0.3111 0.3111 0.3953 0.3953
1.1693 0.8190 2.0634 0.5597 0.5597 3.8772 0.3063 0.3063 0.3959 0.3959
1.1378 0.8294 1.9909 0.5721 0.5721 3.9116 0.3028 0.3028 0.3960 0.3960
1.1311 0.8311 1.9846 0.5744 0.5744 3.8984 0.2979 0.2979 0.3923 0.3923
1.1055 0.8330 1.9291 0.5845 0.5845 3.9337 0.2868 0.2868 0.3848 0.3848
1.0929 0.8376 1.9286 0.5950 0.5950 3.9191 0.2833 0.2833 0.3839 0.3839
1.0712 0.8389 1.8814 0.6147 0.6147 3.9653 0.2882 0.2882 0.3924 0.3924
1.0353 0.8509 1.8052 0.6283 0.6283 3.9691 0.2785 0.2785 0.3859 0.3859
1.0254 0.8541 1.8302 0.6287 0.6287 3.9903 0.2833 0.2833 0.3906 0.3906
1.0153 0.8542 1.7856 0.6519 0.6519 4.0091 0.2715 0.2715 0.3834 0.3834
0.9843 0.8625 1.7296 0.6477 0.6477 4.0102 0.2840 0.2840 0.3949 0.3949
0.9769 0.8635 1.7242 0.6512 0.6512 4.0280 0.2826 0.2826 0.3942 0.3942
0.9872 0.8573 1.7283 0.6558 0.6558 4.0253 0.2819 0.2819 0.3944 0.3944
0.9612 0.8667 1.7258 0.6550 0.6550 4.0248 0.2833 0.2833 0.3956 0.3956
0.9636 0.8660 1.7091 0.6597 0.6597 4.0266 0.2799 0.2799 0.3930 0.3930
0.9708 0.8650 1.6879 0.6609 0.6609 4.0364 0.2812 0.2813 0.3946 0.3946
0.9680 0.8623 1.6889 0.6640 0.6640 4.0230 0.2792 0.2792 0.3931 0.3931
0.9628 0.8669 1.6984 0.6667 0.6667 4.0229 0.2806 0.2806 0.3949 0.3949
0.9502 0.8704 1.6847 0.6694 0.6694 4.0290 0.2792 0.2792 0.3940 0.3940
0.9629 0.8618 1.6533 0.6698 0.6698 4.0300 0.2785 0.2785 0.3934 0.3934
0.9500 0.8719 1.6855 0.6740 0.6740 4.0239 0.2757 0.2757 0.3913 0.3913
0.9569 0.8673 1.6739 0.6767 0.6767 4.0266 0.2764 0.2764 0.3925 0.3925
0.9397 0.8703 1.6855 0.6787 0.6787 4.0373 0.2736 0.2736 0.3900 0.3900
0.9509 0.8649 1.6286 0.6802 0.6802 4.0385 0.2750 0.2750 0.3917 0.3917
0.9545 0.8675 1.6565 0.6818 0.6818 4.0385 0.2750 0.2750 0.3919 0.3919
0.9372 0.8740 1.6259 0.6841 0.6841 4.0405 0.2750 0.2750 0.3923 0.3923
0.9395 0.8726 1.6606 0.6818 0.6818 4.0314 0.2757 0.2757 0.3926 0.3926
0.9436 0.8698 1.6571 0.6860 0.6860 4.0421 0.2722 0.2722 0.3898 0.3898
0.9360 0.8729 1.6598 0.6857 0.6857 4.0406 0.2778 0.2778 0.3954 0.3954
0.9346 0.8705 1.6554 0.6868 0.6868 4.0529 0.2771 0.2771 0.3949 0.3949
0.9355 0.8723 1.6358 0.6888 0.6888 4.0472 0.2743 0.2743 0.3924 0.3924
0.9315 0.8737 1.6777 0.6930 0.6930 4.0575 0.2729 0.2729 0.3916 0.3916
0.9291 0.8725 1.6211 0.6946 0.6946 4.0545 0.2750 0.2750 0.3940 0.3940
0.9331 0.8740 1.6289 0.6922 0.6922 4.0567 0.2750 0.2750 0.3936 0.3936
0.9238 0.8752 1.6116 0.6942 0.6942 4.0487 0.2736 0.2736 0.3925 0.3925
0.9384 0.8697 1.6428 0.6942 0.6942 4.0446 0.2722 0.2722 0.3911 0.3911
0.9298 0.8721 1.6259 0.6957 0.6957 4.0366 0.2729 0.2729 0.3920 0.3920
0.9221 0.8766 1.6079 0.6938 0.6938 4.0467 0.2736 0.2736 0.3925 0.3925
0.9307 0.8713 1.6174 0.6957 0.6957 4.0561 0.2715 0.2715 0.3906 0.3906
0.9256 0.8748 1.6118 0.6977 0.6977 4.0619 0.2736 0.2736 0.3931 0.3931
0.9053 0.8769 1.6229 0.7000 0.7000 4.0697 0.2715 0.2715 0.3913 0.3913
0.9164 0.8763 1.5983 0.7004 0.7004 4.0603 0.2729 0.2729 0.3928 0.3928
0.9161 0.8773 1.5758 0.6992 0.6992 4.0617 0.2708 0.2708 0.3904 0.3904
0.9130 0.8749 1.5973 0.6992 0.6992 4.0569 0.2701 0.2701 0.3897 0.3897
0.9106 0.8758 1.5938 0.7035 0.7035 4.0670 0.2694 0.2694 0.3896 0.3896
0.9037 0.8810 1.5738 0.7035 0.7035 4.0743 0.2715 0.2715 0.3918 0.3918
0.8955 0.8835 1.6081 0.7043 0.7043 4.0663 0.2722 0.2722 0.3927 0.3927
0.9001 0.8828 1.6024 0.7070 0.7070 4.0741 0.2701 0.2701 0.3909 0.3909
0.9096 0.8769 1.5813 0.7089 0.7089 4.0773 0.2667 0.2667 0.3876 0.3876
0.8976 0.8833 1.5894 0.7054 0.7054 4.0681 0.2681 0.2681 0.3885 0.3885
0.9065 0.8780 1.6008 0.7081 0.7081 4.0753 0.2667 0.2667 0.3874 0.3874
0.8955 0.8780 1.5474 0.7124 0.7124 4.0825 0.2667 0.2667 0.3881 0.3881
0.8920 0.8849 1.5334 0.7140 0.7140 4.0807 0.2701 0.2701 0.3920 0.3920
0.8857 0.8844 1.5708 0.7140 0.7140 4.0827 0.2708 0.2708 0.3927 0.3927
0.8893 0.8789 1.5431 0.7120 0.7120 4.0915 0.2729 0.2729 0.3946 0.3946
0.8780 0.8865 1.5506 0.7151 0.7151 4.0871 0.2694 0.2694 0.3914 0.3914
0.9003 0.8813 1.5427 0.7182 0.7182 4.0929 0.2646 0.2646 0.3867 0.3867
0.8837 0.8849 1.5595 0.7151 0.7151 4.0799 0.2687 0.2688 0.3907 0.3907
0.8878 0.8812 1.5397 0.7186 0.7186 4.0903 0.2687 0.2688 0.3912 0.3912
0.8830 0.8879 1.5597 0.7194 0.7194 4.0907 0.2701 0.2701 0.3928 0.3928
0.8798 0.8818 1.5609 0.7205 0.7205 4.0866 0.2701 0.2701 0.3930 0.3930
