6.4711 0.0158 6.7106 0.0000 0.0000 5.8814 0.0424 0.0424 0.0000 0.0000
6.0522 0.0622 7.0269 0.0000 0.0000 4.8199 0.1278 0.1278 0.0000 0.0000
5.6322 0.1689 6.8262 0.0000 0.0000 4.3468 0.2271 0.2271 0.0000 0.0000
5.2290 0.2753 6.7053 0.0000 0.0000 3.8204 0.2951 0.2951 0.0000 0.0000
4.8448 0.3265 6.4279 0.0000 0.0000 3.4808 0.3375 0.3375 0.0000 0.0000
4.4543 0.3877 6.1020 0.0012 0.0012 3.2866 0.3667 0.3667 0.0023 0.0023
4.0938 0.4223 5.6901 0.0066 0.0066 3.2141 0.3806 0.3806 0.0130 0.0130
3.7804 0.4445 5.3043 0.0163 0.0163 3.2203 0.3882 0.3882 0.0312 0.0312
3.5177 0.4620 4.9142 0.0360 0.0360 3.2867 0.3743 0.3743 0.0658 0.0658
3.2643 0.4788 4.6090 0.0698 0.0698 3.3393 0.3993 0.3993 0.1188 0.1188
3.0780 0.5045 4.3735 0.1039 0.1039 3.3474 0.3965 0.3965 0.1646 0.1646
2.9067 0.5308 4.1050 0.1357 0.1357 3.4057 0.3924 0.3924 0.2016 0.2016
2.7562 0.5480 3.9475 0.1597 0.1597 3.4359 0.3819 0.3819 0.2252 0.2252
2.6376 0.5588 3.7299 0.2019 0.2019 3.4713 0.3826 0.3826 0.2644 0.2644
2.5004 0.5888 3.5893 0.2186 0.2186 3.4787 0.3688 0.3687 0.2745 0.2745
2.4129 0.6013 3.4856 0.2531 0.2531 3.5152 0.3778 0.3778 0.3031 0.3031
2.3036 0.6160 3.3401 0.2849 0.2849 3.5537 0.3618 0.3618 0.3188 0.3188
2.2227 0.6304 3.1957 0.3140 0.3140 3.6063 0.3542 0.3542 0.3328 0.3328
2.1615 0.6387 3.1336 0.3283 0.3283 3.5990 0.3597 0.3597 0.3433 0.3433
2.0713 0.6596 3.0520 0.3446 0.3446 3.5994 0.3597 0.3597 0.3520 0.3520
2.0086 0.6673 2.9786 0.3698 0.3698 3.6290 0.3535 0.3535 0.3614 0.3614
1.9477 0.6770 2.8430 0.3903 0.3903 3.6822 0.3424 0.3424 0.3648 0.3648
1.8743 0.6970 2.7546 0.3950 0.3950 3.6858 0.3271 0.3271 0.3578 0.3578
1.8407 0.6986 2.6737 0.4264 0.4264 3.7200 0.3326 0.3326 0.3737 0.3737
1.7876 0.7099 2.5827 0.4357 0.4357 3.7449 0.3132 0.3132 0.3644 0.3644
1.7276 0.7203 2.5300 0.4550 0.4550 3.7840 0.3111 0.3111 0.3696 0.3696
1.6768 0.7312 2.4847 0.4628 0.4628 3.7639 0.3160 0.3160 0.3755 0.3755
1.6339 0.7406 2.4369 0.4864 0.4864 3.8347 0.3139 0.3139 0.3816 0.3816
1.6214 0.7396 2.3512 0.5043 0.5043 3.8682 0.3028 0.3028 0.3784 0.3784
1.5661 0.7530 2.3459 0.5151 0.5151 3.8653 0.3118 0.3118 0.3885 0.3885
1.5385 0.7559 2.2787 0.5345 0.5345 3.8525 0.2979 0.2979 0.3826 0.3826
1.4886 0.7700 2.2299 0.5469 0.5469 3.9143 0.2979 0.2979 0.3857 0.3857
1.4627 0.7735 2.1846 0.5620 0.5620 3.9190 0.2944 0.2944 0.3864 0.3864
1.4328 0.7812 2.0865 0.5795 0.5795 3.9634 0.2875 0.2875 0.3843 0.3843
1.4057 0.7858 2.0371 0.5872 0.5872 3.9423 0.2882 0.2882 0.3866 0.3866
1.3712 0.7900 2.0028 0.6019 0.6019 3.9758 0.2792 0.2792 0.3814 0.3814
1.3189 0.8015 1.9796 0.6109 0.6109 3.9911 0.2771 0.2771 0.3812 0.3812
1.2959 0.8060 1.9125 0.6236 0.6236 4.0192 0.2729 0.2729 0.3797 0.3797
1.2801 0.8110 1.8801 0.6372 0.6372 4.0440 0.2701 0.2701 0.3794 0.3794
1.2558 0.8169 1.8398 0.6411 0.6411 4.0450 0.2701 0.2701 0.3801 0.3801
1.2354 0.8242 1.8236 0.6558 0.6558 4.0542 0.2701 0.2701 0.3827 0.3827
1.2088 0.8240 1.7752 0.6620 0.6620 4.0731 0.2583 0.2583 0.3716 0.3716
1.1772 0.8340 1.7959 0.6705 0.6705 4.0725 0.2722 0.2722 0.3872 0.3872
1.1664 0.8364 1.6757 0.6888 0.6888 4.1232 0.2562 0.2563 0.3735 0.3735
1.1258 0.8444 1.6495 0.7008 0.7008 4.1320 0.2451 0.2451 0.3632 0.3632
1.1187 0.8474 1.6268 0.7120 0.7120 4.1160 0.2521 0.2521 0.3723 0.3723
1.0964 0.8558 1.6016 0.7093 0.7093 4.1483 0.2500 0.2500 0.3697 0.3697
1.0863 0.8557 1.5613 0.7310 0.7310 4.2229 0.2451 0.2451 0.3672 0.3672
1.0554 0.8680 1.5557 0.7345 0.7345 4.1584 0.2396 0.2396 0.3613 0.3613
1.0391 0.8664 1.5459 0.7446 0.7446 4.2186 0.2458 0.2458 0.3696 0.3696
1.0346 0.8649 1.4921 0.7469 0.7469 4.2134 0.2458 0.2458 0.3699 0.3699
1.0091 0.8734 1.4926 0.7492 0.7492 4.2177 0.2486 0.2486 0.3733 0.3733
1.0066 0.8694 1.4939 0.7512 0.7512 4.2112 0.2486 0.2486 0.3736 0.3736
1.0003 0.8756 1.4823 0.7500 0.7500 4.2033 0.2451 0.2451 0.3695 0.3695
0.9906 0.8779 1.4677 0.7550 0.7550 4.2065 0.2431 0.2431 0.3677 0.3677
1.0083 0.8728 1.4543 0.7612 0.7612 4.2193 0.2424 0.2424 0.3677 0.3677
0.9995 0.8738 1.4566 0.7632 0.7632 4.2192 0.2389 0.2389 0.3639 0.3639
0.9930 0.8781 1.4684 0.7616 0.7616 4.2104 0.2389 0.2389 0.3637 0.3637
0.9917 0.8773 1.4850 0.7616 0.7616 4.2175 0.2389 0.2389 0.3637 0.3637
0.9866 0.8832 1.4534 0.7612 0.7612 4.2237 0.2375 0.2375 0.3620 0.3620
0.9868 0.8777 1.4573 0.7636 0.7636 4.2159 0.2396 0.2396 0.3647 0.3647
0.9785 0.8831 1.4452 0.7655 0.7655 4.2214 0.2382 0.2382 0.3633 0.3633
0.9705 0.8832 1.4216 0.7647 0.7647 4.2209 0.2410 0.2410 0.3665 0.3665
0.9740 0.8884 1.4313 0.7636 0.7636 4.2208 0.2396 0.2396 0.3647 0.3647
0.9810 0.8792 1.4227 0.7659 0.7659 4.2308 0.2396 0.2396 0.3650 0.3650
0.9717 0.8883 1.4441 0.7667 0.7667 4.2254 0.2396 0.2396 0.3651 0.3651
0.9805 0.8812 1.4565 0.7678 0.7678 4.2281 0.2417 0.2417 0.3676 0.3676
0.9760 0.8802 1.4454 0.7655 0.7655 4.2278 0.2410 0.2410 0.3666 0.3666
0.9600 0.8905 1.4294 0.7671 0.7671 4.2219 0.2410 0.2410 0.3667 0.3667
0.9684 0.8849 1.3989 0.7682 0.7682 4.2260 0.2410 0.2410 0.3669 0.3669
0.9708 0.8848 1.4061 0.7702 0.7702 4.2417 0.2382 0.2382 0.3639 0.3639
0.9641 0.8880 1.4073 0.7713 0.7713 4.2444 0.2410 0.2410 0.3672 0.3672
0.9631 0.8832 1.4095 0.7725 0.7725 4.2404 0.2389 0.2389 0.3649 0.3649
0.9646 0.8840 1.3985 0.7752 0.7752 4.2454 0.2417 0.2417 0.3685 0.3685
0.9632 0.8836 1.4013 0.7760 0.7760 4.2416 0.2354 0.2354 0.3612 0.3612
0.9573 0.8887 1.3973 0.7787 0.7787 4.2458 0.2361 0.2361 0.3624 0.3624
0.9548 0.8861 1.3972 0.7787 0.7787 4.2492 0.2396 0.2396 0.3664 0.3664
0.9490 0.8914 1.3939 0.7802 0.7802 4.2517 0.2375 0.2375 0.3642 0.3642
0.9379 0.8929 1.3855 0.7806 0.7806 4.2480 0.2333 0.2333 0.3593 0.3593
0.9430 0.8921 1.3791 0.7783 0.7783 4.2603 0.2347 0.2347 0.3607 0.3607
0.9434 0.8872 1.3864 0.7775 0.7775 4.2623 0.2354 0.2354 0.3614 0.3614
0.9430 0.8920 1.3815 0.7818 0.7818 4.2550 0.2375 0.2375 0.3643 0.3643
0.9352 0.8949 1.3723 0.7833 0.7833 4.2530 0.2361 0.2361 0.3629 0.3629
0.9404 0.8902 1.3543 0.7826 0.7826 4.2667 0.2368 0.2368 0.3636 0.3636
0.9443 0.8930 1.3517 0.7860 0.7860 4.2668 0.2354 0.2354 0.3623 0.3623
0.9382 0.8939 1.3652 0.7872 0.7872 4.2684 0.2361 0.2361 0.3633 0.3633
0.9287 0.8960 1.3709 0.7864 0.7864 4.2640 0.2368 0.2368 0.3640 0.3640
0.9220 0.8977 1.3720 0.7891 0.7891 4.2682 0.2361 0.2361 0.3635 0.3635
0.9292 0.8943 1.3669 0.7888 0.7888 4.2609 0.2361 0.2361 0.3634 0.3634
0.9261 0.8988 1.3436 0.7884 0.7884 4.2598 0.2333 0.2333 0.3601 0.3601
0.9246 0.8938 1.3412 0.7899 0.7899 4.2599 0.2306 0.2306 0.3569 0.3569
0.9249 0.8983 1.3453 0.7915 0.7915 4.2594 0.2326 0.2326 0.3596 0.3596
0.9337 0.8923 1.3521 0.7922 0.7922 4.2660 0.2319 0.2319 0.3588 0.3588
0.9174 0.8977 1.3442 0.7942 0.7942 4.2677 0.2313 0.2313 0.3582 0.3582
0.9137 0.8990 1.3092 0.7942 0.7942 4.2762 0.2319 0.2319 0.3590 0.3590
0.9189 0.8959 1.3596 0.7957 0.7957 4.2704 0.2340 0.2340 0.3617 0.3617
0.9114 0.8985 1.3271 0.7973 0.7973 4.2811 0.2340 0.2340 0.3618 0.3618
0.9080 0.9010 1.3170 0.7969 0.7969 4.2828 0.2319 0.2319 0.3593 0.3593
0.9025 0.9016 1.3251 0.7957 0.7957 4.2775 0.2319 0.2319 0.3592 0.3592
0.9099 0.8973 1.3311 0.7988 0.7988 4.2716 0.2306 0.2306 0.3578 0.3578
