6.5317 0.0094 6.6155 0.0000 0.0000 6.0902 0.0368 0.0368 0.0000 0.0000
6.2382 0.0351 6.7980 0.0000 0.0000 5.0866 0.0986 0.0986 0.0000 0.0000
5.8860 0.1136 6.5782 0.0004 0.0004 4.5877 0.1979 0.1979 0.0008 0.0008
5.5172 0.2082 6.4329 0.0012 0.0012 4.0297 0.2799 0.2799 0.0023 0.0023
5.1195 0.2638 6.0929 0.0019 0.0019 3.7188 0.3229 0.3229 0.0039 0.0039
4.7364 0.2983 5.7228 0.0058 0.0058 3.5390 0.3611 0.3611 0.0114 0.0114
4.3496 0.3274 5.2642 0.0244 0.0244 3.4801 0.3646 0.3646 0.0458 0.0458
3.9723 0.3623 4.8333 0.0558 0.0558 3.5432 0.3799 0.3799 0.0973 0.0973
3.6890 0.3976 4.4936 0.0973 0.0973 3.5901 0.3972 0.3972 0.1563 0.1563
3.4351 0.4285 4.2256 0.1364 0.1364 3.5819 0.3757 0.3757 0.2002 0.2002
3.2268 0.4632 3.9648 0.1748 0.1748 3.6045 0.3840 0.3840 0.2403 0.2403
3.0449 0.4903 3.8066 0.2171 0.2171 3.6128 0.3819 0.3819 0.2768 0.2768
2.8957 0.5116 3.5352 0.2527 0.2527 3.6618 0.3736 0.3736 0.3015 0.3015
2.7863 0.5298 3.4443 0.2787 0.2787 3.6767 0.3583 0.3583 0.3135 0.3135
2.6273 0.5551 3.3019 0.3143 0.3143 3.6913 0.3597 0.3597 0.3355 0.3355
2.5115 0.5806 3.1525 0.3426 0.3426 3.7413 0.3340 0.3340 0.3383 0.3383
2.4185 0.5952 3.0044 0.3682 0.3682 3.7377 0.3382 0.3382 0.3526 0.3526
2.3536 0.6084 2.9243 0.3981 0.3981 3.7656 0.3285 0.3285 0.3599 0.3599
2.2619 0.6264 2.8534 0.4078 0.4078 3.7632 0.3243 0.3243 0.3613 0.3613
2.2076 0.6390 2.7737 0.4306 0.4306 3.7777 0.3250 0.3250 0.3704 0.3704
2.1256 0.6538 2.6665 0.4481 0.4481 3.8432 0.3097 0.3097 0.3663 0.3663
2.0554 0.6617 2.6056 0.4554 0.4554 3.7945 0.3125 0.3125 0.3707 0.3707
1.9631 0.6835 2.5056 0.4702 0.4702 3.8430 0.3083 0.3083 0.3724 0.3724
1.9527 0.6811 2.4605 0.4915 0.4915 3.8494 0.3042 0.3042 0.3758 0.3758
1.8740 0.7016 2.4176 0.5136 0.5136 3.9008 0.2979 0.2979 0.3771 0.3771
1.8377 0.7086 2.3342 0.5341 0.5341 3.9066 0.2910 0.2910 0.3767 0.3767
1.7755 0.7223 2.2474 0.5372 0.5372 3.9371 0.2806 0.2806 0.3686 0.3686
1.7413 0.7216 2.1945 0.5597 0.5597 3.9492 0.2868 0.2868 0.3793 0.3793
1.6906 0.7404 2.1872 0.5760 0.5760 3.9714 0.2646 0.2646 0.3626 0.3626
1.6556 0.7523 2.1163 0.5938 0.5938 4.0002 0.2639 0.2639 0.3654 0.3654
1.6272 0.7546 2.0537 0.6027 0.6027 3.9854 0.2604 0.2604 0.3637 0.3637
1.5637 0.7635 1.9921 0.6174 0.6174 4.0048 0.2701 0.2701 0.3758 0.3758
1.5342 0.7710 1.9510 0.6275 0.6275 4.0292 0.2632 0.2632 0.3708 0.3708
1.5128 0.7756 1.9075 0.6411 0.6411 4.0495 0.2542 0.2542 0.3640 0.3640
1.4508 0.7940 1.8722 0.6581 0.6581 4.0631 0.2549 0.2549 0.3674 0.3674
1.4356 0.7953 1.8566 0.6624 0.6624 4.0629 0.2444 0.2444 0.3571 0.3571
1.4173 0.7953 1.7744 0.6787 0.6787 4.0961 0.2472 0.2472 0.3624 0.3624
1.3710 0.8056 1.7384 0.6876 0.6876 4.1124 0.2500 0.2500 0.3667 0.3667
1.3473 0.8132 1.7205 0.6965 0.6965 4.1373 0.2486 0.2486 0.3664 0.3664
1.3192 0.8182 1.6559 0.7058 0.7058 4.1525 0.2319 0.2319 0.3492 0.3492
1.2844 0.8279 1.6064 0.7248 0.7248 4.1707 0.2278 0.2278 0.3466 0.3466
1.2568 0.8340 1.5897 0.7267 0.7267 4.1447 0.2396 0.2396 0.3604 0.3604
1.2255 0.8406 1.5453 0.7438 0.7438 4.1813 0.2313 0.2313 0.3528 0.3528
1.2107 0.8442 1.5037 0.7547 0.7547 4.1946 0.2194 0.2194 0.3400 0.3400
1.1847 0.8490 1.5168 0.7597 0.7597 4.2026 0.2188 0.2188 0.3397 0.3397
1.1547 0.8575 1.4445 0.7659 0.7659 4.2071 0.2236 0.2236 0.3462 0.3462
1.1417 0.8627 1.4367 0.7795 0.7795 4.2337 0.2125 0.2125 0.3340 0.3340
1.1170 0.8684 1.4031 0.7864 0.7864 4.2426 0.2118 0.2118 0.3337 0.3337
1.0959 0.8767 1.3845 0.7938 0.7938 4.2605 0.2146 0.2146 0.3378 0.3378
1.0667 0.8812 1.3663 0.8012 0.8012 4.2775 0.2132 0.2132 0.3368 0.3368
1.0480 0.8849 1.3438 0.8043 0.8043 4.2642 0.2139 0.2139 0.3379 0.3379
1.0503 0.8859 1.3394 0.8050 0.8050 4.2709 0.2118 0.2118 0.3354 0.3354
1.0436 0.8846 1.3070 0.8112 0.8112 4.2688 0.2111 0.2111 0.3350 0.3350
1.0436 0.8853 1.3227 0.8132 0.8132 4.2709 0.2111 0.2111 0.3352 0.3352
1.0397 0.8854 1.3163 0.8155 0.8155 4.2671 0.2111 0.2111 0.3354 0.3354
1.0409 0.8898 1.3027 0.8186 0.8186 4.2728 0.2111 0.2111 0.3357 0.3357
1.0301 0.8935 1.2884 0.8209 0.8209 4.2636 0.2069 0.2069 0.3306 0.3306
1.0196 0.8934 1.2898 0.8221 0.8221 4.2665 0.2076 0.2076 0.3315 0.3315
1.0111 0.8990 1.3200 0.8264 0.8264 4.2764 0.2076 0.2076 0.3319 0.3319
1.0222 0.8961 1.3170 0.8256 0.8256 4.2786 0.2083 0.2083 0.3327 0.3327
1.0144 0.8941 1.2923 0.8252 0.8252 4.2793 0.2090 0.2090 0.3336 0.3336
1.0144 0.8949 1.3220 0.8279 0.8279 4.2748 0.2090 0.2090 0.3338 0.3338
1.0115 0.8973 1.3010 0.8310 0.8310 4.2835 0.2097 0.2097 0.3349 0.3349
1.0072 0.9020 1.3005 0.8318 0.8318 4.2922 0.2090 0.2090 0.3341 0.3341
1.0037 0.8981 1.2653 0.8326 0.8326 4.2767 0.2097 0.2097 0.3350 0.3350
1.0139 0.8989 1.2688 0.8318 0.8318 4.2805 0.2083 0.2083 0.3332 0.3332
1.0031 0.8961 1.2680 0.8337 0.8337 4.3032 0.2090 0.2090 0.3343 0.3343
0.9983 0.9006 1.2474 0.8376 0.8376 4.2966 0.2069 0.2069 0.3319 0.3319
1.0022 0.9000 1.2969 0.8368 0.8368 4.2947 0.2049 0.2049 0.3291 0.3291
1.0064 0.8990 1.2658 0.8411 0.8411 4.2880 0.2062 0.2063 0.3313 0.3313
1.0009 0.8978 1.2534 0.8442 0.8442 4.2963 0.2069 0.2069 0.3324 0.3324
0.9894 0.9073 1.2644 0.8419 0.8419 4.2856 0.2062 0.2063 0.3313 0.3313
0.9826 0.9087 1.2424 0.8419 0.8419 4.2933 0.2097 0.2097 0.3358 0.3358
0.9896 0.9033 1.2561 0.8419 0.8419 4.2962 0.2090 0.2090 0.3349 0.3349
0.9811 0.9052 1.2550 0.8442 0.8442 4.2978 0.2062 0.2063 0.3315 0.3315
0.9808 0.9052 1.2454 0.8430 0.8430 4.2921 0.2097 0.2097 0.3359 0.3359
0.9860 0.9041 1.2671 0.8469 0.8469 4.2947 0.2097 0.2097 0.3362 0.3362
0.9807 0.9071 1.2575 0.8473 0.8473 4.3041 0.2042 0.2042 0.3290 0.3290
0.9822 0.9070 1.2294 0.8481 0.8481 4.3179 0.2028 0.2028 0.3273 0.3273
0.9808 0.9065 1.2316 0.8492 0.8492 4.3020 0.2076 0.2076 0.3337 0.3337
0.9813 0.9049 1.2346 0.8496 0.8496 4.3044 0.2083 0.2083 0.3346 0.3346
0.9737 0.9056 1.2140 0.8492 0.8492 4.3025 0.2049 0.2049 0.3301 0.3301
0.9635 0.9101 1.2382 0.8500 0.8500 4.3052 0.2062 0.2063 0.3320 0.3320
0.9658 0.9080 1.2355 0.8519 0.8519 4.3045 0.2035 0.2035 0.3285 0.3285
0.9640 0.9131 1.2119 0.8527 0.8527 4.3138 0.2049 0.2049 0.3304 0.3304
0.9637 0.9081 1.2199 0.8504 0.8504 4.3063 0.2049 0.2049 0.3302 0.3302
0.9634 0.9098 1.2218 0.8527 0.8527 4.3123 0.2076 0.2076 0.3340 0.3340
0.9584 0.9120 1.1948 0.8523 0.8523 4.3064 0.2090 0.2090 0.3357 0.3357
0.9583 0.9089 1.2216 0.8535 0.8535 4.3151 0.2076 0.2076 0.3340 0.3340
0.9518 0.9104 1.1911 0.8550 0.8550 4.3122 0.2042 0.2042 0.3296 0.3296
0.9458 0.9159 1.1938 0.8570 0.8570 4.3182 0.2028 0.2028 0.3280 0.3280
0.9349 0.9164 1.2064 0.8570 0.8570 4.3284 0.2042 0.2042 0.3298 0.3298
0.9393 0.9126 1.1999 0.8578 0.8578 4.3231 0.2042 0.2042 0.3298 0.3298
0.9469 0.9111 1.1944 0.8585 0.8585 4.3319 0.2035 0.2035 0.3290 0.3290
0.9464 0.9146 1.1954 0.8589 0.8589 4.3286 0.2049 0.2049 0.3308 0.3308
0.9490 0.9112 1.2036 0.8605 0.8605 4.3333 0.2049 0.2049 0.3309 0.3309
0.9298 0.9174 1.1753 0.8597 0.8597 4.3314 0.2049 0.2049 0.3309 0.3309
0.9414 0.9147 1.1855 0.8605 0.8605 4.3260 0.2042 0.2042 0.3300 0.3300
0.9309 0.9201 1.1759 0.8616 0.8616 4.3302 0.2042 0.2042 0.3301 0.3301
0.9254 0.9194 1.1753 0.8605 0.8605 4.3198 0.2062 0.2063 0.3327 0.3327
