6.4988 0.0115 6.6106 0.0008 0.0008 6.0154 0.0465 0.0465 0.0015 0.0015
6.1864 0.0418 6.7600 0.0000 0.0000 5.0375 0.0917 0.0917 0.0000 0.0000
5.8265 0.1250 6.5456 0.0000 0.0000 4.4984 0.2271 0.2271 0.0000 0.0000
5.4265 0.2051 6.3551 0.0008 0.0008 3.9829 0.2889 0.2889 0.0015 0.0015
5.0107 0.2757 6.0078 0.0023 0.0023 3.6664 0.3438 0.3437 0.0046 0.0046
4.6207 0.3126 5.5874 0.0097 0.0097 3.5211 0.3708 0.3708 0.0189 0.0189
4.2547 0.3381 5.1672 0.0302 0.0302 3.5239 0.3729 0.3729 0.0559 0.0559
3.9120 0.3699 4.7805 0.0647 0.0647 3.5590 0.3847 0.3847 0.1108 0.1108
3.6403 0.4077 4.4225 0.0973 0.0973 3.6148 0.3785 0.3785 0.1548 0.1548
3.3997 0.4339 4.1823 0.1310 0.1310 3.5949 0.3757 0.3757 0.1943 0.1943
3.2010 0.4636 3.9502 0.1752 0.1752 3.6249 0.3708 0.3708 0.2380 0.2380
3.0387 0.4863 3.7282 0.2155 0.2155 3.6458 0.3792 0.3792 0.2748 0.2748
2.8932 0.5153 3.5835 0.2419 0.2419 3.6464 0.3653 0.3653 0.2910 0.2910
2.7610 0.5297 3.4210 0.2760 0.2760 3.6860 0.3632 0.3632 0.3136 0.3136
2.6299 0.5590 3.2925 0.3310 0.3310 3.7386 0.3431 0.3431 0.3369 0.3369
2.5415 0.5800 3.1664 0.3368 0.3368 3.7279 0.3444 0.3444 0.3406 0.3406
2.4293 0.5971 3.0118 0.3605 0.3605 3.7562 0.3431 0.3431 0.3515 0.3515
2.3617 0.5978 2.9474 0.3895 0.3895 3.7734 0.3417 0.3417 0.3640 0.3640
2.2465 0.6288 2.7848 0.4240 0.4240 3.8067 0.3222 0.3222 0.3662 0.3662
2.2026 0.6327 2.7229 0.4329 0.4329 3.8198 0.3174 0.3174 0.3663 0.3663
2.1268 0.6490 2.6506 0.4523 0.4523 3.8374 0.3139 0.3139 0.3706 0.3706
2.0435 0.6695 2.5954 0.4729 0.4729 3.8439 0.3076 0.3076 0.3728 0.3728
1.9985 0.6760 2.5214 0.4946 0.4946 3.8411 0.3090 0.3090 0.3804 0.3804
1.9489 0.6867 2.4254 0.5136 0.5136 3.9039 0.3097 0.3097 0.3864 0.3864
1.8825 0.6968 2.3563 0.5353 0.5353 3.8983 0.2826 0.2826 0.3699 0.3699
1.8132 0.7136 2.2974 0.5469 0.5469 3.9225 0.2799 0.2799 0.3703 0.3703
1.7662 0.7205 2.2790 0.5651 0.5651 3.9882 0.2729 0.2729 0.3681 0.3681
1.7328 0.7335 2.2046 0.5709 0.5709 3.9486 0.2785 0.2785 0.3744 0.3744
1.6970 0.7399 2.1292 0.5903 0.5903 3.9803 0.2806 0.2806 0.3803 0.3803
1.6415 0.7460 2.0678 0.5953 0.5953 3.9744 0.2625 0.2625 0.3644 0.3644
1.6242 0.7525 2.0449 0.6221 0.6221 3.9934 0.2764 0.2764 0.3827 0.3827
1.5716 0.7686 1.9899 0.6291 0.6291 4.0417 0.2625 0.2625 0.3704 0.3704
1.5394 0.7665 1.9382 0.6391 0.6391 4.0453 0.2646 0.2646 0.3742 0.3742
1.5051 0.7807 1.8897 0.6581 0.6581 4.0729 0.2549 0.2549 0.3674 0.3674
1.4587 0.7939 1.8475 0.6643 0.6643 4.1015 0.2444 0.2444 0.3574 0.3574
1.4349 0.7993 1.8009 0.6760 0.6760 4.0750 0.2472 0.2472 0.3620 0.3620
1.3917 0.8079 1.7845 0.6903 0.6903 4.1201 0.2507 0.2507 0.3678 0.3678
1.3762 0.8082 1.7127 0.6981 0.6981 4.1603 0.2424 0.2424 0.3598 0.3598
1.3465 0.8178 1.6744 0.7062 0.7062 4.1725 0.2403 0.2403 0.3586 0.3586
1.3088 0.8271 1.6488 0.7225 0.7225 4.1482 0.2319 0.2319 0.3512 0.3512
1.2986 0.8281 1.6487 0.7236 0.7236 4.1587 0.2306 0.2306 0.3497 0.3497
1.2486 0.8411 1.5780 0.7380 0.7380 4.2104 0.2181 0.2181 0.3366 0.3366
1.2380 0.8440 1.5486 0.7469 0.7469 4.2234 0.2243 0.2243 0.3450 0.3450
1.2000 0.8505 1.5074 0.7647 0.7647 4.2585 0.2104 0.2104 0.3300 0.3300
1.1769 0.8548 1.4724 0.7643 0.7643 4.2427 0.2167 0.2167 0.3376 0.3376
1.1620 0.8632 1.4483 0.7829 0.7829 4.2621 0.2174 0.2174 0.3403 0.3403
1.1421 0.8628 1.4179 0.7837 0.7837 4.2924 0.2167 0.2167 0.3395 0.3395
1.1138 0.8703 1.4186 0.7884 0.7884 4.2888 0.2167 0.2167 0.3399 0.3399
1.0943 0.8771 1.3517 0.7992 0.7992 4.2946 0.2181 0.2181 0.3426 0.3426
1.0699 0.8797 1.3320 0.8089 0.8089 4.3122 0.2104 0.2104 0.3340 0.3340
1.0582 0.8857 1.3316 0.8116 0.8116 4.3090 0.2104 0.2104 0.3342 0.3342
1.0378 0.8902 1.3196 0.8120 0.8120 4.2961 0.2111 0.2111 0.3351 0.3351
1.0481 0.8828 1.2976 0.8155 0.8155 4.2969 0.2215 0.2215 0.3484 0.3484
1.0441 0.8891 1.3104 0.8178 0.8178 4.2985 0.2146 0.2146 0.3400 0.3400
1.0305 0.8893 1.3005 0.8174 0.8174 4.3007 0.2097 0.2097 0.3338 0.3338
1.0218 0.8950 1.3024 0.8221 0.8221 4.3034 0.2111 0.2111 0.3360 0.3360
1.0300 0.8919 1.3068 0.8194 0.8194 4.3157 0.2132 0.2132 0.3384 0.3384
1.0116 0.8978 1.3082 0.8225 0.8225 4.3113 0.2146 0.2146 0.3404 0.3404
1.0259 0.8940 1.2912 0.8229 0.8229 4.3125 0.2111 0.2111 0.3360 0.3360
1.0200 0.8940 1.2899 0.8252 0.8252 4.3242 0.2104 0.2104 0.3353 0.3353
1.0131 0.8964 1.2753 0.8248 0.8248 4.3221 0.2125 0.2125 0.3379 0.3379
1.0206 0.8932 1.2818 0.8252 0.8252 4.3252 0.2111 0.2111 0.3362 0.3362
1.0222 0.8942 1.2858 0.8275 0.8275 4.3321 0.2069 0.2069 0.3311 0.3311
1.0131 0.8956 1.2813 0.8295 0.8295 4.3359 0.2062 0.2063 0.3304 0.3304
1.0046 0.8967 1.2766 0.8341 0.8341 4.3383 0.2035 0.2035 0.3271 0.3271
1.0036 0.9009 1.2651 0.8322 0.8322 4.3317 0.2056 0.2056 0.3297 0.3297
1.0062 0.8978 1.2348 0.8341 0.8341 4.3433 0.2042 0.2042 0.3280 0.3280
0.9957 0.9016 1.2544 0.8353 0.8353 4.3415 0.2042 0.2042 0.3281 0.3281
0.9966 0.8974 1.2696 0.8384 0.8384 4.3454 0.2076 0.2076 0.3328 0.3328
0.9916 0.8986 1.2583 0.8391 0.8391 4.3459 0.2056 0.2056 0.3302 0.3302
0.9908 0.9033 1.2360 0.8388 0.8388 4.3424 0.2069 0.2069 0.3320 0.3320
0.9979 0.8973 1.2490 0.8388 0.8388 4.3492 0.2076 0.2076 0.3329 0.3329
0.9819 0.9080 1.2405 0.8407 0.8407 4.3557 0.2056 0.2056 0.3303 0.3303
0.9805 0.9048 1.2258 0.8422 0.8422 4.3608 0.2035 0.2035 0.3278 0.3278
0.9752 0.9067 1.2469 0.8391 0.8391 4.3522 0.2000 0.2000 0.3230 0.3230
0.9808 0.9044 1.2205 0.8407 0.8407 4.3550 0.2014 0.2014 0.3249 0.3249
0.9817 0.9041 1.2236 0.8442 0.8442 4.3573 0.2014 0.2014 0.3252 0.3252
0.9819 0.9043 1.2199 0.8426 0.8426 4.3565 0.1986 0.1986 0.3215 0.3215
0.9797 0.9038 1.2323 0.8450 0.8450 4.3640 0.1993 0.1993 0.3225 0.3225
0.9678 0.9089 1.2395 0.8469 0.8469 4.3464 0.1993 0.1993 0.3227 0.3227
0.9720 0.9075 1.2151 0.8481 0.8481 4.3537 0.2007 0.2007 0.3246 0.3246
0.9650 0.9083 1.2035 0.8512 0.8512 4.3623 0.2007 0.2007 0.3248 0.3248
0.9733 0.9066 1.2320 0.8500 0.8500 4.3596 0.2021 0.2021 0.3265 0.3265
0.9660 0.9038 1.1963 0.8500 0.8500 4.3660 0.1986 0.1986 0.3220 0.3220
0.9607 0.9109 1.2266 0.8492 0.8492 4.3703 0.2049 0.2049 0.3301 0.3301
0.9486 0.9117 1.2133 0.8543 0.8543 4.3675 0.2049 0.2049 0.3305 0.3305
0.9631 0.9073 1.2089 0.8531 0.8531 4.3639 0.2000 0.2000 0.3240 0.3240
0.9679 0.9071 1.2050 0.8543 0.8543 4.3696 0.1979 0.1979 0.3214 0.3214
0.9522 0.9134 1.2055 0.8558 0.8558 4.3819 0.1944 0.1944 0.3169 0.3169
0.9535 0.9140 1.1944 0.8574 0.8574 4.3851 0.1965 0.1965 0.3198 0.3198
0.9518 0.9144 1.2004 0.8554 0.8554 4.3797 0.1958 0.1958 0.3187 0.3187
0.9566 0.9060 1.1803 0.8581 0.8581 4.3796 0.2000 0.2000 0.3244 0.3244
0.9475 0.9141 1.1742 0.8585 0.8585 4.3772 0.1986 0.1986 0.3226 0.3226
0.9472 0.9129 1.1641 0.8593 0.8593 4.3854 0.1972 0.1972 0.3208 0.3208
0.9398 0.9142 1.1844 0.8620 0.8620 4.3859 0.1972 0.1972 0.3210 0.3210
0.9376 0.9199 1.1940 0.8612 0.8612 4.3761 0.2007 0.2007 0.3255 0.3255
0.9441 0.9129 1.1829 0.8624 0.8624 4.3716 0.1986 0.1986 0.3229 0.3229
0.9316 0.9207 1.1774 0.8624 0.8624 4.3880 0.2014 0.2014 0.3265 0.3265
0.9311 0.9177 1.1687 0.8628 0.8628 4.3781 0.1986 0.1986 0.3229 0.3229
0.9325 0.9149 1.1612 0.8632 0.8632 4.3741 0.2007 0.2007 0.3257 0.3257
