6.2946 0.0147 6.9358 0.0000 0.0000 5.3428 0.0285 0.0285 0.0000 0.0000
5.4309 0.0703 8.0904 0.0000 0.0000 4.0316 0.1424 0.1424 0.0000 0.0000
4.8714 0.2826 7.4206 0.0000 0.0000 3.6812 0.2764 0.2764 0.0000 0.0000
4.3003 0.4384 7.6024 0.0000 0.0000 2.9994 0.3458 0.3458 0.0000 0.0000
3.7622 0.5209 7.2935 0.0000 0.0000 2.6770 0.3778 0.3778 0.0000 0.0000
3.3062 0.5768 6.9291 0.0004 0.0004 2.4646 0.4097 0.4097 0.0008 0.0008
2.9210 0.6132 6.3725 0.0012 0.0012 2.4417 0.4090 0.4090 0.0023 0.0023
2.6004 0.6309 5.8242 0.0043 0.0043 2.5008 0.4194 0.4194 0.0084 0.0084
2.3483 0.6355 5.3899 0.0124 0.0124 2.5653 0.4160 0.4160 0.0241 0.0241
2.1700 0.6520 5.0085 0.0202 0.0202 2.6158 0.4188 0.4188 0.0385 0.0385
1.9727 0.6549 4.6897 0.0446 0.0446 2.6973 0.4160 0.4160 0.0805 0.0805
1.8312 0.6725 4.3926 0.0667 0.0667 2.7629 0.4201 0.4201 0.1151 0.1151
1.7057 0.6916 4.0951 0.0884 0.0884 2.8518 0.4076 0.4076 0.1453 0.1453
1.5995 0.6997 3.9649 0.1085 0.1085 2.8518 0.4111 0.4111 0.1717 0.1717
1.5197 0.7129 3.7585 0.1434 0.1434 2.9675 0.4007 0.4007 0.2112 0.2112
1.4416 0.7198 3.5114 0.1674 0.1674 3.0285 0.3917 0.3917 0.2346 0.2346
1.3555 0.7291 3.3875 0.1915 0.1915 3.1339 0.3882 0.3882 0.2565 0.2565
1.2884 0.7389 3.3204 0.1988 0.1988 3.1140 0.3785 0.3785 0.2607 0.2607
1.2483 0.7443 3.1390 0.2337 0.2337 3.2334 0.3681 0.3681 0.2859 0.2859
1.1874 0.7493 2.9830 0.2419 0.2419 3.2272 0.3694 0.3694 0.2923 0.2923
1.1327 0.7648 2.9367 0.2659 0.2659 3.3133 0.3597 0.3597 0.3058 0.3058
1.0967 0.7657 2.8818 0.2911 0.2911 3.3612 0.3625 0.3625 0.3229 0.3229
1.0673 0.7759 2.7075 0.3039 0.3039 3.4154 0.3479 0.3479 0.3244 0.3244
1.0414 0.7792 2.6943 0.3163 0.3163 3.4170 0.3528 0.3528 0.3335 0.3335
1.0154 0.7817 2.6593 0.3291 0.3291 3.5065 0.3403 0.3403 0.3346 0.3346
0.9794 0.7882 2.5455 0.3419 0.3419 3.5387 0.3257 0.3257 0.3336 0.3336
0.9532 0.7896 2.4893 0.3477 0.3477 3.5797 0.3292 0.3292 0.3382 0.3382
0.9114 0.8012 2.4121 0.3651 0.3651 3.6231 0.3160 0.3160 0.3388 0.3388
0.8803 0.8077 2.3516 0.3872 0.3872 3.7115 0.3153 0.3153 0.3476 0.3476
0.8742 0.8075 2.3216 0.3872 0.3872 3.7270 0.3118 0.3118 0.3454 0.3454
0.8425 0.8119 2.3031 0.3872 0.3872 3.7447 0.3132 0.3132 0.3463 0.3463
0.8230 0.8176 2.2034 0.4136 0.4136 3.8083 0.3035 0.3035 0.3501 0.3501
0.7991 0.8221 2.1301 0.4209 0.4209 3.8298 0.2951 0.2951 0.3470 0.3470
0.7852 0.8242 2.1422 0.4407 0.4407 3.9119 0.2972 0.2972 0.3550 0.3550
0.7731 0.8270 2.0683 0.4419 0.4419 3.9287 0.2799 0.2799 0.3427 0.3427
0.7602 0.8276 2.0197 0.4488 0.4488 3.9188 0.2868 0.2868 0.3500 0.3500
0.7437 0.8336 1.9785 0.4601 0.4601 3.9736 0.2889 0.2889 0.3549 0.3549
0.7151 0.8387 1.9516 0.4841 0.4841 3.9834 0.2819 0.2819 0.3564 0.3564
0.7183 0.8368 1.8805 0.4814 0.4814 4.0164 0.2778 0.2778 0.3523 0.3523
0.6943 0.8407 1.8788 0.4814 0.4814 4.1083 0.2812 0.2813 0.3551 0.3551
0.6779 0.8435 1.7844 0.5097 0.5097 4.1395 0.2674 0.2674 0.3507 0.3507
0.6511 0.8484 1.8096 0.5109 0.5109 4.1379 0.2694 0.2694 0.3528 0.3528
0.6354 0.8533 1.7432 0.5198 0.5198 4.2277 0.2542 0.2542 0.3414 0.3414
0.6228 0.8550 1.7268 0.5186 0.5186 4.2376 0.2715 0.2715 0.3564 0.3564
0.6253 0.8556 1.7090 0.5310 0.5310 4.2444 0.2514 0.2514 0.3412 0.3412
0.6222 0.8546 1.5979 0.5477 0.5477 4.4165 0.2368 0.2368 0.3306 0.3306
0.6336 0.8524 1.6486 0.5516 0.5516 4.2936 0.2625 0.2625 0.3557 0.3557
0.5964 0.8622 1.5748 0.5531 0.5531 4.3827 0.2417 0.2417 0.3364 0.3364
0.5741 0.8622 1.5683 0.5601 0.5601 4.3408 0.2507 0.2507 0.3464 0.3464
0.5726 0.8655 1.5827 0.5760 0.5760 4.3707 0.2493 0.2493 0.3480 0.3480
0.5816 0.8631 1.5551 0.5872 0.5872 4.3614 0.2507 0.2507 0.3514 0.3514
0.5419 0.8723 1.4386 0.5957 0.5957 4.3265 0.2521 0.2521 0.3543 0.3543
0.5388 0.8732 1.4368 0.6112 0.6112 4.3791 0.2437 0.2438 0.3485 0.3485
0.5017 0.8827 1.3983 0.6136 0.6136 4.4059 0.2396 0.2396 0.3446 0.3446
0.5153 0.8824 1.4252 0.6190 0.6190 4.4052 0.2410 0.2410 0.3469 0.3469
0.4972 0.8868 1.4055 0.6209 0.6209 4.3988 0.2451 0.2451 0.3515 0.3515
0.4939 0.8870 1.3980 0.6178 0.6178 4.4155 0.2424 0.2424 0.3482 0.3482
0.5051 0.8816 1.4338 0.6171 0.6171 4.4171 0.2403 0.2403 0.3459 0.3459
0.5029 0.8857 1.4037 0.6186 0.6186 4.4231 0.2410 0.2410 0.3468 0.3468
0.5087 0.8847 1.3961 0.6194 0.6194 4.4359 0.2389 0.2389 0.3448 0.3448
0.5091 0.8867 1.3997 0.6209 0.6209 4.4544 0.2410 0.2410 0.3472 0.3472
0.4926 0.8844 1.3597 0.6225 0.6225 4.4580 0.2444 0.2444 0.3510 0.3510
0.5037 0.8818 1.4161 0.6194 0.6194 4.4528 0.2431 0.2431 0.3491 0.3491
0.4912 0.8885 1.3650 0.6236 0.6236 4.4518 0.2361 0.2361 0.3425 0.3425
0.4909 0.8880 1.3591 0.6275 0.6275 4.4540 0.2361 0.2361 0.3431 0.3431
0.5007 0.8848 1.3511 0.6291 0.6291 4.4763 0.2403 0.2403 0.3477 0.3477
0.4911 0.8861 1.3640 0.6271 0.6271 4.4822 0.2396 0.2396 0.3467 0.3467
0.4946 0.8849 1.3537 0.6260 0.6260 4.4852 0.2347 0.2347 0.3414 0.3414
0.4841 0.8892 1.3791 0.6233 0.6233 4.4954 0.2354 0.2354 0.3417 0.3417
0.4911 0.8876 1.3390 0.6275 0.6275 4.5067 0.2403 0.2403 0.3475 0.3475
0.4861 0.8863 1.3590 0.6267 0.6267 4.5105 0.2368 0.2368 0.3437 0.3437
0.4775 0.8910 1.3493 0.6298 0.6298 4.4979 0.2424 0.2424 0.3500 0.3500
0.4865 0.8865 1.3334 0.6322 0.6322 4.5026 0.2458 0.2458 0.3540 0.3540
0.4736 0.8915 1.3357 0.6372 0.6372 4.5342 0.2417 0.2417 0.3504 0.3504
0.4641 0.8934 1.3412 0.6341 0.6341 4.5248 0.2340 0.2340 0.3419 0.3419
0.4755 0.8913 1.3001 0.6341 0.6341 4.5169 0.2347 0.2347 0.3426 0.3426
0.4735 0.8926 1.3246 0.6368 0.6368 4.5169 0.2340 0.2340 0.3423 0.3423
0.4673 0.8935 1.3083 0.6360 0.6360 4.5287 0.2368 0.2368 0.3451 0.3451
0.4845 0.8889 1.2645 0.6372 0.6372 4.5500 0.2368 0.2368 0.3453 0.3453
0.4765 0.8917 1.3139 0.6388 0.6388 4.5425 0.2354 0.2354 0.3440 0.3440
0.4585 0.8934 1.3101 0.6442 0.6442 4.5427 0.2368 0.2368 0.3463 0.3463
0.4755 0.8889 1.2902 0.6461 0.6461 4.5716 0.2347 0.2347 0.3443 0.3443
0.4722 0.8923 1.2927 0.6438 0.6438 4.5726 0.2354 0.2354 0.3448 0.3448
0.4732 0.8918 1.3030 0.6407 0.6407 4.5719 0.2333 0.2333 0.3421 0.3421
0.4803 0.8861 1.3171 0.6426 0.6426 4.5754 0.2319 0.2319 0.3409 0.3409
0.4677 0.8922 1.2845 0.6453 0.6453 4.5719 0.2361 0.2361 0.3457 0.3457
0.4681 0.8906 1.2832 0.6422 0.6422 4.5730 0.2340 0.2340 0.3431 0.3431
0.4805 0.8892 1.2789 0.6415 0.6415 4.5776 0.2347 0.2347 0.3437 0.3437
0.4759 0.8853 1.2841 0.6438 0.6438 4.5729 0.2292 0.2292 0.3380 0.3380
0.4482 0.8970 1.2770 0.6415 0.6415 4.5888 0.2333 0.2333 0.3422 0.3422
0.4579 0.8945 1.2730 0.6481 0.6481 4.5835 0.2306 0.2306 0.3401 0.3401
0.4745 0.8875 1.3068 0.6465 0.6465 4.5991 0.2271 0.2271 0.3361 0.3361
0.4589 0.8946 1.2817 0.6500 0.6500 4.6160 0.2326 0.2326 0.3426 0.3426
0.4632 0.8910 1.2716 0.6496 0.6496 4.6261 0.2257 0.2257 0.3350 0.3350
0.4396 0.8979 1.2660 0.6516 0.6516 4.6114 0.2299 0.2299 0.3398 0.3398
0.4522 0.8986 1.2912 0.6574 0.6574 4.5990 0.2264 0.2264 0.3368 0.3368
0.4453 0.8963 1.2473 0.6578 0.6578 4.6088 0.2313 0.2313 0.3422 0.3422
0.4755 0.8885 1.2299 0.6547 0.6547 4.6226 0.2319 0.2319 0.3425 0.3425
0.4481 0.8978 1.2489 0.6488 0.6488 4.6291 0.2285 0.2285 0.3379 0.3379
0.4535 0.8953 1.2754 0.6484 0.6484 4.6205 0.2271 0.2271 0.3364 0.3364
