6.2915 0.0121 6.9782 0.0000 0.0000 5.3233 0.0271 0.0271 0.0000 0.0000
5.4097 0.0778 8.0841 0.0000 0.0000 4.0435 0.1528 0.1528 0.0000 0.0000
4.8584 0.2511 7.4260 0.0000 0.0000 3.7131 0.2646 0.2646 0.0000 0.0000
4.3229 0.4349 7.5967 0.0000 0.0000 3.0812 0.3438 0.3437 0.0000 0.0000
3.8101 0.5286 7.2140 0.0000 0.0000 2.7498 0.3861 0.3861 0.0000 0.0000
3.3474 0.5866 6.8765 0.0000 0.0000 2.5473 0.3951 0.3951 0.0000 0.0000
2.9412 0.6119 6.3374 0.0008 0.0008 2.5262 0.4083 0.4083 0.0015 0.0015
2.6172 0.6287 5.9085 0.0043 0.0043 2.5223 0.4229 0.4229 0.0084 0.0084
2.3401 0.6412 5.4161 0.0116 0.0116 2.6036 0.4250 0.4250 0.0226 0.0226
2.1541 0.6433 4.9904 0.0267 0.0267 2.6735 0.4243 0.4243 0.0503 0.0503
1.9727 0.6662 4.6424 0.0450 0.0450 2.7758 0.4299 0.4299 0.0814 0.0814
1.8366 0.6748 4.4209 0.0659 0.0659 2.8086 0.4153 0.4153 0.1137 0.1137
1.6859 0.6894 4.2399 0.0810 0.0810 2.8548 0.4174 0.4174 0.1357 0.1357
1.6201 0.7013 3.8569 0.1147 0.1147 3.0130 0.4014 0.4014 0.1785 0.1785
1.5046 0.7119 3.7525 0.1391 0.1391 3.0027 0.4160 0.4160 0.2085 0.2085
1.4134 0.7240 3.5027 0.1729 0.1729 3.1147 0.3931 0.3931 0.2401 0.2401
1.3602 0.7316 3.4034 0.1868 0.1868 3.1540 0.3806 0.3806 0.2506 0.2506
1.3099 0.7333 3.2311 0.2062 0.2062 3.2496 0.3764 0.3764 0.2664 0.2664
1.2529 0.7419 3.1908 0.2279 0.2279 3.2835 0.3743 0.3743 0.2833 0.2833
1.1903 0.7568 3.0573 0.2422 0.2422 3.3375 0.3708 0.3708 0.2931 0.2931
1.1275 0.7658 2.9814 0.2547 0.2547 3.3292 0.3625 0.3625 0.2992 0.2992
1.1128 0.7666 2.9371 0.2864 0.2864 3.4746 0.3500 0.3500 0.3150 0.3150
1.0715 0.7744 2.8233 0.2876 0.2876 3.4712 0.3444 0.3444 0.3135 0.3135
1.0416 0.7775 2.7704 0.3074 0.3074 3.5555 0.3507 0.3507 0.3276 0.3276
0.9903 0.7836 2.6902 0.3143 0.3143 3.6084 0.3382 0.3382 0.3258 0.3258
1.0016 0.7869 2.5602 0.3465 0.3465 3.6826 0.3299 0.3299 0.3380 0.3380
0.9403 0.7990 2.5050 0.3550 0.3550 3.6900 0.3271 0.3271 0.3405 0.3405
0.9165 0.8005 2.4647 0.3558 0.3558 3.7008 0.3312 0.3313 0.3431 0.3431
0.9036 0.8006 2.3621 0.3783 0.3783 3.7565 0.3167 0.3167 0.3447 0.3447
0.8725 0.8102 2.3808 0.3814 0.3814 3.9076 0.2965 0.2965 0.3336 0.3336
0.8501 0.8091 2.2664 0.3922 0.3922 3.8195 0.3167 0.3167 0.3504 0.3504
0.8286 0.8221 2.2887 0.4089 0.4089 3.8254 0.3028 0.3028 0.3479 0.3479
0.8054 0.8197 2.1962 0.4271 0.4271 3.9341 0.3035 0.3035 0.3548 0.3548
0.7676 0.8271 2.1856 0.4252 0.4252 3.9447 0.3069 0.3069 0.3565 0.3565
0.7733 0.8258 2.0748 0.4368 0.4368 3.9997 0.2826 0.2826 0.3432 0.3432
0.7539 0.8290 2.0292 0.4461 0.4461 4.0597 0.2826 0.2826 0.3460 0.3460
0.7410 0.8341 2.0522 0.4531 0.4531 4.0150 0.2903 0.2903 0.3539 0.3539
0.6957 0.8395 2.0086 0.4826 0.4826 4.1179 0.2951 0.2951 0.3663 0.3663
0.7177 0.8367 1.9714 0.4686 0.4686 4.1213 0.2694 0.2694 0.3422 0.3422
0.6967 0.8431 1.9223 0.4957 0.4957 4.2070 0.2882 0.2882 0.3645 0.3645
0.7072 0.8425 1.8634 0.5043 0.5043 4.2110 0.2597 0.2597 0.3429 0.3429
0.6703 0.8454 1.8519 0.5062 0.5062 4.2726 0.2611 0.2611 0.3445 0.3445
0.6734 0.8468 1.7678 0.5116 0.5116 4.2476 0.2743 0.2743 0.3571 0.3571
0.6583 0.8470 1.7271 0.5240 0.5240 4.3083 0.2687 0.2688 0.3553 0.3553
0.6366 0.8501 1.7277 0.5163 0.5163 4.3536 0.2639 0.2639 0.3493 0.3493
0.6047 0.8603 1.8013 0.5271 0.5271 4.2869 0.2625 0.2625 0.3505 0.3505
0.6259 0.8541 1.6868 0.5527 0.5527 4.4226 0.2431 0.2431 0.3376 0.3376
0.5837 0.8633 1.6833 0.5535 0.5535 4.3979 0.2556 0.2556 0.3497 0.3497
0.5730 0.8651 1.6045 0.5585 0.5585 4.4438 0.2569 0.2569 0.3520 0.3520
0.5516 0.8708 1.5918 0.5686 0.5686 4.4708 0.2444 0.2444 0.3419 0.3419
0.5675 0.8715 1.5298 0.5767 0.5767 4.4426 0.2486 0.2486 0.3475 0.3475
0.5368 0.8741 1.5312 0.5884 0.5884 4.4177 0.2507 0.2507 0.3516 0.3516
0.5256 0.8809 1.4809 0.5992 0.5992 4.4372 0.2472 0.2472 0.3500 0.3500
0.5174 0.8840 1.4453 0.6050 0.6050 4.4750 0.2493 0.2493 0.3531 0.3531
0.5263 0.8813 1.4852 0.6101 0.6101 4.4917 0.2458 0.2458 0.3505 0.3505
0.5129 0.8854 1.4528 0.6151 0.6151 4.5097 0.2479 0.2479 0.3534 0.3534
0.5137 0.8834 1.4014 0.6147 0.6147 4.4994 0.2500 0.2500 0.3554 0.3554
0.5058 0.8823 1.4510 0.6151 0.6151 4.4758 0.2514 0.2514 0.3569 0.3569
0.5046 0.8852 1.4035 0.6112 0.6112 4.4988 0.2479 0.2479 0.3528 0.3528
0.5110 0.8828 1.4034 0.6155 0.6155 4.5203 0.2444 0.2444 0.3499 0.3499
0.5015 0.8854 1.3759 0.6167 0.6167 4.5511 0.2396 0.2396 0.3451 0.3451
0.5001 0.8872 1.4574 0.6163 0.6163 4.5417 0.2375 0.2375 0.3429 0.3429
0.5085 0.8862 1.3822 0.6143 0.6143 4.5473 0.2451 0.2451 0.3504 0.3504
0.4997 0.8865 1.4330 0.6128 0.6128 4.5483 0.2472 0.2472 0.3523 0.3523
0.4941 0.8861 1.4336 0.6136 0.6136 4.5248 0.2486 0.2486 0.3538 0.3538
0.5022 0.8841 1.3710 0.6171 0.6171 4.5354 0.2479 0.2479 0.3537 0.3537
0.4975 0.8894 1.4139 0.6186 0.6186 4.5320 0.2493 0.2493 0.3554 0.3554
0.4931 0.8837 1.4116 0.6205 0.6205 4.5617 0.2472 0.2472 0.3536 0.3536
0.5124 0.8820 1.4247 0.6229 0.6229 4.5847 0.2396 0.2396 0.3461 0.3461
0.4972 0.8893 1.3709 0.6225 0.6225 4.5789 0.2375 0.2375 0.3438 0.3438
0.5074 0.8844 1.3510 0.6244 0.6244 4.5826 0.2375 0.2375 0.3441 0.3441
0.4959 0.8855 1.4274 0.6209 0.6209 4.5754 0.2424 0.2424 0.3486 0.3486
0.4965 0.8844 1.3921 0.6202 0.6202 4.5897 0.2424 0.2424 0.3485 0.3485
0.4692 0.8945 1.4037 0.6174 0.6174 4.5867 0.2389 0.2389 0.3445 0.3445
0.4942 0.8864 1.4420 0.6236 0.6236 4.5865 0.2361 0.2361 0.3425 0.3425
0.5005 0.8834 1.3361 0.6291 0.6291 4.5949 0.2382 0.2382 0.3455 0.3455
0.4729 0.8917 1.4001 0.6302 0.6302 4.6097 0.2403 0.2403 0.3479 0.3479
0.4906 0.8882 1.3638 0.6302 0.6302 4.6020 0.2382 0.2382 0.3457 0.3457
0.4791 0.8919 1.3710 0.6314 0.6314 4.5957 0.2285 0.2285 0.3355 0.3355
0.4932 0.8880 1.3862 0.6329 0.6329 4.6030 0.2306 0.2306 0.3380 0.3380
0.4892 0.8882 1.3699 0.6318 0.6318 4.6171 0.2347 0.2347 0.3423 0.3423
0.4886 0.8888 1.3601 0.6283 0.6283 4.6034 0.2340 0.2340 0.3410 0.3410
0.4862 0.8899 1.3590 0.6302 0.6302 4.6002 0.2326 0.2326 0.3398 0.3398
0.4843 0.8896 1.3218 0.6333 0.6333 4.6070 0.2382 0.2382 0.3462 0.3462
0.4846 0.8909 1.3257 0.6357 0.6357 4.6168 0.2389 0.2389 0.3473 0.3473
0.4725 0.8903 1.3406 0.6368 0.6368 4.6265 0.2347 0.2347 0.3430 0.3430
0.4561 0.8936 1.3199 0.6353 0.6353 4.6336 0.2319 0.2319 0.3398 0.3398
0.4741 0.8908 1.3581 0.6349 0.6349 4.6290 0.2347 0.2347 0.3427 0.3427
0.4691 0.8934 1.3181 0.6345 0.6345 4.6292 0.2347 0.2347 0.3427 0.3427
0.4750 0.8931 1.3340 0.6349 0.6349 4.6597 0.2306 0.2306 0.3383 0.3383
0.4659 0.8942 1.3264 0.6318 0.6318 4.6552 0.2319 0.2319 0.3393 0.3393
0.4492 0.8939 1.3189 0.6337 0.6337 4.6597 0.2333 0.2333 0.3411 0.3411
0.4570 0.8940 1.3106 0.6368 0.6368 4.6439 0.2347 0.2347 0.3430 0.3430
0.4841 0.8870 1.3140 0.6380 0.6380 4.6716 0.2292 0.2292 0.3372 0.3372
0.4623 0.8942 1.2979 0.6419 0.6419 4.6693 0.2292 0.2292 0.3377 0.3377
0.4699 0.8959 1.3865 0.6384 0.6384 4.6960 0.2306 0.2306 0.3388 0.3388
0.4736 0.8932 1.3006 0.6415 0.6415 4.6746 0.2278 0.2278 0.3362 0.3362
0.4833 0.8880 1.3023 0.6446 0.6446 4.6805 0.2299 0.2299 0.3389 0.3389
0.4639 0.8947 1.3188 0.6450 0.6450 4.6871 0.2292 0.2292 0.3382 0.3382
0.4607 0.8940 1.2340 0.6457 0.6457 4.7041 0.2264 0.2264 0.3352 0.3352
