6.0970 0.0209 7.2856 0.0000 0.0000 4.9771 0.0382 0.0382 0.0000 0.0000
4.9836 0.1374 8.9593 0.0000 0.0000 3.8011 0.1806 0.1806 0.0000 0.0000
4.3689 0.3484 8.0240 0.0000 0.0000 3.4352 0.2646 0.2646 0.0000 0.0000
3.7693 0.4866 8.3140 0.0000 0.0000 2.8665 0.3181 0.3181 0.0000 0.0000
3.2153 0.6082 8.1113 0.0000 0.0000 2.5370 0.3729 0.3729 0.0000 0.0000
2.7607 0.6724 7.7032 0.0000 0.0000 2.3747 0.3875 0.3875 0.0000 0.0000
2.4365 0.7018 7.3279 0.0000 0.0000 2.3406 0.3924 0.3924 0.0000 0.0000
2.1470 0.7233 6.8329 0.0000 0.0000 2.3445 0.4125 0.4125 0.0000 0.0000
1.9656 0.7344 6.3994 0.0016 0.0016 2.3971 0.4208 0.4208 0.0031 0.0031
1.7950 0.7432 6.0402 0.0043 0.0043 2.4796 0.4174 0.4174 0.0084 0.0084
1.6557 0.7516 5.8314 0.0085 0.0085 2.5199 0.4181 0.4181 0.0167 0.0167
1.5437 0.7631 5.3848 0.0186 0.0186 2.6043 0.4229 0.4229 0.0356 0.0356
1.4599 0.7688 5.1729 0.0248 0.0248 2.6446 0.4243 0.4243 0.0469 0.0469
1.3867 0.7685 4.8667 0.0349 0.0349 2.7283 0.4222 0.4222 0.0644 0.0644
1.2885 0.7808 4.6349 0.0519 0.0519 2.7863 0.4181 0.4181 0.0924 0.0924
1.2378 0.7868 4.4146 0.0764 0.0764 2.8600 0.4090 0.4090 0.1287 0.1287
1.1592 0.7915 4.2263 0.0934 0.0934 2.9017 0.4174 0.4174 0.1527 0.1527
1.1019 0.8009 4.1154 0.1058 0.1058 2.9697 0.4111 0.4111 0.1683 0.1683
1.0596 0.8019 3.9418 0.1213 0.1213 3.0578 0.4007 0.4007 0.1862 0.1862
1.0247 0.8117 3.7227 0.1333 0.1333 3.1056 0.3931 0.3931 0.1991 0.1991
0.9677 0.8146 3.6701 0.1539 0.1539 3.1371 0.3868 0.3868 0.2202 0.2202
0.9453 0.8153 3.5927 0.1663 0.1663 3.2040 0.3937 0.3938 0.2338 0.2338
0.9222 0.8217 3.4946 0.1814 0.1814 3.2112 0.3861 0.3861 0.2468 0.2468
0.8694 0.8298 3.3546 0.2000 0.2000 3.3391 0.3722 0.3722 0.2602 0.2602
0.8455 0.8328 3.2191 0.2236 0.2236 3.3871 0.3674 0.3674 0.2780 0.2780
0.8170 0.8376 3.2262 0.2225 0.2225 3.3540 0.3701 0.3701 0.2779 0.2779
0.7859 0.8453 3.0522 0.2395 0.2395 3.4648 0.3715 0.3715 0.2913 0.2913
0.7607 0.8442 3.0883 0.2500 0.2500 3.5051 0.3528 0.3528 0.2926 0.2926
0.7636 0.8464 2.9910 0.2628 0.2628 3.5430 0.3549 0.3549 0.3020 0.3020
0.7140 0.8503 2.9645 0.2760 0.2760 3.5813 0.3535 0.3535 0.3099 0.3099
0.7244 0.8502 2.7921 0.2961 0.2961 3.6546 0.3507 0.3507 0.3211 0.3211
0.7080 0.8506 2.7214 0.3043 0.3043 3.6426 0.3444 0.3444 0.3231 0.3231
0.6885 0.8539 2.7014 0.3085 0.3085 3.6590 0.3361 0.3361 0.3217 0.3217
0.6705 0.8602 2.6733 0.3256 0.3256 3.8063 0.3250 0.3250 0.3253 0.3253
0.6679 0.8622 2.5838 0.3473 0.3473 3.7995 0.3208 0.3208 0.3335 0.3335
0.6400 0.8644 2.5291 0.3519 0.3519 3.7903 0.3340 0.3340 0.3427 0.3427
0.6369 0.8643 2.6005 0.3496 0.3496 3.8281 0.3375 0.3375 0.3434 0.3434
0.6242 0.8634 2.4709 0.3651 0.3651 3.8890 0.3056 0.3056 0.3327 0.3327
0.6069 0.8699 2.3604 0.3868 0.3868 3.9557 0.3187 0.3188 0.3495 0.3495
0.6010 0.8741 2.4122 0.3787 0.3787 3.9739 0.3250 0.3250 0.3498 0.3498
0.5598 0.8744 2.2948 0.3911 0.3911 3.9710 0.3083 0.3083 0.3448 0.3448
0.5636 0.8780 2.2695 0.3973 0.3973 4.0157 0.3083 0.3083 0.3472 0.3472
0.5649 0.8786 2.2719 0.4019 0.4019 4.0786 0.2903 0.2903 0.3371 0.3371
0.5453 0.8779 2.1839 0.4105 0.4105 4.1041 0.2993 0.2993 0.3462 0.3462
0.5529 0.8811 2.1994 0.4151 0.4151 4.0883 0.3042 0.3042 0.3511 0.3511
0.5388 0.8808 2.1815 0.4279 0.4279 4.1138 0.2972 0.2972 0.3508 0.3508
0.5175 0.8833 2.0641 0.4469 0.4469 4.2189 0.2847 0.2847 0.3478 0.3478
0.5137 0.8862 2.0740 0.4322 0.4322 4.1896 0.2917 0.2917 0.3483 0.3483
0.4990 0.8878 2.0661 0.4488 0.4488 4.2558 0.2979 0.2979 0.3581 0.3581
0.4885 0.8914 2.0690 0.4500 0.4500 4.2216 0.2861 0.2861 0.3498 0.3498
0.4906 0.8893 1.9706 0.4585 0.4585 4.2275 0.2792 0.2792 0.3470 0.3470
0.4820 0.8902 1.9910 0.4717 0.4717 4.2326 0.2792 0.2792 0.3508 0.3508
0.4680 0.8931 1.9102 0.4837 0.4837 4.2579 0.2722 0.2722 0.3484 0.3484
0.4508 0.8986 1.8810 0.4996 0.4996 4.2868 0.2701 0.2701 0.3507 0.3507
0.4363 0.9020 1.8326 0.4984 0.4984 4.2778 0.2785 0.2785 0.3573 0.3573
0.4448 0.8987 1.8411 0.4996 0.4996 4.2667 0.2819 0.2819 0.3605 0.3605
0.4344 0.8983 1.8435 0.5093 0.5093 4.2588 0.2854 0.2854 0.3658 0.3658
0.4262 0.9005 1.7744 0.5089 0.5089 4.2758 0.2826 0.2826 0.3634 0.3634
0.4395 0.8997 1.7641 0.5132 0.5132 4.2850 0.2771 0.2771 0.3599 0.3599
0.4304 0.8995 1.7953 0.5171 0.5171 4.3266 0.2743 0.2743 0.3584 0.3584
0.4329 0.9023 1.7382 0.5163 0.5163 4.3436 0.2743 0.2743 0.3583 0.3583
0.4333 0.9041 1.7958 0.5147 0.5147 4.3165 0.2778 0.2778 0.3608 0.3608
0.4337 0.9016 1.7915 0.5112 0.5112 4.3399 0.2757 0.2757 0.3582 0.3582
0.4321 0.9014 1.7445 0.5178 0.5178 4.3319 0.2743 0.2743 0.3586 0.3586
0.4359 0.9023 1.7448 0.5171 0.5171 4.3414 0.2729 0.2729 0.3573 0.3573
0.4273 0.9009 1.7772 0.5155 0.5155 4.3441 0.2743 0.2743 0.3581 0.3581
0.4230 0.9029 1.7777 0.5202 0.5202 4.3518 0.2764 0.2764 0.3610 0.3610
0.4079 0.9056 1.7601 0.5213 0.5213 4.3506 0.2792 0.2792 0.3636 0.3636
0.4296 0.9013 1.7527 0.5248 0.5248 4.3556 0.2792 0.2792 0.3645 0.3645
0.4067 0.9067 1.7543 0.5217 0.5217 4.3528 0.2771 0.2771 0.3619 0.3619
0.4154 0.9038 1.7744 0.5236 0.5236 4.3492 0.2778 0.2778 0.3630 0.3630
0.4205 0.9063 1.7170 0.5244 0.5244 4.3531 0.2750 0.2750 0.3608 0.3608
0.4250 0.9003 1.7615 0.5314 0.5314 4.3812 0.2708 0.2708 0.3588 0.3588
0.4215 0.9044 1.7006 0.5260 0.5260 4.3832 0.2687 0.2688 0.3557 0.3557
0.4002 0.9105 1.7315 0.5264 0.5264 4.3735 0.2722 0.2722 0.3589 0.3589
0.4212 0.9048 1.7476 0.5298 0.5298 4.3715 0.2722 0.2722 0.3597 0.3597
0.4108 0.9027 1.7011 0.5283 0.5283 4.3909 0.2736 0.2736 0.3605 0.3605
0.4153 0.9063 1.7421 0.5345 0.5345 4.4091 0.2681 0.2681 0.3570 0.3570
0.4081 0.9082 1.7641 0.5333 0.5333 4.4014 0.2708 0.2708 0.3592 0.3592
0.4109 0.9080 1.7831 0.5291 0.5291 4.4183 0.2722 0.2722 0.3595 0.3595
0.4078 0.9059 1.7524 0.5271 0.5271 4.4075 0.2729 0.2729 0.3596 0.3596
0.4118 0.9047 1.7301 0.5236 0.5236 4.4116 0.2743 0.2743 0.3600 0.3600
0.4161 0.9060 1.7101 0.5329 0.5329 4.4333 0.2681 0.2681 0.3567 0.3567
0.4227 0.9066 1.6808 0.5364 0.5364 4.4236 0.2694 0.2694 0.3587 0.3587
0.4073 0.9062 1.7015 0.5326 0.5326 4.4178 0.2687 0.2688 0.3572 0.3572
0.4263 0.9039 1.6934 0.5364 0.5364 4.4624 0.2646 0.2646 0.3544 0.3544
0.4149 0.9060 1.6856 0.5388 0.5388 4.4538 0.2611 0.2611 0.3517 0.3517
0.3929 0.9117 1.7523 0.5388 0.5388 4.4450 0.2667 0.2667 0.3568 0.3568
0.3993 0.9089 1.6840 0.5333 0.5333 4.4534 0.2743 0.2743 0.3623 0.3623
0.4162 0.9036 1.7209 0.5357 0.5357 4.4672 0.2736 0.2736 0.3622 0.3622
0.4041 0.9052 1.6524 0.5384 0.5384 4.4709 0.2632 0.2632 0.3535 0.3535
0.4001 0.9087 1.6445 0.5442 0.5442 4.4901 0.2660 0.2660 0.3573 0.3573
0.4121 0.9082 1.6932 0.5469 0.5469 4.4669 0.2687 0.2688 0.3604 0.3604
0.3987 0.9081 1.6746 0.5376 0.5376 4.4454 0.2715 0.2715 0.3608 0.3608
0.4071 0.9041 1.6513 0.5422 0.5422 4.4536 0.2687 0.2688 0.3594 0.3594
0.3965 0.9119 1.6493 0.5469 0.5469 4.4641 0.2639 0.2639 0.3560 0.3560
0.4119 0.9063 1.6673 0.5496 0.5496 4.4463 0.2660 0.2660 0.3585 0.3585
0.4108 0.9071 1.7108 0.5512 0.5512 4.4744 0.2674 0.2674 0.3601 0.3601
0.4012 0.9070 1.6411 0.5512 0.5512 4.4759 0.2646 0.2646 0.3575 0.3575
0.4031 0.9065 1.6131 0.5477 0.5477 4.4822 0.2681 0.2681 0.3599 0.3599
