6.3150 0.0156 6.9069 0.0000 0.0000 5.3087 0.0215 0.0215 0.0000 0.0000
5.6462 0.0920 7.4794 0.0000 0.0000 4.1540 0.1549 0.1549 0.0000 0.0000
5.1657 0.2591 7.0617 0.0000 0.0000 3.7960 0.2597 0.2597 0.0000 0.0000
4.6924 0.3614 6.9857 0.0000 0.0000 3.1995 0.3292 0.3292 0.0000 0.0000
4.1856 0.4545 6.6268 0.0000 0.0000 2.8550 0.3778 0.3778 0.0000 0.0000
3.6879 0.4935 6.1143 0.0004 0.0004 2.6683 0.3889 0.3889 0.0008 0.0008
3.2372 0.5145 5.5251 0.0066 0.0066 2.6333 0.4090 0.4090 0.0130 0.0130
2.8551 0.5357 4.9531 0.0221 0.0221 2.7074 0.4132 0.4132 0.0419 0.0419
2.5623 0.5526 4.5358 0.0492 0.0492 2.7632 0.4021 0.4021 0.0877 0.0877
2.3601 0.5689 4.2342 0.0682 0.0682 2.8384 0.4111 0.4111 0.1170 0.1170
2.1434 0.5859 3.8730 0.1120 0.1120 2.9211 0.4049 0.4049 0.1755 0.1755
1.9860 0.6040 3.6339 0.1477 0.1477 3.0171 0.3771 0.3771 0.2122 0.2122
1.8630 0.6229 3.4222 0.1764 0.1764 3.1151 0.3667 0.3667 0.2382 0.2382
1.7546 0.6357 3.2885 0.1953 0.1953 3.1507 0.3660 0.3660 0.2547 0.2547
1.6422 0.6542 3.1128 0.2318 0.2318 3.1877 0.3535 0.3535 0.2800 0.2800
1.5665 0.6644 3.0112 0.2620 0.2620 3.2939 0.3396 0.3396 0.2958 0.2958
1.4921 0.6823 2.8789 0.2736 0.2736 3.3164 0.3500 0.3500 0.3071 0.3071
1.4331 0.6926 2.7093 0.3070 0.3070 3.4322 0.3187 0.3188 0.3128 0.3128
1.3833 0.6974 2.7032 0.3155 0.3155 3.4319 0.3139 0.3139 0.3147 0.3147
1.2976 0.7125 2.6555 0.3306 0.3306 3.4474 0.3201 0.3201 0.3253 0.3253
1.2768 0.7216 2.4662 0.3492 0.3492 3.5624 0.3097 0.3097 0.3283 0.3283
1.2114 0.7278 2.4320 0.3651 0.3651 3.5960 0.3028 0.3028 0.3310 0.3310
1.1885 0.7287 2.3201 0.3733 0.3733 3.6743 0.2903 0.2903 0.3266 0.3266
1.1774 0.7363 2.2972 0.3977 0.3977 3.7074 0.2944 0.2944 0.3384 0.3384
1.1182 0.7458 2.2082 0.4012 0.4012 3.7422 0.2931 0.2931 0.3387 0.3387
1.1103 0.7476 2.2391 0.4202 0.4202 3.8311 0.2882 0.2882 0.3419 0.3419
1.0409 0.7659 2.0996 0.4457 0.4457 3.8014 0.2785 0.2785 0.3428 0.3428
1.0036 0.7713 2.0413 0.4519 0.4519 3.8930 0.2729 0.2729 0.3403 0.3403
1.0001 0.7711 2.0940 0.4535 0.4535 3.9187 0.2646 0.2646 0.3342 0.3342
0.9879 0.7712 1.9373 0.4678 0.4678 3.9405 0.2687 0.2688 0.3414 0.3414
0.9496 0.7811 1.9453 0.4795 0.4795 3.9809 0.2611 0.2611 0.3381 0.3381
0.9209 0.7863 1.8726 0.4891 0.4891 4.0386 0.2556 0.2556 0.3357 0.3357
0.8944 0.7929 1.8830 0.5050 0.5050 4.0915 0.2375 0.2375 0.3231 0.3231
0.8459 0.8006 1.8418 0.4926 0.4926 4.0374 0.2674 0.2674 0.3466 0.3466
0.8576 0.7989 1.7477 0.5112 0.5112 4.1640 0.2458 0.2458 0.3320 0.3320
0.8294 0.8046 1.7176 0.5236 0.5236 4.1298 0.2472 0.2472 0.3359 0.3359
0.8321 0.8060 1.6902 0.5310 0.5310 4.2084 0.2354 0.2354 0.3262 0.3262
0.8095 0.8106 1.6425 0.5492 0.5492 4.2713 0.2229 0.2229 0.3171 0.3171
0.7831 0.8188 1.5771 0.5554 0.5554 4.2804 0.2347 0.2347 0.3300 0.3300
0.7598 0.8220 1.5856 0.5612 0.5612 4.3226 0.2285 0.2285 0.3247 0.3247
0.7629 0.8179 1.5202 0.5837 0.5837 4.3167 0.2368 0.2368 0.3369 0.3369
0.7205 0.8349 1.5286 0.5829 0.5829 4.3942 0.2250 0.2250 0.3247 0.3247
0.7085 0.8323 1.4975 0.5922 0.5922 4.4042 0.2215 0.2215 0.3224 0.3224
0.7123 0.8368 1.4481 0.6047 0.6047 4.4062 0.2333 0.2333 0.3367 0.3367
0.6888 0.8391 1.3846 0.6155 0.6155 4.4702 0.2181 0.2181 0.3220 0.3220
0.6750 0.8419 1.3959 0.6171 0.6171 4.4501 0.2271 0.2271 0.3320 0.3320
0.6621 0.8463 1.3527 0.6349 0.6349 4.4456 0.2243 0.2243 0.3315 0.3315
0.6511 0.8473 1.3251 0.6353 0.6353 4.5028 0.2250 0.2250 0.3323 0.3323
0.6456 0.8477 1.3031 0.6500 0.6500 4.5513 0.2153 0.2153 0.3234 0.3234
0.6209 0.8541 1.2474 0.6504 0.6504 4.5498 0.2104 0.2104 0.3180 0.3180
0.5980 0.8597 1.2314 0.6671 0.6671 4.5243 0.2097 0.2097 0.3191 0.3191
0.5871 0.8672 1.1771 0.6798 0.6798 4.5209 0.2097 0.2097 0.3206 0.3206
0.5776 0.8692 1.1696 0.6868 0.6868 4.5532 0.2056 0.2056 0.3164 0.3164
0.5579 0.8762 1.1813 0.6950 0.6950 4.5700 0.2083 0.2083 0.3206 0.3206
0.5734 0.8696 1.1369 0.6977 0.6977 4.5773 0.2021 0.2021 0.3134 0.3134
0.5466 0.8773 1.1526 0.6973 0.6973 4.5655 0.2042 0.2042 0.3159 0.3159
0.5556 0.8752 1.1601 0.7004 0.7004 4.5599 0.2104 0.2104 0.3236 0.3236
0.5725 0.8691 1.1188 0.7027 0.7027 4.5763 0.2118 0.2118 0.3255 0.3255
0.5580 0.8758 1.1688 0.7031 0.7031 4.5857 0.2090 0.2090 0.3223 0.3223
0.5599 0.8739 1.1464 0.7074 0.7074 4.5777 0.2083 0.2083 0.3219 0.3219
0.5489 0.8782 1.1666 0.7058 0.7058 4.6007 0.2062 0.2063 0.3192 0.3192
0.5483 0.8795 1.1201 0.7066 0.7066 4.6111 0.2083 0.2083 0.3218 0.3218
0.5466 0.8739 1.1068 0.7147 0.7147 4.6209 0.2111 0.2111 0.3259 0.3259
0.5485 0.8758 1.1201 0.7143 0.7143 4.6085 0.2104 0.2104 0.3251 0.3251
0.5506 0.8759 1.1179 0.7140 0.7140 4.6119 0.2132 0.2132 0.3283 0.3283
0.5381 0.8771 1.0992 0.7163 0.7163 4.6179 0.2118 0.2118 0.3269 0.3269
0.5528 0.8732 1.0949 0.7155 0.7155 4.6406 0.2056 0.2056 0.3194 0.3194
0.5418 0.8800 1.0677 0.7178 0.7178 4.6453 0.2035 0.2035 0.3171 0.3171
0.5318 0.8837 1.1608 0.7147 0.7147 4.6453 0.2049 0.2049 0.3184 0.3184
0.5301 0.8841 1.1408 0.7143 0.7143 4.6303 0.2062 0.2063 0.3201 0.3201
0.5231 0.8840 1.1072 0.7151 0.7151 4.6202 0.2090 0.2090 0.3235 0.3235
0.5534 0.8731 1.0779 0.7140 0.7140 4.6548 0.2062 0.2063 0.3200 0.3200
0.5440 0.8783 1.0917 0.7186 0.7186 4.6455 0.2042 0.2042 0.3180 0.3180
0.5256 0.8792 1.0948 0.7225 0.7225 4.6413 0.2049 0.2049 0.3192 0.3192
0.5256 0.8835 1.0518 0.7244 0.7244 4.6400 0.2076 0.2076 0.3228 0.3228
0.5072 0.8837 1.0935 0.7202 0.7202 4.6553 0.2104 0.2104 0.3257 0.3257
0.5398 0.8785 1.0995 0.7194 0.7194 4.6718 0.2069 0.2069 0.3214 0.3214
0.5130 0.8863 1.0429 0.7225 0.7225 4.6860 0.2035 0.2035 0.3175 0.3175
0.5260 0.8830 1.0612 0.7171 0.7171 4.6804 0.2056 0.2056 0.3195 0.3195
0.5235 0.8863 1.0969 0.7236 0.7236 4.6792 0.2049 0.2049 0.3193 0.3193
0.5229 0.8842 1.0627 0.7236 0.7236 4.7004 0.2035 0.2035 0.3176 0.3176
0.5344 0.8798 1.1087 0.7225 0.7225 4.6973 0.2035 0.2035 0.3175 0.3175
0.5109 0.8874 1.0611 0.7248 0.7248 4.7007 0.2049 0.2049 0.3194 0.3194
0.5158 0.8853 1.0546 0.7275 0.7275 4.7198 0.2035 0.2035 0.3180 0.3180
0.5069 0.8887 1.0666 0.7291 0.7291 4.6981 0.2028 0.2028 0.3173 0.3173
0.5227 0.8839 1.0346 0.7264 0.7264 4.6993 0.2035 0.2035 0.3179 0.3179
0.5105 0.8857 1.0492 0.7298 0.7298 4.7044 0.2069 0.2069 0.3225 0.3225
0.5098 0.8854 1.0711 0.7318 0.7318 4.7128 0.2014 0.2014 0.3159 0.3159
0.5069 0.8896 1.0730 0.7298 0.7298 4.7179 0.2014 0.2014 0.3157 0.3157
0.5100 0.8857 1.0501 0.7326 0.7326 4.7162 0.2035 0.2035 0.3185 0.3185
0.5171 0.8844 1.0411 0.7318 0.7318 4.7256 0.1986 0.1986 0.3124 0.3124
0.4984 0.8884 1.0282 0.7364 0.7364 4.7212 0.2028 0.2028 0.3180 0.3180
0.4976 0.8871 1.0641 0.7349 0.7349 4.7102 0.2014 0.2014 0.3161 0.3161
0.5025 0.8896 1.0606 0.7353 0.7353 4.7171 0.2035 0.2035 0.3187 0.3187
0.5049 0.8869 1.0056 0.7341 0.7341 4.7327 0.2042 0.2042 0.3195 0.3195
0.5005 0.8918 1.0196 0.7376 0.7376 4.7320 0.2062 0.2063 0.3224 0.3224
0.4896 0.8928 1.0108 0.7357 0.7357 4.7310 0.2021 0.2021 0.3171 0.3171
0.4946 0.8898 1.0519 0.7314 0.7314 4.7289 0.1993 0.1993 0.3133 0.3133
0.5001 0.8883 1.0220 0.7388 0.7388 4.7593 0.1965 0.1965 0.3105 0.3105
0.4873 0.8922 1.0314 0.7415 0.7415 4.7797 0.1979 0.1979 0.3124 0.3124
