6.4054 0.0073 6.7452 0.0000 0.0000 5.5817 0.0236 0.0236 0.0000 0.0000
5.9148 0.0469 7.0033 0.0000 0.0000 4.4685 0.1132 0.1132 0.0000 0.0000
5.4537 0.1885 6.7415 0.0000 0.0000 3.9851 0.2333 0.2333 0.0000 0.0000
5.0133 0.2867 6.5652 0.0000 0.0000 3.4179 0.3243 0.3243 0.0000 0.0000
4.5149 0.3573 6.1425 0.0008 0.0008 3.0750 0.3542 0.3542 0.0015 0.0015
4.0132 0.3988 5.5387 0.0062 0.0062 2.8599 0.3757 0.3757 0.0122 0.0122
3.5006 0.4342 4.8256 0.0264 0.0264 2.8569 0.3778 0.3778 0.0493 0.0493
3.0696 0.4574 4.4198 0.0624 0.0624 2.8723 0.3868 0.3868 0.1075 0.1075
2.7730 0.4800 3.9988 0.1070 0.1070 2.9477 0.3722 0.3722 0.1662 0.1662
2.5129 0.5036 3.6748 0.1349 0.1349 2.9736 0.3861 0.3861 0.1999 0.1999
2.3192 0.5317 3.3435 0.1837 0.1837 3.0986 0.3708 0.3708 0.2457 0.2457
2.0984 0.5630 3.1839 0.2229 0.2229 3.1746 0.3424 0.3424 0.2700 0.2700
1.9665 0.5784 2.9873 0.2399 0.2399 3.2229 0.3236 0.3236 0.2756 0.2756
1.8664 0.5952 2.7803 0.2872 0.2872 3.3290 0.3285 0.3285 0.3065 0.3065
1.7580 0.6131 2.7285 0.3070 0.3070 3.3023 0.3250 0.3250 0.3157 0.3157
1.6836 0.6303 2.6239 0.3205 0.3205 3.4033 0.3125 0.3125 0.3165 0.3165
1.5963 0.6403 2.4900 0.3496 0.3496 3.4433 0.3021 0.3021 0.3241 0.3241
1.5479 0.6534 2.4409 0.3686 0.3686 3.5300 0.2931 0.2931 0.3265 0.3265
1.4959 0.6596 2.3771 0.3915 0.3915 3.5416 0.2972 0.2972 0.3379 0.3379
1.4636 0.6675 2.2273 0.3981 0.3981 3.6200 0.2660 0.2660 0.3189 0.3189
1.3862 0.6850 2.1976 0.4174 0.4174 3.6020 0.2875 0.2875 0.3405 0.3405
1.3364 0.6892 2.1163 0.4329 0.4329 3.6806 0.2618 0.2618 0.3263 0.3263
1.3100 0.6942 2.1004 0.4446 0.4446 3.6910 0.2632 0.2632 0.3306 0.3306
1.2774 0.7033 2.0354 0.4531 0.4531 3.7928 0.2687 0.2688 0.3374 0.3374
1.2362 0.7108 1.9289 0.4764 0.4764 3.8740 0.2444 0.2444 0.3231 0.3231
1.1918 0.7259 1.9235 0.4733 0.4733 3.7793 0.2764 0.2764 0.3490 0.3490
1.1607 0.7301 1.8319 0.5109 0.5109 3.9534 0.2306 0.2306 0.3177 0.3177
1.1112 0.7428 1.8285 0.5112 0.5112 3.8670 0.2479 0.2479 0.3339 0.3339
1.0865 0.7486 1.7840 0.5116 0.5116 3.9390 0.2451 0.2451 0.3315 0.3315
1.0580 0.7488 1.7373 0.5403 0.5403 4.0191 0.2319 0.2319 0.3246 0.3246
1.0450 0.7533 1.7149 0.5434 0.5434 3.9974 0.2194 0.2194 0.3126 0.3126
0.9994 0.7667 1.6628 0.5516 0.5516 4.0428 0.2319 0.2319 0.3266 0.3266
0.9783 0.7739 1.6144 0.5554 0.5554 4.1414 0.2097 0.2097 0.3045 0.3045
0.9607 0.7808 1.5521 0.5709 0.5709 4.0949 0.2285 0.2285 0.3263 0.3263
0.9393 0.7783 1.5205 0.5950 0.5950 4.1857 0.2062 0.2063 0.3063 0.3063
0.9088 0.7855 1.4834 0.5876 0.5876 4.1717 0.2153 0.2153 0.3151 0.3151
0.8965 0.7926 1.4483 0.6004 0.6004 4.1829 0.2076 0.2076 0.3086 0.3086
0.8682 0.7958 1.4287 0.6202 0.6202 4.2552 0.2285 0.2285 0.3339 0.3339
0.8561 0.7981 1.4023 0.6205 0.6205 4.2608 0.2035 0.2035 0.3065 0.3065
0.8344 0.8010 1.3680 0.6306 0.6306 4.3802 0.2007 0.2007 0.3045 0.3045
0.8131 0.8086 1.3326 0.6341 0.6341 4.2966 0.2007 0.2007 0.3049 0.3049
0.8091 0.8083 1.3161 0.6372 0.6372 4.3807 0.1979 0.1979 0.3020 0.3020
0.7743 0.8175 1.2858 0.6620 0.6620 4.3778 0.1854 0.1854 0.2897 0.2897
0.7516 0.8240 1.2754 0.6643 0.6643 4.3874 0.1958 0.1958 0.3025 0.3025
0.7482 0.8207 1.2283 0.6616 0.6616 4.4513 0.1840 0.1840 0.2880 0.2880
0.7202 0.8299 1.1839 0.6705 0.6705 4.5747 0.1729 0.1729 0.2749 0.2749
0.7139 0.8321 1.1617 0.6717 0.6717 4.5030 0.1979 0.1979 0.3057 0.3057
0.6888 0.8405 1.1536 0.6868 0.6868 4.4502 0.1868 0.1868 0.2937 0.2937
0.6849 0.8393 1.1137 0.6969 0.6969 4.6223 0.1812 0.1813 0.2877 0.2877
0.6749 0.8469 1.0919 0.7027 0.7027 4.5499 0.1917 0.1917 0.3012 0.3012
0.6417 0.8504 1.0988 0.7155 0.7155 4.5439 0.1882 0.1882 0.2980 0.2980
0.6175 0.8587 1.0884 0.7353 0.7353 4.5369 0.1931 0.1931 0.3058 0.3058
0.6091 0.8658 1.0073 0.7453 0.7453 4.5680 0.1861 0.1861 0.2979 0.2979
0.5770 0.8729 0.9888 0.7488 0.7488 4.5561 0.1840 0.1840 0.2954 0.2954
0.5923 0.8752 1.0073 0.7473 0.7473 4.5702 0.1889 0.1889 0.3016 0.3016
0.5822 0.8747 0.9753 0.7519 0.7519 4.5962 0.1826 0.1826 0.2939 0.2939
0.5800 0.8786 0.9660 0.7578 0.7578 4.6107 0.1819 0.1819 0.2934 0.2934
0.5759 0.8738 0.9630 0.7562 0.7562 4.6088 0.1826 0.1826 0.2942 0.2942
0.5762 0.8758 0.9956 0.7558 0.7558 4.6241 0.1833 0.1833 0.2951 0.2951
0.5784 0.8754 0.9929 0.7550 0.7550 4.6423 0.1792 0.1792 0.2896 0.2896
0.5812 0.8756 0.9859 0.7558 0.7558 4.6543 0.1729 0.1729 0.2814 0.2814
0.5688 0.8753 0.9764 0.7554 0.7554 4.6350 0.1750 0.1750 0.2842 0.2842
0.5687 0.8756 0.9968 0.7512 0.7512 4.6121 0.1861 0.1861 0.2983 0.2983
0.5842 0.8711 0.9934 0.7527 0.7527 4.6049 0.1806 0.1806 0.2912 0.2912
0.5662 0.8798 0.9577 0.7574 0.7574 4.6409 0.1819 0.1819 0.2934 0.2934
0.5756 0.8759 0.9608 0.7589 0.7589 4.6598 0.1785 0.1785 0.2890 0.2890
0.5719 0.8738 0.9787 0.7566 0.7566 4.6566 0.1806 0.1806 0.2915 0.2915
0.5641 0.8801 0.9726 0.7597 0.7597 4.6400 0.1840 0.1840 0.2963 0.2963
0.5731 0.8737 0.9716 0.7562 0.7562 4.6499 0.1806 0.1806 0.2915 0.2915
0.5670 0.8751 0.9915 0.7601 0.7601 4.6633 0.1771 0.1771 0.2872 0.2872
0.5754 0.8743 0.9720 0.7601 0.7601 4.6885 0.1715 0.1715 0.2799 0.2799
0.5554 0.8804 0.9545 0.7624 0.7624 4.6891 0.1660 0.1660 0.2726 0.2726
0.5681 0.8760 0.9414 0.7578 0.7578 4.6862 0.1694 0.1694 0.2770 0.2770
0.5707 0.8746 0.9302 0.7589 0.7589 4.6950 0.1750 0.1750 0.2844 0.2844
0.5636 0.8805 0.9149 0.7601 0.7601 4.6817 0.1778 0.1778 0.2882 0.2882
0.5671 0.8750 0.9435 0.7674 0.7674 4.7004 0.1771 0.1771 0.2878 0.2878
0.5452 0.8813 0.9343 0.7612 0.7612 4.6944 0.1729 0.1729 0.2818 0.2818
0.5419 0.8825 0.9179 0.7581 0.7581 4.6881 0.1736 0.1736 0.2825 0.2825
0.5449 0.8825 0.9149 0.7612 0.7612 4.6959 0.1750 0.1750 0.2846 0.2846
0.5488 0.8837 0.9026 0.7671 0.7671 4.7185 0.1681 0.1681 0.2757 0.2757
0.5613 0.8765 0.9242 0.7686 0.7686 4.7270 0.1688 0.1688 0.2767 0.2767
0.5563 0.8848 0.9180 0.7709 0.7709 4.7164 0.1660 0.1660 0.2731 0.2731
0.5320 0.8898 0.9208 0.7733 0.7733 4.7016 0.1681 0.1681 0.2761 0.2761
0.5438 0.8795 0.9184 0.7713 0.7713 4.7064 0.1722 0.1722 0.2816 0.2816
0.5417 0.8876 0.8977 0.7725 0.7725 4.7226 0.1764 0.1764 0.2872 0.2872
0.5434 0.8793 0.9351 0.7694 0.7694 4.7411 0.1715 0.1715 0.2805 0.2805
0.5300 0.8887 0.9223 0.7713 0.7713 4.7475 0.1743 0.1743 0.2844 0.2844
0.5265 0.8871 0.9663 0.7756 0.7756 4.7395 0.1757 0.1757 0.2865 0.2865
0.5221 0.8888 0.9022 0.7713 0.7713 4.7414 0.1792 0.1792 0.2908 0.2908
0.5202 0.8865 0.9074 0.7740 0.7740 4.7499 0.1708 0.1708 0.2799 0.2799
0.5135 0.8912 0.8936 0.7748 0.7748 4.7442 0.1688 0.1688 0.2771 0.2771
0.5424 0.8815 0.9366 0.7721 0.7721 4.7452 0.1674 0.1674 0.2751 0.2751
0.5163 0.8936 0.8668 0.7783 0.7783 4.7682 0.1701 0.1701 0.2792 0.2792
0.5225 0.8886 0.8998 0.7756 0.7756 4.7623 0.1694 0.1694 0.2781 0.2781
0.5309 0.8844 0.8987 0.7725 0.7725 4.7618 0.1688 0.1688 0.2770 0.2770
0.5185 0.8892 0.8775 0.7787 0.7787 4.7437 0.1792 0.1792 0.2913 0.2913
0.5154 0.8869 0.9079 0.7798 0.7798 4.7651 0.1778 0.1778 0.2895 0.2895
0.5149 0.8875 0.8894 0.7826 0.7826 4.7799 0.1708 0.1708 0.2804 0.2804
0.5351 0.8863 0.8741 0.7818 0.7818 4.7811 0.1688 0.1688 0.2776 0.2776
0.5101 0.8912 0.8675 0.7814 0.7814 4.7868 0.1674 0.1674 0.2757 0.2757
