6.0905 0.0245 7.3300 0.0000 0.0000 4.9929 0.0451 0.0451 0.0000 0.0000
5.0307 0.1180 8.7624 0.0000 0.0000 3.8542 0.1729 0.1729 0.0000 0.0000
4.4360 0.3326 8.0481 0.0000 0.0000 3.4622 0.2681 0.2681 0.0000 0.0000
3.8219 0.4943 8.3011 0.0000 0.0000 2.8777 0.3500 0.3500 0.0000 0.0000
3.2622 0.5993 8.0760 0.0000 0.0000 2.5310 0.3833 0.3833 0.0000 0.0000
2.7878 0.6565 7.7073 0.0000 0.0000 2.3495 0.4035 0.4035 0.0000 0.0000
2.4362 0.6995 7.2652 0.0000 0.0000 2.3009 0.4097 0.4097 0.0000 0.0000
2.1795 0.7165 6.8328 0.0004 0.0004 2.3458 0.4292 0.4292 0.0008 0.0008
1.9888 0.7324 6.4775 0.0016 0.0016 2.3663 0.4313 0.4312 0.0031 0.0031
1.8084 0.7436 6.0530 0.0039 0.0039 2.4288 0.4285 0.4285 0.0077 0.0077
1.6770 0.7538 5.8113 0.0078 0.0078 2.5054 0.4375 0.4375 0.0152 0.0152
1.5667 0.7626 5.4503 0.0151 0.0151 2.5582 0.4271 0.4271 0.0292 0.0292
1.4586 0.7712 5.1412 0.0322 0.0322 2.6196 0.4306 0.4306 0.0599 0.0599
1.3734 0.7755 4.9422 0.0380 0.0380 2.7037 0.4229 0.4229 0.0697 0.0697
1.3063 0.7825 4.6493 0.0535 0.0535 2.7881 0.4097 0.4097 0.0946 0.0946
1.2228 0.7867 4.4771 0.0663 0.0663 2.7803 0.4229 0.4229 0.1146 0.1146
1.1762 0.7923 4.2776 0.0888 0.0888 2.8804 0.4097 0.4097 0.1459 0.1459
1.1047 0.8037 4.1483 0.1116 0.1116 2.9459 0.4153 0.4153 0.1760 0.1760
1.0606 0.8061 3.9808 0.1267 0.1267 2.9827 0.4146 0.4146 0.1941 0.1941
1.0167 0.8119 3.8432 0.1345 0.1345 3.0794 0.3917 0.3917 0.2002 0.2002
0.9932 0.8140 3.6749 0.1585 0.1585 3.0552 0.3958 0.3958 0.2264 0.2264
0.9329 0.8243 3.5727 0.1744 0.1744 3.1701 0.3937 0.3938 0.2417 0.2417
0.9081 0.8239 3.4830 0.1818 0.1818 3.1999 0.3785 0.3785 0.2456 0.2456
0.8693 0.8292 3.2916 0.2116 0.2116 3.2533 0.3819 0.3819 0.2724 0.2724
0.8614 0.8306 3.2657 0.2186 0.2186 3.2803 0.3715 0.3715 0.2753 0.2753
0.8315 0.8362 3.1902 0.2260 0.2260 3.2949 0.3931 0.3931 0.2870 0.2870
0.7996 0.8403 3.0637 0.2426 0.2426 3.4238 0.3660 0.3660 0.2918 0.2918
0.7867 0.8417 2.9238 0.2694 0.2694 3.4288 0.3549 0.3549 0.3063 0.3063
0.7537 0.8466 2.9511 0.2752 0.2752 3.4888 0.3583 0.3583 0.3113 0.3113
0.7333 0.8495 2.8244 0.2872 0.2872 3.5404 0.3549 0.3549 0.3175 0.3175
0.7012 0.8546 2.7984 0.2953 0.2953 3.5414 0.3535 0.3535 0.3218 0.3218
0.6995 0.8552 2.7394 0.3023 0.3023 3.6077 0.3479 0.3479 0.3235 0.3235
0.6749 0.8600 2.6784 0.3155 0.3155 3.6017 0.3486 0.3486 0.3312 0.3312
0.6672 0.8582 2.5965 0.3360 0.3360 3.7404 0.3312 0.3313 0.3336 0.3336
0.6465 0.8637 2.6345 0.3291 0.3291 3.7049 0.3319 0.3319 0.3305 0.3305
0.6223 0.8664 2.5000 0.3422 0.3422 3.7423 0.3292 0.3292 0.3356 0.3356
0.5943 0.8714 2.5121 0.3473 0.3473 3.8658 0.3208 0.3208 0.3335 0.3335
0.6146 0.8697 2.5121 0.3671 0.3671 3.8889 0.3250 0.3250 0.3447 0.3447
0.5723 0.8761 2.4471 0.3713 0.3713 3.8518 0.3215 0.3215 0.3446 0.3446
0.5946 0.8711 2.4122 0.3756 0.3756 3.9289 0.3111 0.3111 0.3403 0.3403
0.5705 0.8756 2.3151 0.3833 0.3833 3.9942 0.2924 0.2924 0.3317 0.3317
0.5689 0.8754 2.2765 0.3880 0.3880 3.9824 0.3083 0.3083 0.3436 0.3436
0.5431 0.8797 2.1971 0.4078 0.4078 4.0030 0.2951 0.2951 0.3424 0.3424
0.5497 0.8780 2.2304 0.4140 0.4140 4.0587 0.3063 0.3063 0.3520 0.3520
0.5301 0.8826 2.1733 0.4085 0.4085 4.0780 0.2917 0.2917 0.3403 0.3403
0.5296 0.8816 2.1164 0.4333 0.4333 4.1197 0.2993 0.2993 0.3541 0.3541
0.5255 0.8850 2.0972 0.4411 0.4411 4.1158 0.2986 0.2986 0.3561 0.3561
0.4999 0.8902 2.0349 0.4411 0.4411 4.1919 0.2875 0.2875 0.3481 0.3481
0.4834 0.8899 2.0152 0.4484 0.4484 4.1603 0.2889 0.2889 0.3514 0.3514
0.4852 0.8932 2.0660 0.4678 0.4678 4.2271 0.2847 0.2847 0.3540 0.3540
0.4820 0.8885 1.9334 0.4752 0.4752 4.1926 0.2882 0.2882 0.3588 0.3588
0.4660 0.8926 1.9130 0.4845 0.4845 4.2018 0.2896 0.2896 0.3625 0.3625
0.4464 0.8989 1.8776 0.5027 0.5027 4.2235 0.2868 0.2868 0.3652 0.3652
0.4365 0.8996 1.8298 0.5112 0.5112 4.2381 0.2889 0.2889 0.3692 0.3692
0.4389 0.8999 1.7764 0.5089 0.5089 4.2345 0.2938 0.2938 0.3725 0.3725
0.4304 0.9039 1.8765 0.5062 0.5062 4.2117 0.2965 0.2965 0.3740 0.3740
0.4319 0.9014 1.8444 0.5062 0.5062 4.2202 0.2972 0.2972 0.3745 0.3745
0.4240 0.9015 1.7489 0.5112 0.5112 4.2294 0.2896 0.2896 0.3697 0.3697
0.4406 0.9018 1.7475 0.5147 0.5147 4.2670 0.2868 0.2868 0.3684 0.3684
0.4269 0.9044 1.7296 0.5190 0.5190 4.2657 0.2847 0.2847 0.3677 0.3677
0.4263 0.9046 1.7735 0.5159 0.5159 4.2585 0.2847 0.2847 0.3669 0.3669
0.4230 0.8995 1.7996 0.5159 0.5159 4.2487 0.2806 0.2806 0.3635 0.3635
0.4268 0.9025 1.7975 0.5217 0.5217 4.2717 0.2833 0.2833 0.3672 0.3672
0.4294 0.8993 1.7217 0.5302 0.5302 4.3032 0.2833 0.2833 0.3693 0.3693
0.4157 0.9056 1.7150 0.5267 0.5267 4.3042 0.2826 0.2826 0.3679 0.3679
0.4264 0.9022 1.7277 0.5217 0.5217 4.3137 0.2826 0.2826 0.3666 0.3666
0.4176 0.9057 1.7589 0.5240 0.5240 4.2929 0.2799 0.2799 0.3649 0.3649
0.4272 0.9014 1.7542 0.5240 0.5240 4.2933 0.2833 0.2833 0.3678 0.3678
0.4199 0.9058 1.7241 0.5225 0.5225 4.3134 0.2806 0.2806 0.3651 0.3651
0.4156 0.9069 1.7503 0.5233 0.5233 4.3188 0.2806 0.2806 0.3653 0.3653
0.4269 0.9011 1.7260 0.5283 0.5283 4.3290 0.2826 0.2826 0.3683 0.3683
0.4118 0.9068 1.7536 0.5256 0.5256 4.3214 0.2875 0.2875 0.3717 0.3717
0.4183 0.9046 1.7255 0.5244 0.5244 4.3090 0.2875 0.2875 0.3714 0.3714
0.4208 0.9053 1.7369 0.5240 0.5240 4.3116 0.2889 0.2889 0.3725 0.3725
0.4104 0.9086 1.7519 0.5205 0.5205 4.3080 0.2882 0.2882 0.3710 0.3710
0.4123 0.9059 1.6952 0.5283 0.5283 4.3302 0.2840 0.2840 0.3694 0.3694
0.4173 0.9028 1.7052 0.5275 0.5275 4.3366 0.2792 0.2792 0.3651 0.3651
0.4162 0.9052 1.6674 0.5349 0.5349 4.3601 0.2799 0.2799 0.3675 0.3675
0.3937 0.9078 1.6923 0.5345 0.5345 4.3673 0.2799 0.2799 0.3674 0.3674
0.3950 0.9108 1.7020 0.5337 0.5337 4.3559 0.2819 0.2819 0.3690 0.3690
0.4120 0.9083 1.6729 0.5364 0.5364 4.3640 0.2757 0.2757 0.3642 0.3642
0.4013 0.9066 1.6881 0.5360 0.5360 4.3554 0.2812 0.2813 0.3689 0.3689
0.4144 0.9051 1.6054 0.5353 0.5353 4.3736 0.2812 0.2813 0.3687 0.3687
0.4153 0.9049 1.7187 0.5391 0.5391 4.4022 0.2778 0.2778 0.3667 0.3667
0.3898 0.9082 1.6986 0.5422 0.5422 4.3613 0.2743 0.2743 0.3643 0.3643
0.4023 0.9066 1.6954 0.5388 0.5388 4.3525 0.2812 0.2813 0.3696 0.3696
0.3982 0.9100 1.6604 0.5419 0.5419 4.3775 0.2785 0.2785 0.3679 0.3679
0.4003 0.9085 1.6862 0.5403 0.5403 4.3837 0.2792 0.2792 0.3681 0.3681
0.3889 0.9098 1.6768 0.5419 0.5419 4.3721 0.2764 0.2764 0.3661 0.3661
0.3985 0.9061 1.6251 0.5403 0.5403 4.3817 0.2764 0.2764 0.3657 0.3657
0.3970 0.9102 1.6654 0.5415 0.5415 4.3943 0.2778 0.2778 0.3672 0.3672
0.3860 0.9146 1.6917 0.5426 0.5426 4.3853 0.2743 0.2743 0.3644 0.3644
0.3916 0.9076 1.6478 0.5469 0.5469 4.3923 0.2736 0.2736 0.3647 0.3647
0.3900 0.9111 1.6803 0.5434 0.5434 4.3897 0.2750 0.2750 0.3652 0.3652
0.3931 0.9080 1.6537 0.5473 0.5473 4.3691 0.2806 0.2806 0.3710 0.3710
0.3944 0.9128 1.6504 0.5453 0.5453 4.3857 0.2806 0.2806 0.3705 0.3705
0.3907 0.9096 1.6579 0.5519 0.5519 4.4042 0.2764 0.2764 0.3683 0.3683
0.4081 0.9086 1.6370 0.5512 0.5512 4.4321 0.2701 0.2701 0.3626 0.3626
0.3929 0.9102 1.6272 0.5574 0.5574 4.4311 0.2681 0.2681 0.3620 0.3620
0.3938 0.9079 1.6301 0.5543 0.5543 4.4334 0.2646 0.2646 0.3582 0.3582
