6.2501 0.0170 7.0368 0.0000 0.0000 5.2051 0.0382 0.0382 0.0000 0.0000
5.3814 0.0888 8.0279 0.0000 0.0000 4.0084 0.1597 0.1597 0.0000 0.0000
4.8305 0.2760 7.4160 0.0000 0.0000 3.6646 0.2736 0.2736 0.0000 0.0000
4.3079 0.4239 7.5826 0.0000 0.0000 3.0349 0.3236 0.3236 0.0000 0.0000
3.7732 0.5181 7.2329 0.0000 0.0000 2.6999 0.3917 0.3917 0.0000 0.0000
3.3265 0.5818 6.8433 0.0008 0.0008 2.5046 0.3986 0.3986 0.0015 0.0015
2.9355 0.6119 6.2978 0.0019 0.0019 2.4706 0.3986 0.3986 0.0039 0.0039
2.6006 0.6225 5.8010 0.0039 0.0039 2.5156 0.4049 0.4049 0.0077 0.0077
2.3507 0.6464 5.4222 0.0128 0.0128 2.5889 0.4056 0.4056 0.0248 0.0248
2.1220 0.6553 5.0298 0.0233 0.0233 2.6400 0.4174 0.4174 0.0441 0.0441
1.9621 0.6625 4.6643 0.0481 0.0481 2.7221 0.4125 0.4125 0.0861 0.0861
1.8245 0.6735 4.3643 0.0698 0.0698 2.7668 0.4146 0.4146 0.1194 0.1194
1.6947 0.6870 4.0900 0.0973 0.0973 2.8523 0.4069 0.4069 0.1570 0.1570
1.5771 0.7064 3.8618 0.1182 0.1182 2.9201 0.3979 0.3979 0.1823 0.1823
1.4903 0.7127 3.7433 0.1422 0.1422 2.9664 0.3979 0.3979 0.2096 0.2096
1.4221 0.7219 3.5405 0.1725 0.1725 3.0698 0.3833 0.3833 0.2379 0.2379
1.3554 0.7331 3.3632 0.1864 0.1864 3.1185 0.3812 0.3812 0.2504 0.2504
1.3020 0.7365 3.2345 0.2093 0.2093 3.1707 0.3688 0.3688 0.2670 0.2670
1.2300 0.7484 3.0762 0.2326 0.2326 3.2436 0.3778 0.3778 0.2879 0.2879
1.1770 0.7540 2.9485 0.2527 0.2527 3.2875 0.3438 0.3438 0.2913 0.2913
1.1460 0.7582 2.9458 0.2643 0.2643 3.3687 0.3361 0.3361 0.2959 0.2959
1.1029 0.7662 2.8521 0.2868 0.2868 3.3943 0.3514 0.3514 0.3158 0.3158
1.0419 0.7773 2.7434 0.2977 0.2977 3.4638 0.3444 0.3444 0.3194 0.3194
1.0278 0.7817 2.6048 0.3109 0.3109 3.5683 0.3347 0.3347 0.3223 0.3223
0.9990 0.7824 2.5820 0.3438 0.3438 3.5933 0.3167 0.3167 0.3297 0.3297
0.9601 0.7941 2.4810 0.3562 0.3562 3.6222 0.3292 0.3292 0.3422 0.3422
0.9431 0.7943 2.4101 0.3620 0.3620 3.6554 0.3194 0.3194 0.3394 0.3394
0.9110 0.7961 2.3687 0.3818 0.3818 3.7955 0.3076 0.3076 0.3407 0.3407
0.8688 0.8077 2.3021 0.3915 0.3915 3.7919 0.3111 0.3111 0.3467 0.3467
0.8825 0.8051 2.2959 0.4027 0.4027 3.8318 0.2986 0.2986 0.3429 0.3429
0.8434 0.8092 2.2269 0.3950 0.3950 3.8218 0.3049 0.3049 0.3441 0.3441
0.8136 0.8152 2.1979 0.4217 0.4217 3.8849 0.2938 0.2938 0.3463 0.3463
0.7978 0.8229 2.1769 0.4267 0.4267 3.8942 0.2965 0.2965 0.3499 0.3499
0.7776 0.8248 2.0311 0.4554 0.4554 3.9840 0.2785 0.2785 0.3456 0.3456
0.7609 0.8301 2.0994 0.4450 0.4450 3.9738 0.2875 0.2875 0.3493 0.3493
0.7366 0.8346 2.0050 0.4651 0.4651 4.0011 0.2722 0.2722 0.3434 0.3434
0.7017 0.8404 1.9938 0.4612 0.4612 4.0673 0.2708 0.2708 0.3413 0.3413
0.7112 0.8371 1.9225 0.4791 0.4791 4.1150 0.2743 0.2743 0.3489 0.3489
0.7116 0.8345 1.8379 0.4876 0.4876 4.2454 0.2562 0.2563 0.3359 0.3359
0.6854 0.8393 1.8724 0.4911 0.4911 4.1554 0.2722 0.2722 0.3503 0.3503
0.6664 0.8475 1.8172 0.4895 0.4895 4.1414 0.2556 0.2556 0.3358 0.3358
0.6526 0.8465 1.7865 0.5167 0.5167 4.3145 0.2618 0.2618 0.3475 0.3475
0.6336 0.8556 1.7993 0.5081 0.5081 4.2006 0.2639 0.2639 0.3474 0.3474
0.6370 0.8528 1.6849 0.5318 0.5318 4.3372 0.2458 0.2458 0.3362 0.3362
0.6174 0.8515 1.6270 0.5298 0.5298 4.3580 0.2479 0.2479 0.3378 0.3378
0.6075 0.8596 1.6303 0.5450 0.5450 4.3423 0.2375 0.2375 0.3308 0.3308
0.5960 0.8627 1.6336 0.5450 0.5450 4.4492 0.2472 0.2472 0.3401 0.3401
0.5816 0.8643 1.6000 0.5457 0.5457 4.3816 0.2347 0.2347 0.3283 0.3283
0.5654 0.8671 1.6027 0.5690 0.5690 4.5331 0.2417 0.2417 0.3392 0.3392
0.5593 0.8658 1.4938 0.5702 0.5702 4.4807 0.2417 0.2417 0.3395 0.3395
0.5470 0.8726 1.5253 0.5826 0.5826 4.4585 0.2417 0.2417 0.3416 0.3416
0.5226 0.8770 1.4294 0.5977 0.5977 4.4435 0.2396 0.2396 0.3421 0.3421
0.5084 0.8818 1.4480 0.6066 0.6066 4.4571 0.2347 0.2347 0.3385 0.3385
0.4942 0.8825 1.4067 0.6089 0.6089 4.4687 0.2347 0.2347 0.3388 0.3388
0.5176 0.8779 1.4134 0.6147 0.6147 4.4659 0.2326 0.2326 0.3375 0.3375
0.4916 0.8844 1.3720 0.6151 0.6151 4.4640 0.2306 0.2306 0.3354 0.3354
0.4999 0.8858 1.3135 0.6190 0.6190 4.4900 0.2313 0.2313 0.3367 0.3367
0.4932 0.8854 1.4032 0.6217 0.6217 4.5102 0.2333 0.2333 0.3393 0.3393
0.5043 0.8848 1.3595 0.6256 0.6256 4.5259 0.2354 0.2354 0.3421 0.3421
0.4844 0.8903 1.3830 0.6275 0.6275 4.5154 0.2354 0.2354 0.3424 0.3424
0.4823 0.8882 1.3956 0.6287 0.6287 4.5167 0.2354 0.2354 0.3426 0.3426
0.5053 0.8872 1.3654 0.6298 0.6298 4.5389 0.2354 0.2354 0.3427 0.3427
0.4810 0.8901 1.3352 0.6260 0.6260 4.5476 0.2313 0.2313 0.3377 0.3377
0.4805 0.8896 1.3817 0.6240 0.6240 4.5671 0.2319 0.2319 0.3382 0.3382
0.4767 0.8889 1.3451 0.6260 0.6260 4.5653 0.2285 0.2285 0.3348 0.3348
0.4898 0.8864 1.3040 0.6236 0.6236 4.5641 0.2250 0.2250 0.3307 0.3307
0.4727 0.8895 1.3706 0.6295 0.6295 4.5710 0.2313 0.2313 0.3382 0.3382
0.4889 0.8873 1.3580 0.6337 0.6337 4.5766 0.2299 0.2299 0.3374 0.3374
0.4807 0.8898 1.3425 0.6283 0.6283 4.5492 0.2326 0.2326 0.3396 0.3396
0.4797 0.8880 1.3435 0.6318 0.6318 4.5518 0.2313 0.2313 0.3386 0.3386
0.4716 0.8901 1.3214 0.6264 0.6264 4.5683 0.2299 0.2299 0.3363 0.3363
0.4834 0.8917 1.2979 0.6271 0.6271 4.5662 0.2257 0.2257 0.3319 0.3319
0.4645 0.8978 1.3026 0.6287 0.6287 4.5728 0.2271 0.2271 0.3337 0.3337
0.4841 0.8858 1.3309 0.6329 0.6329 4.5950 0.2313 0.2313 0.3387 0.3387
0.4669 0.8928 1.3006 0.6260 0.6260 4.6004 0.2278 0.2278 0.3340 0.3340
0.4773 0.8889 1.3593 0.6271 0.6271 4.5953 0.2299 0.2299 0.3364 0.3364
0.4657 0.8964 1.3035 0.6376 0.6376 4.6277 0.2257 0.2257 0.3334 0.3334
0.4849 0.8920 1.2980 0.6349 0.6349 4.6374 0.2250 0.2250 0.3323 0.3323
0.4646 0.8959 1.2979 0.6333 0.6333 4.6395 0.2208 0.2208 0.3275 0.3275
0.4730 0.8920 1.3372 0.6357 0.6357 4.6229 0.2285 0.2285 0.3361 0.3361
0.4699 0.8924 1.2837 0.6353 0.6353 4.6118 0.2257 0.2257 0.3331 0.3331
0.4755 0.8879 1.2928 0.6430 0.6430 4.6028 0.2340 0.2340 0.3432 0.3432
0.4660 0.8946 1.2682 0.6415 0.6415 4.6193 0.2292 0.2292 0.3377 0.3377
0.4644 0.8947 1.2933 0.6438 0.6438 4.6407 0.2285 0.2285 0.3373 0.3373
0.4577 0.8934 1.3005 0.6415 0.6415 4.6388 0.2313 0.2313 0.3399 0.3399
0.4744 0.8916 1.2985 0.6446 0.6446 4.6493 0.2299 0.2299 0.3389 0.3389
0.4645 0.8949 1.3180 0.6457 0.6457 4.6617 0.2271 0.2271 0.3360 0.3360
0.4551 0.8964 1.3392 0.6477 0.6477 4.6446 0.2243 0.2243 0.3332 0.3332
0.4701 0.8886 1.2953 0.6430 0.6430 4.6654 0.2236 0.2236 0.3318 0.3318
0.4461 0.8987 1.2760 0.6477 0.6477 4.6444 0.2243 0.2243 0.3332 0.3332
0.4707 0.8911 1.2892 0.6453 0.6453 4.6514 0.2250 0.2250 0.3337 0.3337
0.4497 0.8976 1.2695 0.6496 0.6496 4.6561 0.2236 0.2236 0.3327 0.3327
0.4661 0.8922 1.2955 0.6469 0.6469 4.6378 0.2250 0.2250 0.3339 0.3339
0.4595 0.8963 1.2547 0.6496 0.6496 4.6737 0.2229 0.2229 0.3319 0.3319
0.4463 0.8963 1.3139 0.6496 0.6496 4.6919 0.2201 0.2201 0.3288 0.3288
0.4536 0.8939 1.2583 0.6477 0.6477 4.6866 0.2194 0.2194 0.3278 0.3278
0.4499 0.8973 1.2459 0.6508 0.6508 4.6630 0.2181 0.2181 0.3267 0.3267
0.4574 0.8954 1.2519 0.6562 0.6562 4.6901 0.2215 0.2215 0.3312 0.3312
0.4426 0.8998 1.2641 0.6570 0.6570 4.6777 0.2285 0.2285 0.3390 0.3390
0.4538 0.8951 1.2257 0.6574 0.6574 4.6918 0.2243 0.2243 0.3345 0.3345
