6.4015 0.0144 6.8038 0.0000 0.0000 5.5952 0.0368 0.0368 0.0000 0.0000
5.7311 0.0641 7.5946 0.0000 0.0000 4.1932 0.1500 0.1500 0.0000 0.0000
5.2145 0.2237 7.0559 0.0000 0.0000 3.8621 0.2326 0.2326 0.0000 0.0000
4.7042 0.3476 7.0284 0.0000 0.0000 3.2292 0.3097 0.3097 0.0000 0.0000
4.2047 0.4336 6.5849 0.0000 0.0000 2.9139 0.3535 0.3535 0.0000 0.0000
3.7087 0.4886 6.1186 0.0004 0.0004 2.7165 0.3743 0.3743 0.0008 0.0008
3.2603 0.5089 5.5392 0.0039 0.0039 2.6981 0.3826 0.3826 0.0077 0.0077
2.8752 0.5356 4.9897 0.0202 0.0202 2.7415 0.3972 0.3972 0.0384 0.0384
2.5721 0.5502 4.6259 0.0488 0.0488 2.8238 0.3875 0.3875 0.0867 0.0867
2.3484 0.5645 4.2031 0.0857 0.0857 2.9341 0.3847 0.3847 0.1401 0.1401
2.1621 0.5825 3.9679 0.1062 0.1062 2.9205 0.3882 0.3882 0.1668 0.1668
1.9879 0.6080 3.6981 0.1450 0.1450 3.0303 0.3660 0.3660 0.2077 0.2077
1.8467 0.6205 3.4698 0.1771 0.1771 3.0944 0.3715 0.3715 0.2399 0.2399
1.7491 0.6407 3.2796 0.1969 0.1969 3.1834 0.3639 0.3639 0.2555 0.2555
1.6504 0.6564 3.1181 0.2337 0.2337 3.2965 0.3479 0.3479 0.2796 0.2796
1.5763 0.6671 3.0332 0.2543 0.2543 3.2384 0.3396 0.3396 0.2908 0.2908
1.4948 0.6834 2.9484 0.2857 0.2857 3.3280 0.3417 0.3417 0.3112 0.3112
1.4193 0.6968 2.7531 0.3016 0.3016 3.4399 0.3264 0.3264 0.3135 0.3135
1.3932 0.6962 2.6810 0.3236 0.3236 3.4589 0.3118 0.3118 0.3176 0.3176
1.3191 0.7116 2.6192 0.3345 0.3345 3.5015 0.3167 0.3167 0.3253 0.3253
1.2696 0.7230 2.4669 0.3547 0.3547 3.5386 0.3076 0.3076 0.3295 0.3295
1.2151 0.7319 2.4465 0.3717 0.3717 3.6297 0.2979 0.2979 0.3307 0.3307
1.1904 0.7341 2.3334 0.3829 0.3829 3.6623 0.2958 0.2958 0.3338 0.3338
1.1458 0.7356 2.2967 0.3946 0.3946 3.6788 0.2944 0.2944 0.3372 0.3372
1.1123 0.7452 2.2283 0.4124 0.4124 3.7651 0.2729 0.2729 0.3285 0.3285
1.1035 0.7474 2.2110 0.4205 0.4205 3.7851 0.2729 0.2729 0.3310 0.3310
1.0548 0.7588 2.0553 0.4535 0.4535 3.8507 0.2646 0.2646 0.3342 0.3342
1.0188 0.7704 2.0534 0.4609 0.4609 3.9033 0.2757 0.2757 0.3450 0.3450
1.0003 0.7736 2.0114 0.4690 0.4690 3.9057 0.2514 0.2514 0.3273 0.3273
0.9890 0.7773 2.0210 0.4705 0.4705 3.9157 0.2792 0.2792 0.3504 0.3504
0.9452 0.7818 1.9056 0.5027 0.5027 3.9764 0.2597 0.2597 0.3425 0.3425
0.9352 0.7856 1.8788 0.5035 0.5035 3.9877 0.2576 0.2576 0.3409 0.3409
0.9260 0.7867 1.7984 0.5093 0.5093 4.0680 0.2451 0.2451 0.3310 0.3310
0.8937 0.7942 1.8133 0.5163 0.5163 4.0737 0.2500 0.2500 0.3369 0.3369
0.8560 0.8017 1.7523 0.5291 0.5291 4.0952 0.2424 0.2424 0.3324 0.3324
0.8511 0.7989 1.7551 0.5287 0.5287 4.1357 0.2410 0.2410 0.3311 0.3311
0.8072 0.8087 1.6935 0.5484 0.5484 4.1059 0.2521 0.2521 0.3454 0.3454
0.8087 0.8131 1.6837 0.5597 0.5597 4.2037 0.2222 0.2222 0.3181 0.3181
0.7746 0.8240 1.6505 0.5508 0.5508 4.1720 0.2382 0.2382 0.3326 0.3326
0.7497 0.8285 1.5664 0.5736 0.5736 4.2463 0.2313 0.2313 0.3296 0.3296
0.7532 0.8257 1.5561 0.5806 0.5806 4.3323 0.2160 0.2160 0.3148 0.3148
0.7329 0.8299 1.5253 0.5864 0.5864 4.2978 0.2292 0.2292 0.3296 0.3296
0.7290 0.8296 1.4849 0.5965 0.5965 4.4185 0.2264 0.2264 0.3282 0.3282
0.6971 0.8372 1.4618 0.6054 0.6054 4.3315 0.2340 0.2340 0.3376 0.3376
0.6858 0.8416 1.4630 0.6136 0.6136 4.3988 0.2153 0.2153 0.3187 0.3187
0.6644 0.8421 1.4441 0.6271 0.6271 4.4220 0.2188 0.2188 0.3244 0.3244
0.6734 0.8396 1.4085 0.6275 0.6275 4.5730 0.2056 0.2056 0.3097 0.3097
0.6491 0.8497 1.3335 0.6399 0.6399 4.5117 0.2194 0.2194 0.3268 0.3268
0.6474 0.8476 1.3383 0.6442 0.6442 4.5090 0.2069 0.2069 0.3133 0.3133
0.6227 0.8528 1.2770 0.6620 0.6620 4.6851 0.1812 0.1813 0.2846 0.2846
0.5980 0.8630 1.2442 0.6671 0.6671 4.6002 0.1951 0.1951 0.3019 0.3019
0.5815 0.8667 1.2293 0.6690 0.6690 4.5247 0.2076 0.2076 0.3169 0.3169
0.5659 0.8662 1.1694 0.6752 0.6752 4.5205 0.2083 0.2083 0.3184 0.3184
0.5663 0.8695 1.2020 0.6818 0.6818 4.5378 0.2062 0.2063 0.3167 0.3167
0.5559 0.8735 1.1625 0.6891 0.6891 4.5704 0.2035 0.2035 0.3142 0.3142
0.5767 0.8671 1.1848 0.6922 0.6922 4.5816 0.2021 0.2021 0.3128 0.3128
0.5734 0.8694 1.1307 0.6907 0.6907 4.5562 0.2035 0.2035 0.3143 0.3143
0.5635 0.8731 1.1859 0.6888 0.6888 4.5681 0.1993 0.1993 0.3092 0.3092
0.5522 0.8767 1.1247 0.6919 0.6919 4.5681 0.1972 0.1972 0.3069 0.3069
0.5449 0.8747 1.1304 0.6953 0.6953 4.5983 0.1958 0.1958 0.3056 0.3056
0.5484 0.8756 1.1475 0.6984 0.6984 4.6155 0.2000 0.2000 0.3110 0.3110
0.5393 0.8786 1.1312 0.6973 0.6973 4.5983 0.2056 0.2056 0.3175 0.3175
0.5388 0.8781 1.1675 0.6992 0.6992 4.6123 0.2007 0.2007 0.3119 0.3119
0.5486 0.8757 1.1347 0.7019 0.7019 4.6198 0.2007 0.2007 0.3121 0.3121
0.5250 0.8795 1.1362 0.7058 0.7058 4.6277 0.1986 0.1986 0.3100 0.3100
0.5468 0.8751 1.0979 0.7043 0.7043 4.6221 0.2042 0.2042 0.3166 0.3166
0.5503 0.8756 1.1631 0.7050 0.7050 4.6515 0.2000 0.2000 0.3116 0.3116
0.5269 0.8831 1.0950 0.7047 0.7047 4.6696 0.1993 0.1993 0.3107 0.3107
0.5302 0.8809 1.1215 0.7089 0.7089 4.6396 0.2069 0.2069 0.3204 0.3204
0.5345 0.8784 1.0995 0.7085 0.7085 4.6397 0.2076 0.2076 0.3212 0.3212
0.5265 0.8806 1.1024 0.7058 0.7058 4.6510 0.2042 0.2042 0.3167 0.3167
0.5287 0.8803 1.0911 0.7035 0.7035 4.6423 0.2049 0.2049 0.3173 0.3173
0.5296 0.8766 1.1142 0.7081 0.7081 4.6554 0.1986 0.1986 0.3102 0.3102
0.5278 0.8828 1.1315 0.7074 0.7074 4.6726 0.1958 0.1958 0.3067 0.3067
0.5294 0.8789 1.1011 0.7085 0.7085 4.6836 0.2014 0.2014 0.3136 0.3136
0.5467 0.8732 1.0780 0.7109 0.7109 4.6831 0.1958 0.1958 0.3071 0.3071
0.5220 0.8808 1.1138 0.7101 0.7101 4.6763 0.1938 0.1938 0.3044 0.3044
0.5230 0.8807 1.1101 0.7132 0.7132 4.6804 0.1944 0.1944 0.3056 0.3056
0.5283 0.8826 1.1380 0.7143 0.7143 4.6849 0.1972 0.1972 0.3091 0.3091
0.5208 0.8863 1.1045 0.7140 0.7140 4.6798 0.2042 0.2042 0.3175 0.3175
0.5206 0.8830 1.1012 0.7124 0.7124 4.6997 0.1979 0.1979 0.3098 0.3098
0.5056 0.8902 1.0752 0.7101 0.7101 4.7040 0.1958 0.1958 0.3070 0.3070
0.5108 0.8842 1.0563 0.7116 0.7116 4.7000 0.1993 0.1993 0.3114 0.3114
0.5267 0.8837 1.0830 0.7143 0.7143 4.6931 0.1965 0.1965 0.3083 0.3083
0.5141 0.8831 1.0998 0.7132 0.7132 4.7104 0.1924 0.1924 0.3030 0.3030
0.5076 0.8831 1.0479 0.7151 0.7151 4.7207 0.1917 0.1917 0.3023 0.3023
0.5053 0.8853 1.0441 0.7105 0.7105 4.7503 0.1924 0.1924 0.3028 0.3028
0.5154 0.8834 1.0491 0.7147 0.7147 4.7308 0.1910 0.1910 0.3014 0.3014
0.4991 0.8861 1.0886 0.7155 0.7155 4.7432 0.1903 0.1903 0.3006 0.3006
0.5054 0.8867 1.0514 0.7190 0.7190 4.7416 0.1931 0.1931 0.3044 0.3044
0.5118 0.8857 1.0719 0.7182 0.7182 4.7675 0.1896 0.1896 0.3000 0.3000
0.5003 0.8897 1.0680 0.7209 0.7209 4.7495 0.1917 0.1917 0.3028 0.3028
0.5054 0.8861 1.0541 0.7171 0.7171 4.7509 0.1965 0.1965 0.3085 0.3085
0.5134 0.8810 1.0718 0.7229 0.7229 4.7503 0.1896 0.1896 0.3004 0.3004
0.5085 0.8861 1.0249 0.7221 0.7221 4.7793 0.1889 0.1889 0.2994 0.2994
0.5033 0.8880 1.0260 0.7225 0.7225 4.7588 0.1944 0.1944 0.3064 0.3064
0.4996 0.8889 1.0573 0.7229 0.7229 4.7471 0.1896 0.1896 0.3004 0.3004
0.4932 0.8883 1.0364 0.7221 0.7221 4.7454 0.1917 0.1917 0.3029 0.3029
0.4949 0.8863 1.0147 0.7217 0.7217 4.7754 0.1938 0.1938 0.3055 0.3055
0.4971 0.8897 1.0229 0.7217 0.7217 4.7746 0.1944 0.1944 0.3064 0.3064
