6.4112 0.0122 6.7970 0.0000 0.0000 5.5365 0.0340 0.0340 0.0000 0.0000
5.9340 0.0607 7.1439 0.0000 0.0000 4.4394 0.1458 0.1458 0.0000 0.0000
5.5249 0.1725 6.7773 0.0000 0.0000 4.0959 0.2000 0.2000 0.0000 0.0000
5.0536 0.2653 6.6146 0.0000 0.0000 3.4609 0.3229 0.3229 0.0000 0.0000
4.5558 0.3526 6.1447 0.0000 0.0000 3.1008 0.3639 0.3639 0.0000 0.0000
4.0385 0.3969 5.5823 0.0074 0.0074 2.9006 0.3764 0.3764 0.0144 0.0144
3.5460 0.4185 4.9000 0.0209 0.0209 2.9269 0.3944 0.3944 0.0398 0.0398
3.1170 0.4521 4.4525 0.0496 0.0496 2.8797 0.4069 0.4069 0.0884 0.0884
2.7876 0.4764 4.1173 0.0926 0.0926 2.9132 0.3944 0.3944 0.1500 0.1500
2.5339 0.4922 3.7192 0.1271 0.1271 3.0029 0.3889 0.3889 0.1916 0.1916
2.3371 0.5208 3.4754 0.1640 0.1640 3.0798 0.3729 0.3729 0.2278 0.2278
2.1678 0.5476 3.2963 0.2023 0.2023 3.1021 0.3708 0.3708 0.2618 0.2618
2.0212 0.5758 3.1323 0.2446 0.2446 3.1413 0.3597 0.3597 0.2912 0.2912
1.9003 0.5938 2.9093 0.2686 0.2686 3.2665 0.3347 0.3347 0.2980 0.2980
1.8215 0.6053 2.7947 0.2953 0.2953 3.2871 0.3396 0.3396 0.3159 0.3159
1.7099 0.6198 2.6838 0.3140 0.3140 3.2541 0.3285 0.3285 0.3210 0.3210
1.6494 0.6332 2.5862 0.3357 0.3357 3.3959 0.3153 0.3153 0.3251 0.3251
1.5784 0.6439 2.4997 0.3636 0.3636 3.3914 0.3257 0.3257 0.3436 0.3436
1.5128 0.6628 2.4561 0.3609 0.3609 3.3898 0.3139 0.3139 0.3357 0.3357
1.4741 0.6686 2.2348 0.3965 0.3965 3.5620 0.2743 0.2743 0.3243 0.3243
1.3790 0.6831 2.2495 0.4074 0.4074 3.4603 0.3069 0.3069 0.3501 0.3501
1.3559 0.6900 2.1954 0.4364 0.4364 3.6115 0.2833 0.2833 0.3436 0.3436
1.3164 0.6969 2.1321 0.4399 0.4399 3.6305 0.2799 0.2799 0.3421 0.3421
1.2757 0.7097 2.0524 0.4558 0.4558 3.6404 0.2833 0.2833 0.3494 0.3494
1.2259 0.7147 1.9592 0.4671 0.4671 3.6534 0.2833 0.2833 0.3527 0.3527
1.2089 0.7244 1.9555 0.4860 0.4860 3.7498 0.2583 0.2583 0.3374 0.3374
1.1803 0.7293 1.8267 0.5093 0.5093 3.8291 0.2528 0.2528 0.3379 0.3379
1.1196 0.7435 1.8303 0.5097 0.5097 3.7559 0.2618 0.2618 0.3459 0.3459
1.0920 0.7473 1.8157 0.5229 0.5229 3.8291 0.2590 0.2590 0.3464 0.3464
1.0770 0.7448 1.7721 0.5306 0.5306 3.9020 0.2465 0.2465 0.3366 0.3366
1.0407 0.7554 1.6773 0.5512 0.5512 3.9459 0.2486 0.2486 0.3427 0.3427
1.0074 0.7682 1.6947 0.5570 0.5570 3.9913 0.2368 0.2368 0.3323 0.3323
0.9954 0.7679 1.6568 0.5601 0.5601 3.9169 0.2396 0.2396 0.3356 0.3356
0.9614 0.7715 1.6055 0.5733 0.5733 4.0513 0.2375 0.2375 0.3359 0.3359
0.9619 0.7725 1.4957 0.5849 0.5849 4.0778 0.2326 0.2326 0.3329 0.3329
0.9326 0.7820 1.5017 0.5876 0.5876 4.1075 0.2299 0.2299 0.3305 0.3305
0.9114 0.7820 1.4733 0.5973 0.5973 4.1247 0.2188 0.2188 0.3202 0.3202
0.8903 0.7890 1.4397 0.6105 0.6105 4.1289 0.2306 0.2306 0.3347 0.3347
0.8648 0.7992 1.4120 0.6221 0.6221 4.1604 0.2285 0.2285 0.3342 0.3342
0.8591 0.7944 1.3769 0.6190 0.6190 4.2538 0.2194 0.2194 0.3240 0.3240
0.8234 0.8014 1.3772 0.6318 0.6318 4.2190 0.2201 0.2201 0.3265 0.3265
0.8067 0.8096 1.3255 0.6461 0.6461 4.2829 0.2181 0.2181 0.3261 0.3261
0.7855 0.8166 1.2388 0.6593 0.6593 4.2712 0.2153 0.2153 0.3246 0.3246
0.7761 0.8196 1.2490 0.6543 0.6543 4.3435 0.2083 0.2083 0.3160 0.3160
0.7539 0.8231 1.2559 0.6593 0.6593 4.3995 0.1944 0.1944 0.3003 0.3003
0.7379 0.8283 1.1692 0.6849 0.6849 4.3626 0.2097 0.2097 0.3211 0.3211
0.6876 0.8374 1.2006 0.6814 0.6814 4.3527 0.2104 0.2104 0.3215 0.3215
0.7091 0.8353 1.1239 0.6953 0.6953 4.5220 0.1944 0.1944 0.3039 0.3039
0.6842 0.8425 1.1320 0.7004 0.7004 4.3905 0.2167 0.2167 0.3310 0.3310
0.6751 0.8408 1.0884 0.7124 0.7124 4.5871 0.1833 0.1833 0.2916 0.2916
0.6583 0.8493 1.0566 0.7198 0.7198 4.5403 0.1931 0.1931 0.3045 0.3045
0.6081 0.8586 1.0591 0.7318 0.7318 4.4794 0.2028 0.2028 0.3176 0.3176
0.5995 0.8662 1.0376 0.7411 0.7411 4.4709 0.1965 0.1965 0.3107 0.3107
0.6145 0.8614 1.0014 0.7446 0.7446 4.4901 0.2014 0.2014 0.3170 0.3170
0.5974 0.8685 1.0072 0.7469 0.7469 4.5197 0.1972 0.1972 0.3120 0.3120
0.6037 0.8653 1.0305 0.7430 0.7430 4.5107 0.1972 0.1972 0.3117 0.3117
0.5965 0.8692 1.0022 0.7465 0.7465 4.5098 0.1951 0.1951 0.3094 0.3094
0.5824 0.8732 1.0051 0.7465 0.7465 4.4914 0.2007 0.2007 0.3163 0.3163
0.6059 0.8686 1.0356 0.7473 0.7473 4.5117 0.2062 0.2063 0.3233 0.3233
0.6093 0.8718 0.9980 0.7500 0.7500 4.5225 0.2007 0.2007 0.3167 0.3167
0.5748 0.8746 0.9801 0.7531 0.7531 4.5315 0.1965 0.1965 0.3117 0.3117
0.5975 0.8723 0.9714 0.7500 0.7500 4.5303 0.2007 0.2007 0.3167 0.3167
0.5588 0.8788 0.9787 0.7492 0.7492 4.5324 0.2007 0.2007 0.3166 0.3166
0.5916 0.8723 1.0047 0.7453 0.7453 4.5281 0.2035 0.2035 0.3197 0.3197
0.5780 0.8742 0.9584 0.7492 0.7492 4.5457 0.2049 0.2049 0.3217 0.3217
0.5675 0.8780 0.9556 0.7516 0.7516 4.5489 0.2021 0.2021 0.3185 0.3185
0.5906 0.8709 0.9535 0.7496 0.7496 4.5466 0.2021 0.2021 0.3183 0.3183
0.5718 0.8764 0.9492 0.7508 0.7508 4.5617 0.1993 0.1993 0.3150 0.3150
0.5709 0.8769 0.9689 0.7531 0.7531 4.5523 0.1986 0.1986 0.3143 0.3143
0.5736 0.8770 0.9736 0.7558 0.7558 4.5522 0.2000 0.2000 0.3163 0.3163
0.5608 0.8793 0.9730 0.7589 0.7589 4.5573 0.2007 0.2007 0.3174 0.3174
0.5677 0.8800 0.9446 0.7585 0.7585 4.5617 0.2000 0.2000 0.3165 0.3165
0.5696 0.8763 0.9675 0.7566 0.7566 4.5724 0.2035 0.2035 0.3207 0.3207
0.5714 0.8726 0.9497 0.7593 0.7593 4.5662 0.2007 0.2007 0.3175 0.3175
0.5749 0.8739 0.9437 0.7624 0.7624 4.6015 0.1924 0.1924 0.3072 0.3072
0.5587 0.8828 0.9597 0.7651 0.7651 4.5961 0.1944 0.1944 0.3101 0.3101
0.5575 0.8843 0.9580 0.7624 0.7624 4.5735 0.1972 0.1972 0.3134 0.3134
0.5615 0.8774 0.9668 0.7570 0.7570 4.5672 0.1986 0.1986 0.3147 0.3147
0.5649 0.8757 0.9158 0.7554 0.7554 4.5637 0.2000 0.2000 0.3163 0.3163
0.5430 0.8843 0.9119 0.7620 0.7620 4.6021 0.1944 0.1944 0.3098 0.3098
0.5537 0.8800 0.9268 0.7667 0.7667 4.6220 0.1917 0.1917 0.3067 0.3067
0.5517 0.8859 0.9250 0.7643 0.7643 4.6148 0.2000 0.2000 0.3170 0.3170
0.5529 0.8789 0.8974 0.7667 0.7667 4.6088 0.1979 0.1979 0.3146 0.3146
0.5464 0.8831 0.9381 0.7663 0.7663 4.6171 0.1951 0.1951 0.3111 0.3111
0.5433 0.8864 0.8954 0.7674 0.7674 4.6243 0.1944 0.1944 0.3103 0.3103
0.5415 0.8873 0.9221 0.7686 0.7686 4.6085 0.1938 0.1938 0.3095 0.3095
0.5479 0.8830 0.8875 0.7659 0.7659 4.6231 0.1958 0.1958 0.3119 0.3119
0.5505 0.8796 0.9163 0.7698 0.7698 4.6308 0.1896 0.1896 0.3042 0.3042
0.5466 0.8821 0.9209 0.7671 0.7671 4.6268 0.1889 0.1889 0.3031 0.3031
0.5578 0.8775 0.8755 0.7632 0.7632 4.6305 0.1910 0.1910 0.3055 0.3055
0.5308 0.8867 0.9037 0.7651 0.7651 4.6358 0.2000 0.2000 0.3171 0.3171
0.5379 0.8873 0.9338 0.7721 0.7721 4.6599 0.1951 0.1951 0.3115 0.3115
0.5396 0.8854 0.9045 0.7733 0.7733 4.6484 0.1896 0.1896 0.3045 0.3045
0.5291 0.8860 0.8968 0.7736 0.7736 4.6668 0.1917 0.1917 0.3072 0.3072
0.5317 0.8889 0.8807 0.7717 0.7717 4.6683 0.1889 0.1889 0.3035 0.3035
0.5407 0.8829 0.8803 0.7713 0.7713 4.6627 0.1931 0.1931 0.3088 0.3088
0.5396 0.8821 0.8609 0.7713 0.7713 4.6780 0.1910 0.1910 0.3061 0.3061
0.5324 0.8872 0.8757 0.7775 0.7775 4.6651 0.1944 0.1944 0.3111 0.3111
0.5220 0.8889 0.8904 0.7771 0.7771 4.6667 0.1944 0.1944 0.3111 0.3111
0.5204 0.8886 0.8859 0.7767 0.7767 4.6913 0.1903 0.1903 0.3057 0.3057
