6.4272 0.0106 6.7552 0.0000 0.0000 5.6105 0.0403 0.0403 0.0000 0.0000
5.9249 0.0494 7.1216 0.0000 0.0000 4.4273 0.1375 0.1375 0.0000 0.0000
5.4949 0.1770 6.7941 0.0000 0.0000 4.0455 0.2278 0.2278 0.0000 0.0000
5.0312 0.2698 6.6213 0.0000 0.0000 3.4652 0.3146 0.3146 0.0000 0.0000
4.5432 0.3499 6.1701 0.0016 0.0016 3.1285 0.3507 0.3507 0.0031 0.0031
4.0384 0.3964 5.5973 0.0066 0.0066 2.9494 0.3722 0.3722 0.0129 0.0129
3.5372 0.4215 4.9741 0.0236 0.0236 2.9907 0.3785 0.3785 0.0445 0.0445
3.1330 0.4462 4.4941 0.0500 0.0500 3.0189 0.3826 0.3826 0.0884 0.0884
2.8149 0.4682 4.0709 0.0787 0.0787 3.0393 0.3792 0.3792 0.1303 0.1303
2.5368 0.5003 3.7701 0.1147 0.1147 3.0862 0.3757 0.3757 0.1758 0.1758
2.3225 0.5226 3.4593 0.1628 0.1628 3.2208 0.3618 0.3618 0.2245 0.2245
2.1891 0.5413 3.2495 0.2035 0.2035 3.2783 0.3493 0.3493 0.2572 0.2572
2.0176 0.5718 3.1359 0.2267 0.2267 3.2805 0.3424 0.3424 0.2728 0.2728
1.8900 0.5898 2.9653 0.2632 0.2632 3.3490 0.3257 0.3257 0.2911 0.2911
1.8079 0.6123 2.7790 0.2849 0.2849 3.4194 0.3354 0.3354 0.3081 0.3081
1.7267 0.6222 2.6354 0.3093 0.3093 3.4696 0.3028 0.3028 0.3060 0.3060
1.6350 0.6368 2.5471 0.3422 0.3422 3.5402 0.3021 0.3021 0.3209 0.3209
1.5430 0.6493 2.4964 0.3500 0.3500 3.5815 0.2917 0.2917 0.3182 0.3182
1.5017 0.6586 2.3966 0.3640 0.3640 3.6166 0.2847 0.2847 0.3195 0.3195
1.4562 0.6690 2.3426 0.4050 0.4050 3.6845 0.2868 0.2868 0.3358 0.3358
1.3991 0.6782 2.2410 0.4047 0.4047 3.7275 0.2701 0.2701 0.3240 0.3240
1.3506 0.6824 2.1594 0.4163 0.4163 3.7559 0.2646 0.2646 0.3235 0.3235
1.2960 0.6932 2.0285 0.4484 0.4484 3.8059 0.2611 0.2611 0.3300 0.3300
1.2791 0.7013 2.0207 0.4597 0.4597 3.8590 0.2431 0.2431 0.3180 0.3180
1.2081 0.7162 1.9782 0.4647 0.4647 3.9267 0.2347 0.2347 0.3119 0.3119
1.2046 0.7186 1.9927 0.4767 0.4767 3.9068 0.2556 0.2556 0.3327 0.3327
1.1592 0.7289 1.8814 0.4942 0.4942 3.9800 0.2174 0.2174 0.3019 0.3019
1.1134 0.7396 1.8069 0.5112 0.5112 3.9635 0.2410 0.2410 0.3276 0.3276
1.1064 0.7393 1.7612 0.5314 0.5314 4.0036 0.2451 0.2451 0.3355 0.3355
1.0661 0.7482 1.7707 0.5236 0.5236 4.0688 0.2208 0.2208 0.3107 0.3107
1.0337 0.7572 1.6463 0.5589 0.5589 4.1254 0.2056 0.2056 0.3006 0.3006
1.0076 0.7626 1.7079 0.5465 0.5465 4.0945 0.2347 0.2347 0.3284 0.3284
0.9840 0.7708 1.5991 0.5671 0.5671 4.1993 0.2146 0.2146 0.3113 0.3113
0.9684 0.7747 1.5418 0.5698 0.5698 4.1998 0.2097 0.2097 0.3066 0.3066
0.9434 0.7728 1.5491 0.5841 0.5841 4.2044 0.2118 0.2118 0.3109 0.3109
0.9273 0.7791 1.4954 0.5973 0.5973 4.2836 0.2028 0.2028 0.3028 0.3028
0.9014 0.7871 1.4983 0.5996 0.5996 4.2893 0.2083 0.2083 0.3092 0.3092
0.8715 0.7937 1.4223 0.6225 0.6225 4.3448 0.2000 0.2000 0.3027 0.3027
0.8509 0.8000 1.3997 0.6229 0.6229 4.3253 0.2021 0.2021 0.3052 0.3052
0.8370 0.8052 1.3646 0.6337 0.6337 4.4012 0.1875 0.1875 0.2894 0.2894
0.8189 0.8101 1.3382 0.6256 0.6256 4.4350 0.2014 0.2014 0.3047 0.3047
0.7861 0.8134 1.2766 0.6248 0.6248 4.3302 0.1972 0.1972 0.2998 0.2998
0.7767 0.8146 1.2676 0.6547 0.6547 4.4815 0.1917 0.1917 0.2965 0.2965
0.7545 0.8187 1.2456 0.6562 0.6562 4.4715 0.1840 0.1840 0.2874 0.2874
0.7331 0.8245 1.2234 0.6597 0.6597 4.5187 0.1924 0.1924 0.2979 0.2979
0.7371 0.8255 1.1737 0.6764 0.6764 4.5842 0.1701 0.1701 0.2719 0.2719
0.6949 0.8393 1.2028 0.6802 0.6802 4.5460 0.1847 0.1847 0.2905 0.2905
0.7204 0.8333 1.1601 0.6876 0.6876 4.5686 0.1931 0.1931 0.3015 0.3015
0.6705 0.8382 1.1380 0.6950 0.6950 4.6684 0.1792 0.1792 0.2849 0.2849
0.6642 0.8428 1.1320 0.6946 0.6946 4.6574 0.1799 0.1799 0.2857 0.2857
0.6622 0.8385 1.0883 0.7078 0.7078 4.6405 0.1854 0.1854 0.2939 0.2939
0.6119 0.8607 1.0174 0.7306 0.7306 4.6281 0.1785 0.1785 0.2869 0.2869
0.6042 0.8662 1.0056 0.7341 0.7341 4.6323 0.1812 0.1813 0.2907 0.2907
0.6105 0.8617 0.9945 0.7438 0.7438 4.6387 0.1778 0.1778 0.2870 0.2870
0.5943 0.8700 1.0064 0.7461 0.7461 4.6616 0.1799 0.1799 0.2899 0.2899
0.6047 0.8648 0.9781 0.7465 0.7465 4.6773 0.1771 0.1771 0.2863 0.2863
0.5766 0.8729 0.9863 0.7453 0.7453 4.6812 0.1771 0.1771 0.2862 0.2862
0.5793 0.8703 1.0080 0.7450 0.7450 4.6687 0.1799 0.1799 0.2898 0.2898
0.5844 0.8665 0.9803 0.7430 0.7430 4.6779 0.1757 0.1757 0.2842 0.2842
0.5821 0.8668 0.9865 0.7473 0.7473 4.6838 0.1792 0.1792 0.2890 0.2890
0.5793 0.8700 0.9584 0.7496 0.7496 4.6989 0.1778 0.1778 0.2874 0.2874
0.5768 0.8733 0.9436 0.7508 0.7508 4.6966 0.1757 0.1757 0.2848 0.2848
0.5698 0.8712 0.9360 0.7492 0.7492 4.6826 0.1785 0.1785 0.2883 0.2883
0.5689 0.8763 0.9621 0.7484 0.7484 4.6883 0.1785 0.1785 0.2882 0.2882
0.5748 0.8758 0.9381 0.7481 0.7481 4.7028 0.1764 0.1764 0.2855 0.2855
0.5507 0.8816 0.9784 0.7547 0.7547 4.6999 0.1764 0.1764 0.2859 0.2859
0.5660 0.8761 0.9791 0.7543 0.7543 4.7022 0.1688 0.1688 0.2758 0.2758
0.5640 0.8758 0.9723 0.7550 0.7550 4.7097 0.1688 0.1688 0.2758 0.2758
0.5584 0.8751 0.9442 0.7570 0.7570 4.7284 0.1722 0.1722 0.2806 0.2806
0.5708 0.8727 0.9480 0.7570 0.7570 4.7568 0.1722 0.1722 0.2806 0.2806
0.5676 0.8737 0.9258 0.7578 0.7578 4.7519 0.1757 0.1757 0.2853 0.2853
0.5632 0.8731 0.9352 0.7566 0.7566 4.7525 0.1736 0.1736 0.2824 0.2824
0.5575 0.8757 0.9369 0.7609 0.7609 4.7620 0.1736 0.1736 0.2827 0.2827
0.5506 0.8798 0.9290 0.7581 0.7581 4.7517 0.1729 0.1729 0.2816 0.2816
0.5388 0.8811 0.9319 0.7578 0.7578 4.7496 0.1736 0.1736 0.2825 0.2825
0.5598 0.8762 0.8854 0.7612 0.7612 4.7742 0.1688 0.1688 0.2763 0.2763
0.5645 0.8763 0.9169 0.7628 0.7628 4.7930 0.1715 0.1715 0.2801 0.2801
0.5492 0.8836 0.9394 0.7616 0.7616 4.7969 0.1736 0.1736 0.2828 0.2828
0.5443 0.8825 0.9292 0.7628 0.7628 4.7681 0.1736 0.1736 0.2828 0.2828
0.5451 0.8837 0.9251 0.7597 0.7597 4.7598 0.1729 0.1729 0.2817 0.2817
0.5481 0.8752 0.9226 0.7643 0.7643 4.7786 0.1736 0.1736 0.2830 0.2830
0.5468 0.8801 0.9195 0.7659 0.7659 4.8045 0.1701 0.1701 0.2784 0.2784
0.5435 0.8814 0.9093 0.7655 0.7655 4.8028 0.1715 0.1715 0.2803 0.2803
0.5314 0.8879 0.9269 0.7702 0.7702 4.7815 0.1708 0.1708 0.2796 0.2796
0.5216 0.8885 0.9483 0.7705 0.7705 4.7937 0.1694 0.1694 0.2778 0.2778
0.5423 0.8785 0.9031 0.7729 0.7729 4.8294 0.1701 0.1701 0.2789 0.2789
0.5325 0.8871 0.9164 0.7674 0.7674 4.8144 0.1660 0.1660 0.2729 0.2729
0.5360 0.8789 0.9124 0.7682 0.7682 4.8036 0.1715 0.1715 0.2804 0.2804
0.5195 0.8908 0.9227 0.7733 0.7733 4.7979 0.1688 0.1688 0.2770 0.2770
0.5278 0.8877 0.8950 0.7748 0.7748 4.8188 0.1639 0.1639 0.2706 0.2706
0.5278 0.8883 0.8559 0.7752 0.7752 4.8238 0.1618 0.1618 0.2677 0.2677
0.5375 0.8818 0.9048 0.7721 0.7721 4.8448 0.1660 0.1660 0.2732 0.2732
0.5328 0.8826 0.9153 0.7736 0.7736 4.8550 0.1639 0.1639 0.2705 0.2705
0.5265 0.8885 0.8903 0.7748 0.7748 4.8394 0.1653 0.1653 0.2724 0.2724
0.5288 0.8844 0.8615 0.7748 0.7748 4.8475 0.1618 0.1618 0.2677 0.2677
0.5164 0.8867 0.9051 0.7783 0.7783 4.8281 0.1653 0.1653 0.2727 0.2727
0.5280 0.8852 0.8718 0.7771 0.7771 4.8528 0.1604 0.1604 0.2659 0.2659
0.5351 0.8853 0.9287 0.7795 0.7795 4.8642 0.1632 0.1632 0.2699 0.2699
0.5207 0.8897 0.8658 0.7791 0.7791 4.8655 0.1694 0.1694 0.2783 0.2783
0.5126 0.8912 0.8414 0.7787 0.7787 4.8445 0.1701 0.1701 0.2793 0.2793
