6.3519 0.0147 6.8390 0.0000 0.0000 5.4610 0.0354 0.0354 0.0000 0.0000
5.6808 0.0734 7.6019 0.0000 0.0000 4.1677 0.1583 0.1583 0.0000 0.0000
5.1869 0.2383 7.0396 0.0000 0.0000 3.8540 0.2583 0.2583 0.0000 0.0000
4.6898 0.3491 7.0356 0.0000 0.0000 3.2001 0.3257 0.3257 0.0000 0.0000
4.1807 0.4287 6.6074 0.0000 0.0000 2.8791 0.3583 0.3583 0.0000 0.0000
3.7052 0.4852 6.1245 0.0000 0.0000 2.7081 0.3819 0.3819 0.0000 0.0000
3.2686 0.5103 5.5331 0.0035 0.0035 2.6694 0.3896 0.3896 0.0069 0.0069
2.8943 0.5318 5.0387 0.0202 0.0202 2.7593 0.3958 0.3958 0.0384 0.0384
2.5858 0.5538 4.5486 0.0415 0.0415 2.7928 0.3993 0.3993 0.0751 0.0751
2.3694 0.5626 4.2423 0.0733 0.0733 2.8446 0.3965 0.3965 0.1237 0.1237
2.1465 0.5890 3.9551 0.1008 0.1008 2.9107 0.3854 0.3854 0.1598 0.1598
2.0124 0.6094 3.6613 0.1329 0.1329 3.0146 0.3875 0.3875 0.1980 0.1980
1.8556 0.6212 3.4771 0.1609 0.1609 2.9990 0.3896 0.3896 0.2277 0.2277
1.7487 0.6385 3.2667 0.1876 0.1876 3.1210 0.3750 0.3750 0.2501 0.2501
1.6541 0.6525 3.1249 0.2275 0.2275 3.2177 0.3569 0.3569 0.2779 0.2779
1.5980 0.6636 3.0003 0.2411 0.2411 3.2250 0.3618 0.3618 0.2894 0.2894
1.4896 0.6734 2.8608 0.2636 0.2636 3.3292 0.3486 0.3486 0.3002 0.3002
1.4368 0.6900 2.7962 0.2826 0.2826 3.3705 0.3333 0.3333 0.3059 0.3059
1.3721 0.6989 2.6956 0.3159 0.3159 3.4438 0.3299 0.3299 0.3227 0.3227
1.3426 0.7102 2.5894 0.3275 0.3275 3.4624 0.3208 0.3208 0.3241 0.3241
1.2648 0.7213 2.5155 0.3523 0.3523 3.5272 0.3139 0.3139 0.3320 0.3320
1.2332 0.7260 2.4203 0.3585 0.3585 3.5724 0.3181 0.3181 0.3371 0.3371
1.2066 0.7352 2.3432 0.3736 0.3736 3.6176 0.3035 0.3035 0.3349 0.3349
1.1368 0.7474 2.2738 0.3961 0.3961 3.6460 0.3042 0.3042 0.3441 0.3441
1.1185 0.7444 2.2191 0.4097 0.4097 3.7218 0.2868 0.2868 0.3374 0.3374
1.0933 0.7530 2.1605 0.4221 0.4221 3.7369 0.2917 0.2917 0.3450 0.3450
1.0672 0.7562 2.1428 0.4380 0.4380 3.7797 0.2896 0.2896 0.3486 0.3486
1.0324 0.7596 2.0653 0.4488 0.4488 3.8316 0.2840 0.2840 0.3479 0.3479
1.0190 0.7686 1.9699 0.4570 0.4570 3.8640 0.2667 0.2667 0.3368 0.3368
0.9954 0.7765 1.9465 0.4841 0.4841 3.8586 0.2694 0.2694 0.3462 0.3462
0.9359 0.7849 1.8915 0.4826 0.4826 3.9715 0.2646 0.2646 0.3418 0.3418
0.9238 0.7851 1.9069 0.4845 0.4845 4.0032 0.2535 0.2535 0.3328 0.3328
0.9087 0.7893 1.8161 0.5167 0.5167 4.0086 0.2583 0.2583 0.3444 0.3444
0.8690 0.7966 1.7814 0.5043 0.5043 4.0501 0.2576 0.2576 0.3410 0.3410
0.8563 0.8029 1.7080 0.5310 0.5310 4.0257 0.2472 0.2472 0.3374 0.3374
0.8487 0.7995 1.6952 0.5271 0.5271 4.1320 0.2472 0.2472 0.3366 0.3366
0.8070 0.8119 1.6613 0.5302 0.5302 4.0922 0.2382 0.2382 0.3287 0.3287
0.8167 0.8108 1.6342 0.5543 0.5543 4.2691 0.2361 0.2361 0.3312 0.3312
0.7884 0.8125 1.5806 0.5508 0.5508 4.2370 0.2479 0.2479 0.3419 0.3419
0.7563 0.8211 1.5953 0.5570 0.5570 4.2059 0.2424 0.2424 0.3378 0.3378
0.7778 0.8172 1.5680 0.5721 0.5721 4.2940 0.2215 0.2215 0.3194 0.3194
0.7285 0.8238 1.4853 0.5779 0.5779 4.3343 0.2236 0.2236 0.3225 0.3225
0.7150 0.8305 1.5122 0.5926 0.5926 4.4027 0.2313 0.2313 0.3327 0.3327
0.7044 0.8340 1.4542 0.5922 0.5922 4.3179 0.2243 0.2243 0.3254 0.3254
0.7158 0.8272 1.3817 0.6093 0.6093 4.4187 0.2111 0.2111 0.3136 0.3136
0.6873 0.8379 1.4422 0.6097 0.6097 4.4592 0.2049 0.2049 0.3067 0.3067
0.6461 0.8463 1.3971 0.6205 0.6205 4.4920 0.2146 0.2146 0.3189 0.3189
0.6573 0.8458 1.3312 0.6345 0.6345 4.5241 0.2104 0.2104 0.3160 0.3160
0.6284 0.8513 1.3437 0.6357 0.6357 4.4737 0.2104 0.2104 0.3162 0.3162
0.6179 0.8560 1.3224 0.6430 0.6430 4.5377 0.2222 0.2222 0.3303 0.3303
0.6179 0.8521 1.2455 0.6535 0.6535 4.5155 0.2188 0.2188 0.3278 0.3278
0.5831 0.8636 1.2156 0.6690 0.6690 4.5228 0.2174 0.2174 0.3281 0.3281
0.5749 0.8698 1.1860 0.6810 0.6810 4.5511 0.2090 0.2090 0.3199 0.3199
0.5687 0.8748 1.1816 0.6872 0.6872 4.5556 0.2097 0.2097 0.3214 0.3214
0.5589 0.8782 1.1941 0.6880 0.6880 4.5426 0.2097 0.2097 0.3215 0.3215
0.5649 0.8726 1.1790 0.6899 0.6899 4.5590 0.2125 0.2125 0.3249 0.3249
0.5496 0.8798 1.1661 0.6864 0.6864 4.5767 0.2111 0.2111 0.3229 0.3229
0.5574 0.8751 1.2020 0.6895 0.6895 4.5775 0.2056 0.2056 0.3167 0.3167
0.5313 0.8798 1.1614 0.6884 0.6884 4.5919 0.2097 0.2097 0.3215 0.3215
0.5527 0.8756 1.1361 0.6965 0.6965 4.5695 0.2139 0.2139 0.3273 0.3273
0.5428 0.8769 1.1455 0.6922 0.6922 4.5877 0.2076 0.2076 0.3195 0.3195
0.5400 0.8794 1.1624 0.6957 0.6957 4.6249 0.2000 0.2000 0.3107 0.3107
0.5438 0.8780 1.1619 0.6973 0.6973 4.6076 0.2028 0.2028 0.3142 0.3142
0.5269 0.8826 1.1264 0.6984 0.6984 4.6311 0.2042 0.2042 0.3160 0.3160
0.5210 0.8846 1.1705 0.6946 0.6946 4.6093 0.2069 0.2069 0.3189 0.3189
0.5310 0.8811 1.1544 0.6919 0.6919 4.6030 0.2069 0.2069 0.3186 0.3186
0.5475 0.8713 1.1090 0.6973 0.6973 4.6405 0.2042 0.2042 0.3159 0.3159
0.5393 0.8769 1.1230 0.6977 0.6977 4.6436 0.2028 0.2028 0.3142 0.3142
0.5403 0.8779 1.1355 0.6973 0.6973 4.6340 0.1986 0.1986 0.3092 0.3092
0.5248 0.8796 1.1583 0.6969 0.6969 4.6526 0.2014 0.2014 0.3125 0.3125
0.5438 0.8766 1.1262 0.6984 0.6984 4.6357 0.2007 0.2007 0.3118 0.3118
0.5202 0.8821 1.1357 0.6981 0.6981 4.6556 0.1958 0.1958 0.3059 0.3059
0.5296 0.8795 1.1218 0.6992 0.6992 4.6593 0.2021 0.2021 0.3135 0.3135
0.5384 0.8790 1.1201 0.7008 0.7008 4.6541 0.2035 0.2035 0.3154 0.3154
0.5215 0.8858 1.1051 0.7043 0.7043 4.6680 0.1979 0.1979 0.3090 0.3090
0.5208 0.8812 1.1517 0.7058 0.7058 4.6740 0.1951 0.1951 0.3057 0.3057
0.5151 0.8853 1.1029 0.7066 0.7066 4.6810 0.1944 0.1944 0.3050 0.3050
0.5170 0.8822 1.1534 0.6992 0.6992 4.6760 0.2028 0.2028 0.3144 0.3144
0.5256 0.8761 1.1165 0.7039 0.7039 4.6612 0.2014 0.2014 0.3132 0.3132
0.5154 0.8832 1.0971 0.7062 0.7062 4.6836 0.2028 0.2028 0.3151 0.3151
0.5271 0.8817 1.1001 0.7105 0.7105 4.6982 0.1965 0.1965 0.3079 0.3079
0.5304 0.8802 1.1198 0.7105 0.7105 4.6959 0.1944 0.1944 0.3053 0.3053
0.5318 0.8808 1.0591 0.7078 0.7078 4.6899 0.1958 0.1958 0.3068 0.3068
0.5261 0.8823 1.0678 0.7074 0.7074 4.7108 0.1951 0.1951 0.3059 0.3059
0.5119 0.8876 1.0870 0.7132 0.7132 4.7031 0.1931 0.1931 0.3039 0.3039
0.5204 0.8847 1.0873 0.7151 0.7151 4.7065 0.1938 0.1938 0.3049 0.3049
0.5231 0.8842 1.0804 0.7101 0.7101 4.7060 0.1944 0.1944 0.3053 0.3053
0.5136 0.8806 1.0698 0.7128 0.7128 4.7040 0.1965 0.1965 0.3081 0.3081
0.5131 0.8808 1.0492 0.7101 0.7101 4.7293 0.1965 0.1965 0.3079 0.3079
0.5084 0.8861 1.1217 0.7159 0.7159 4.7373 0.2035 0.2035 0.3169 0.3169
0.5183 0.8857 1.0881 0.7128 0.7128 4.7221 0.1979 0.1979 0.3098 0.3098
0.5136 0.8854 1.0408 0.7132 0.7132 4.7195 0.1958 0.1958 0.3073 0.3073
0.4918 0.8915 1.0600 0.7155 0.7155 4.7042 0.2000 0.2000 0.3126 0.3126
0.5240 0.8833 1.0414 0.7109 0.7109 4.7230 0.1972 0.1972 0.3088 0.3088
0.5052 0.8883 1.0649 0.7140 0.7140 4.7463 0.1917 0.1917 0.3022 0.3022
0.4871 0.8928 1.0346 0.7182 0.7182 4.7316 0.1979 0.1979 0.3103 0.3103
0.5020 0.8863 1.0603 0.7198 0.7198 4.7263 0.2007 0.2007 0.3139 0.3139
0.5053 0.8863 1.0530 0.7229 0.7229 4.7429 0.1965 0.1965 0.3090 0.3090
0.4944 0.8883 1.0340 0.7190 0.7190 4.7271 0.1958 0.1958 0.3078 0.3078
0.5045 0.8843 1.0490 0.7194 0.7194 4.7343 0.1965 0.1965 0.3087 0.3087
