6.3171 0.0100 6.9109 0.0000 0.0000 5.3513 0.0243 0.0243 0.0000 0.0000
5.6836 0.0665 7.4391 0.0000 0.0000 4.2576 0.1639 0.1639 0.0000 0.0000
5.2007 0.2537 7.0546 0.0000 0.0000 3.8752 0.2562 0.2563 0.0000 0.0000
4.7181 0.3552 7.0480 0.0000 0.0000 3.2314 0.3333 0.3333 0.0000 0.0000
4.2083 0.4381 6.6890 0.0000 0.0000 2.8656 0.3604 0.3604 0.0000 0.0000
3.6981 0.4890 6.1292 0.0004 0.0004 2.7105 0.3799 0.3799 0.0008 0.0008
3.2558 0.5200 5.5574 0.0054 0.0054 2.6896 0.3944 0.3944 0.0107 0.0107
2.8798 0.5306 5.0416 0.0225 0.0225 2.7452 0.4021 0.4021 0.0426 0.0426
2.5813 0.5480 4.5489 0.0426 0.0426 2.8139 0.3986 0.3986 0.0770 0.0770
2.3304 0.5754 4.2021 0.0771 0.0771 2.8823 0.4062 0.4062 0.1296 0.1296
2.1671 0.5919 3.9268 0.1116 0.1116 2.9597 0.3861 0.3861 0.1732 0.1732
1.9844 0.6096 3.6439 0.1403 0.1403 3.0256 0.3840 0.3840 0.2055 0.2055
1.8621 0.6261 3.4881 0.1702 0.1702 3.0684 0.3764 0.3764 0.2344 0.2344
1.7371 0.6436 3.2635 0.2016 0.2016 3.1644 0.3583 0.3583 0.2580 0.2580
1.6379 0.6589 3.1493 0.2233 0.2233 3.1845 0.3542 0.3542 0.2739 0.2739
1.5522 0.6713 2.9187 0.2539 0.2539 3.2961 0.3299 0.3299 0.2869 0.2869
1.4929 0.6763 2.8243 0.2771 0.2771 3.3151 0.3347 0.3347 0.3032 0.3032
1.4055 0.6970 2.7490 0.3062 0.3062 3.3764 0.3306 0.3306 0.3179 0.3179
1.3676 0.7041 2.5862 0.3267 0.3267 3.5000 0.3132 0.3132 0.3198 0.3198
1.3306 0.7067 2.5355 0.3364 0.3364 3.4667 0.3104 0.3104 0.3229 0.3229
1.2817 0.7175 2.4351 0.3585 0.3585 3.5394 0.3021 0.3021 0.3279 0.3279
1.2029 0.7325 2.4139 0.3698 0.3698 3.5745 0.2972 0.2972 0.3295 0.3295
1.1835 0.7325 2.2582 0.3791 0.3791 3.5834 0.2910 0.2910 0.3292 0.3292
1.1369 0.7427 2.2637 0.3965 0.3965 3.6035 0.3028 0.3028 0.3434 0.3434
1.1133 0.7471 2.1839 0.4163 0.4163 3.6714 0.2910 0.2910 0.3425 0.3425
1.0720 0.7527 2.1038 0.4283 0.4283 3.7060 0.2840 0.2840 0.3416 0.3416
1.0217 0.7663 2.0801 0.4333 0.4333 3.8208 0.2660 0.2660 0.3296 0.3296
1.0125 0.7646 2.1129 0.4446 0.4446 3.8366 0.2847 0.2847 0.3471 0.3471
1.0055 0.7691 1.9920 0.4620 0.4620 3.7893 0.2750 0.2750 0.3448 0.3448
0.9610 0.7814 1.9230 0.4713 0.4713 3.9399 0.2542 0.2542 0.3302 0.3302
0.9466 0.7796 1.9350 0.4872 0.4872 3.9558 0.2535 0.2535 0.3335 0.3335
0.9139 0.7876 1.8332 0.4922 0.4922 3.9733 0.2493 0.2493 0.3310 0.3310
0.8698 0.7968 1.8118 0.5023 0.5023 3.9780 0.2514 0.2514 0.3351 0.3351
0.8750 0.8018 1.7792 0.5256 0.5256 4.0247 0.2549 0.2549 0.3433 0.3433
0.8427 0.8068 1.7260 0.5229 0.5229 4.0488 0.2521 0.2521 0.3402 0.3402
0.8289 0.8034 1.6918 0.5306 0.5306 4.1574 0.2208 0.2208 0.3119 0.3119
0.8291 0.8048 1.6771 0.5473 0.5473 4.1383 0.2368 0.2368 0.3306 0.3306
0.7838 0.8199 1.6321 0.5616 0.5616 4.1717 0.2347 0.2347 0.3311 0.3311
0.7676 0.8192 1.5677 0.5709 0.5709 4.1817 0.2340 0.2340 0.3320 0.3320
0.7508 0.8254 1.5322 0.5721 0.5721 4.1671 0.2236 0.2236 0.3215 0.3215
0.7396 0.8293 1.5595 0.5787 0.5787 4.2645 0.2326 0.2326 0.3319 0.3319
0.7435 0.8261 1.4676 0.5814 0.5814 4.3193 0.2194 0.2194 0.3186 0.3186
0.7302 0.8268 1.4861 0.5919 0.5919 4.2791 0.2292 0.2292 0.3304 0.3304
0.6954 0.8362 1.3934 0.6078 0.6078 4.3742 0.2104 0.2104 0.3126 0.3126
0.6787 0.8415 1.4484 0.6043 0.6043 4.3920 0.2118 0.2118 0.3137 0.3137
0.6613 0.8434 1.3840 0.6147 0.6147 4.3996 0.2056 0.2056 0.3081 0.3081
0.6508 0.8467 1.3387 0.6186 0.6186 4.4715 0.2076 0.2076 0.3109 0.3109
0.6400 0.8468 1.3547 0.6275 0.6275 4.4785 0.2062 0.2063 0.3105 0.3105
0.6347 0.8472 1.3061 0.6341 0.6341 4.5818 0.2062 0.2063 0.3113 0.3113
0.6331 0.8522 1.2663 0.6329 0.6329 4.5116 0.2000 0.2000 0.3040 0.3040
0.6282 0.8506 1.2485 0.6484 0.6484 4.4539 0.2014 0.2014 0.3073 0.3073
0.5897 0.8645 1.2142 0.6686 0.6686 4.4594 0.2021 0.2021 0.3104 0.3104
0.5839 0.8658 1.1645 0.6806 0.6806 4.4948 0.2035 0.2035 0.3133 0.3133
0.5660 0.8690 1.2076 0.6884 0.6884 4.4989 0.1993 0.1993 0.3091 0.3091
0.5582 0.8791 1.1636 0.6872 0.6872 4.5145 0.2021 0.2021 0.3123 0.3123
0.5406 0.8761 1.1506 0.6864 0.6864 4.5210 0.1958 0.1958 0.3047 0.3047
0.5500 0.8741 1.1685 0.6864 0.6864 4.5552 0.1917 0.1917 0.2997 0.2997
0.5406 0.8819 1.1573 0.6922 0.6922 4.5441 0.1944 0.1944 0.3036 0.3036
0.5419 0.8780 1.1440 0.6915 0.6915 4.5363 0.1986 0.1986 0.3086 0.3086
0.5456 0.8754 1.1367 0.6891 0.6891 4.5472 0.1972 0.1972 0.3067 0.3067
0.5489 0.8763 1.1537 0.6934 0.6934 4.5707 0.1951 0.1951 0.3046 0.3046
0.5506 0.8762 1.1429 0.6938 0.6938 4.5919 0.1938 0.1938 0.3029 0.3029
0.5504 0.8735 1.1284 0.6915 0.6915 4.5781 0.2000 0.2000 0.3103 0.3103
0.5525 0.8751 1.1217 0.6950 0.6950 4.5732 0.2042 0.2042 0.3156 0.3156
0.5317 0.8777 1.1370 0.6984 0.6984 4.5888 0.1958 0.1958 0.3059 0.3059
0.5421 0.8777 1.1354 0.6973 0.6973 4.6070 0.1910 0.1910 0.2998 0.2998
0.5398 0.8771 1.1405 0.6992 0.6992 4.6243 0.1903 0.1903 0.2991 0.2991
0.5337 0.8804 1.0959 0.7008 0.7008 4.6077 0.1944 0.1944 0.3044 0.3044
0.5226 0.8836 1.0899 0.7008 0.7008 4.6112 0.1979 0.1979 0.3087 0.3087
0.5301 0.8812 1.1020 0.7008 0.7008 4.6129 0.1917 0.1917 0.3010 0.3010
0.5283 0.8808 1.0944 0.7058 0.7058 4.6258 0.1882 0.1882 0.2972 0.2972
0.5268 0.8848 1.0912 0.7078 0.7078 4.6322 0.1889 0.1889 0.2982 0.2982
0.5263 0.8820 1.0782 0.7019 0.7019 4.6242 0.1910 0.1910 0.3003 0.3003
0.5236 0.8814 1.0890 0.7039 0.7039 4.6027 0.1951 0.1951 0.3056 0.3056
0.5218 0.8792 1.0994 0.7023 0.7023 4.6133 0.1965 0.1965 0.3071 0.3071
0.5297 0.8829 1.0836 0.7066 0.7066 4.6165 0.1958 0.1958 0.3067 0.3067
0.5285 0.8806 1.0932 0.7078 0.7078 4.6494 0.1868 0.1868 0.2956 0.2956
0.5376 0.8803 1.1007 0.7101 0.7101 4.6727 0.1847 0.1847 0.2932 0.2932
0.5045 0.8840 1.1013 0.7089 0.7089 4.6715 0.1903 0.1903 0.3000 0.3000
0.5159 0.8884 1.1140 0.7109 0.7109 4.6688 0.1896 0.1896 0.2993 0.2993
0.5175 0.8873 1.1062 0.7078 0.7078 4.6606 0.1847 0.1847 0.2930 0.2930
0.5158 0.8875 1.0884 0.7093 0.7093 4.6449 0.1854 0.1854 0.2940 0.2940
0.5072 0.8887 1.0784 0.7066 0.7066 4.6418 0.1854 0.1854 0.2938 0.2938
0.5135 0.8817 1.0406 0.7097 0.7097 4.6785 0.1903 0.1903 0.3001 0.3001
0.5148 0.8830 1.0869 0.7143 0.7143 4.6991 0.1896 0.1896 0.2996 0.2996
0.5120 0.8858 1.0327 0.7124 0.7124 4.6860 0.1861 0.1861 0.2951 0.2951
0.4994 0.8884 1.0455 0.7136 0.7136 4.6607 0.1917 0.1917 0.3022 0.3022
0.4946 0.8879 1.0708 0.7163 0.7163 4.6512 0.1861 0.1861 0.2955 0.2955
0.5100 0.8811 1.0505 0.7186 0.7186 4.6865 0.1812 0.1813 0.2895 0.2895
0.5115 0.8854 1.0434 0.7178 0.7178 4.7061 0.1812 0.1813 0.2894 0.2894
0.5037 0.8881 1.0493 0.7229 0.7229 4.7119 0.1847 0.1847 0.2943 0.2943
0.4975 0.8926 1.0269 0.7217 0.7217 4.7299 0.1799 0.1799 0.2880 0.2880
0.4997 0.8876 1.0476 0.7217 0.7217 4.7100 0.1868 0.1868 0.2968 0.2968
0.4983 0.8892 1.0098 0.7229 0.7229 4.6942 0.1896 0.1896 0.3004 0.3004
0.4883 0.8916 1.0600 0.7221 0.7221 4.6824 0.1868 0.1868 0.2968 0.2968
0.4794 0.8902 1.0632 0.7202 0.7202 4.6953 0.1812 0.1813 0.2896 0.2896
0.5013 0.8892 1.0297 0.7267 0.7267 4.7291 0.1840 0.1840 0.2937 0.2937
0.5015 0.8850 1.0417 0.7236 0.7236 4.7311 0.1785 0.1785 0.2863 0.2863
0.5071 0.8866 1.0509 0.7298 0.7298 4.7513 0.1771 0.1771 0.2850 0.2850
0.4900 0.8914 1.0260 0.7329 0.7329 4.7390 0.1840 0.1840 0.2942 0.2942
