6.2472 0.0204 7.0673 0.0000 0.0000 5.2402 0.0361 0.0361 0.0000 0.0000
5.3696 0.1118 8.0523 0.0000 0.0000 4.0019 0.1590 0.1590 0.0000 0.0000
4.8100 0.2742 7.4631 0.0000 0.0000 3.6582 0.2556 0.2556 0.0000 0.0000
4.2650 0.4000 7.5673 0.0000 0.0000 3.0506 0.3257 0.3257 0.0000 0.0000
3.7498 0.5173 7.2235 0.0000 0.0000 2.7160 0.3681 0.3681 0.0000 0.0000
3.2865 0.5864 6.8115 0.0000 0.0000 2.5355 0.3840 0.3840 0.0000 0.0000
2.8908 0.6181 6.3240 0.0004 0.0004 2.5157 0.3917 0.3917 0.0008 0.0008
2.5840 0.6367 5.8275 0.0031 0.0031 2.5363 0.3924 0.3924 0.0062 0.0062
2.3075 0.6482 5.3481 0.0151 0.0151 2.6494 0.3924 0.3924 0.0291 0.0291
2.1229 0.6577 5.0101 0.0256 0.0256 2.6809 0.3937 0.3938 0.0480 0.0480
1.9510 0.6659 4.6811 0.0446 0.0446 2.7645 0.3889 0.3889 0.0800 0.0800
1.8235 0.6828 4.2777 0.0690 0.0690 2.8966 0.4007 0.4007 0.1177 0.1177
1.6878 0.6906 4.1654 0.0899 0.0899 2.9244 0.3910 0.3910 0.1462 0.1462
1.5915 0.7047 3.8587 0.1217 0.1217 3.0743 0.3979 0.3979 0.1864 0.1864
1.4913 0.7170 3.7056 0.1434 0.1434 3.1067 0.3806 0.3806 0.2083 0.2083
1.4099 0.7275 3.5569 0.1651 0.1651 3.1490 0.3826 0.3826 0.2307 0.2307
1.3609 0.7288 3.3894 0.1946 0.1946 3.2554 0.3611 0.3611 0.2529 0.2529
1.2752 0.7395 3.2100 0.2163 0.2163 3.3614 0.3632 0.3632 0.2711 0.2711
1.2209 0.7512 3.1464 0.2182 0.2182 3.3402 0.3625 0.3625 0.2724 0.2724
1.1878 0.7502 3.0241 0.2450 0.2450 3.4128 0.3472 0.3472 0.2873 0.2873
1.1557 0.7603 2.9405 0.2667 0.2667 3.4302 0.3500 0.3500 0.3027 0.3027
1.1030 0.7710 2.8539 0.2845 0.2845 3.5165 0.3403 0.3403 0.3099 0.3099
1.0866 0.7705 2.7563 0.3054 0.3054 3.6040 0.3417 0.3417 0.3225 0.3225
1.0314 0.7811 2.7099 0.3089 0.3089 3.6183 0.3333 0.3333 0.3207 0.3207
0.9847 0.7913 2.6796 0.3298 0.3298 3.6953 0.3271 0.3271 0.3285 0.3285
0.9735 0.7912 2.5735 0.3473 0.3473 3.7488 0.3153 0.3153 0.3305 0.3305
0.9299 0.7971 2.4714 0.3500 0.3500 3.7059 0.3174 0.3174 0.3329 0.3329
0.9052 0.8009 2.4415 0.3628 0.3628 3.8117 0.3111 0.3111 0.3350 0.3350
0.9024 0.8049 2.4249 0.3659 0.3659 3.7947 0.3146 0.3146 0.3383 0.3383
0.8616 0.8051 2.2996 0.4004 0.4004 3.8615 0.2993 0.2993 0.3425 0.3425
0.8634 0.8067 2.2243 0.3988 0.3988 3.9167 0.2979 0.2979 0.3411 0.3411
0.8223 0.8156 2.2238 0.4058 0.4058 3.9598 0.2993 0.2993 0.3445 0.3445
0.8203 0.8186 2.1192 0.4372 0.4372 4.0130 0.2882 0.2882 0.3474 0.3474
0.8075 0.8210 2.1954 0.4209 0.4209 3.9563 0.3000 0.3000 0.3503 0.3503
0.7517 0.8296 2.0876 0.4461 0.4461 4.0789 0.2806 0.2806 0.3445 0.3445
0.7696 0.8257 1.9746 0.4589 0.4589 4.1265 0.2715 0.2715 0.3412 0.3412
0.7428 0.8339 1.9885 0.4605 0.4605 4.0988 0.2764 0.2764 0.3454 0.3454
0.7481 0.8339 1.9465 0.4694 0.4694 4.1772 0.2799 0.2799 0.3507 0.3507
0.6995 0.8372 1.9072 0.4702 0.4702 4.1370 0.2778 0.2778 0.3492 0.3492
0.7018 0.8449 1.8987 0.4860 0.4860 4.2286 0.2604 0.2604 0.3391 0.3391
0.6799 0.8394 1.8232 0.4992 0.4992 4.2354 0.2535 0.2535 0.3362 0.3362
0.6895 0.8383 1.7418 0.5074 0.5074 4.2635 0.2604 0.2604 0.3442 0.3442
0.6510 0.8511 1.8429 0.5074 0.5074 4.3196 0.2493 0.2493 0.3343 0.3343
0.6474 0.8480 1.7279 0.5198 0.5198 4.2912 0.2576 0.2576 0.3445 0.3445
0.6270 0.8532 1.6754 0.5275 0.5275 4.3563 0.2590 0.2590 0.3474 0.3474
0.6200 0.8568 1.6860 0.5345 0.5345 4.3668 0.2417 0.2417 0.3328 0.3328
0.5981 0.8600 1.6413 0.5399 0.5399 4.4253 0.2486 0.2486 0.3405 0.3405
0.6003 0.8641 1.6119 0.5589 0.5589 4.4875 0.2410 0.2410 0.3368 0.3368
0.6020 0.8595 1.6000 0.5496 0.5496 4.4905 0.2458 0.2458 0.3397 0.3397
0.5576 0.8688 1.5733 0.5589 0.5589 4.5263 0.2306 0.2306 0.3264 0.3264
0.5694 0.8712 1.5471 0.5717 0.5717 4.4959 0.2347 0.2347 0.3328 0.3328
0.5545 0.8694 1.4810 0.5826 0.5826 4.4952 0.2313 0.2313 0.3311 0.3311
0.5202 0.8784 1.4955 0.5953 0.5953 4.4828 0.2431 0.2431 0.3452 0.3452
0.5240 0.8792 1.4391 0.6058 0.6058 4.4978 0.2403 0.2403 0.3441 0.3441
0.5292 0.8787 1.4377 0.6058 0.6058 4.5178 0.2347 0.2347 0.3384 0.3384
0.4963 0.8882 1.3933 0.6078 0.6078 4.5191 0.2333 0.2333 0.3372 0.3372
0.5066 0.8852 1.4525 0.6097 0.6097 4.5029 0.2375 0.2375 0.3418 0.3418
0.5076 0.8837 1.4164 0.6109 0.6109 4.5211 0.2368 0.2368 0.3413 0.3413
0.5024 0.8832 1.3730 0.6120 0.6120 4.5379 0.2326 0.2326 0.3371 0.3371
0.5019 0.8836 1.4204 0.6159 0.6159 4.5409 0.2319 0.2319 0.3370 0.3370
0.5011 0.8853 1.3991 0.6140 0.6140 4.5312 0.2403 0.2403 0.3454 0.3454
0.5068 0.8827 1.3877 0.6116 0.6116 4.5316 0.2361 0.2361 0.3407 0.3407
0.5051 0.8841 1.4305 0.6112 0.6112 4.5119 0.2326 0.2326 0.3370 0.3370
0.5038 0.8807 1.3847 0.6105 0.6105 4.5454 0.2354 0.2354 0.3398 0.3398
0.4919 0.8857 1.3537 0.6163 0.6163 4.5675 0.2354 0.2354 0.3407 0.3407
0.5103 0.8835 1.3637 0.6163 0.6163 4.5648 0.2368 0.2368 0.3421 0.3421
0.5053 0.8834 1.3966 0.6174 0.6174 4.5368 0.2375 0.2375 0.3430 0.3430
0.4976 0.8833 1.3694 0.6198 0.6198 4.5500 0.2333 0.2333 0.3390 0.3390
0.4838 0.8895 1.3384 0.6174 0.6174 4.5711 0.2326 0.2326 0.3379 0.3379
0.4950 0.8864 1.3954 0.6178 0.6178 4.6002 0.2299 0.2299 0.3351 0.3351
0.4923 0.8872 1.3743 0.6217 0.6217 4.6311 0.2326 0.2326 0.3386 0.3386
0.4820 0.8876 1.3280 0.6236 0.6236 4.6094 0.2299 0.2299 0.3359 0.3359
0.4993 0.8828 1.3316 0.6291 0.6291 4.6089 0.2243 0.2243 0.3307 0.3307
0.4953 0.8859 1.3381 0.6244 0.6244 4.6158 0.2243 0.2243 0.3300 0.3300
0.4994 0.8839 1.3327 0.6267 0.6267 4.6289 0.2236 0.2236 0.3296 0.3296
0.4948 0.8863 1.3524 0.6298 0.6298 4.6477 0.2257 0.2257 0.3323 0.3323
0.4900 0.8871 1.3140 0.6264 0.6264 4.6371 0.2264 0.2264 0.3326 0.3326
0.4821 0.8855 1.3925 0.6225 0.6225 4.6308 0.2264 0.2264 0.3320 0.3320
0.4765 0.8914 1.3315 0.6295 0.6295 4.6158 0.2285 0.2285 0.3353 0.3353
0.4896 0.8911 1.3162 0.6302 0.6302 4.6294 0.2264 0.2264 0.3331 0.3331
0.4745 0.8896 1.3556 0.6283 0.6283 4.6192 0.2319 0.2319 0.3388 0.3388
0.4743 0.8916 1.3089 0.6275 0.6275 4.6414 0.2340 0.2340 0.3409 0.3409
0.4812 0.8896 1.3242 0.6279 0.6279 4.6442 0.2299 0.2299 0.3365 0.3365
0.4867 0.8863 1.3287 0.6310 0.6310 4.6414 0.2264 0.2264 0.3332 0.3332
0.4773 0.8925 1.3356 0.6337 0.6337 4.6536 0.2285 0.2285 0.3359 0.3359
0.5061 0.8830 1.3392 0.6345 0.6345 4.6411 0.2333 0.2333 0.3412 0.3412
0.4657 0.8921 1.3144 0.6337 0.6337 4.6318 0.2271 0.2271 0.3344 0.3344
0.4887 0.8873 1.3502 0.6326 0.6326 4.6680 0.2222 0.2222 0.3289 0.3289
0.4566 0.8947 1.3058 0.6345 0.6345 4.6611 0.2250 0.2250 0.3322 0.3322
0.4664 0.8912 1.3035 0.6364 0.6364 4.6691 0.2271 0.2271 0.3347 0.3347
0.4852 0.8858 1.2615 0.6333 0.6333 4.6807 0.2271 0.2271 0.3343 0.3343
0.4662 0.8933 1.2684 0.6395 0.6395 4.6738 0.2250 0.2250 0.3329 0.3329
0.4690 0.8916 1.2696 0.6388 0.6388 4.6802 0.2201 0.2201 0.3274 0.3274
0.4616 0.8952 1.2643 0.6407 0.6407 4.6802 0.2257 0.2257 0.3338 0.3338
0.4822 0.8852 1.3270 0.6376 0.6376 4.6967 0.2201 0.2201 0.3273 0.3273
0.4777 0.8890 1.2870 0.6422 0.6422 4.7169 0.2229 0.2229 0.3310 0.3310
0.4567 0.8943 1.2940 0.6403 0.6403 4.6981 0.2292 0.2292 0.3375 0.3375
0.4585 0.8916 1.2523 0.6391 0.6391 4.6623 0.2257 0.2257 0.3336 0.3336
0.4589 0.8935 1.3024 0.6372 0.6372 4.6796 0.2243 0.2243 0.3318 0.3318
0.4466 0.8980 1.2792 0.6438 0.6438 4.7088 0.2257 0.2257 0.3342 0.3342
