6.1546 0.0229 7.1630 0.0000 0.0000 5.1192 0.0368 0.0368 0.0000 0.0000
5.0506 0.1085 8.7837 0.0000 0.0000 3.8557 0.1792 0.1792 0.0000 0.0000
4.4048 0.3242 8.1878 0.0000 0.0000 3.4537 0.2431 0.2431 0.0000 0.0000
3.8221 0.4795 8.2553 0.0000 0.0000 2.9362 0.3215 0.3215 0.0000 0.0000
3.2835 0.6161 8.2587 0.0000 0.0000 2.5640 0.3507 0.3507 0.0000 0.0000
2.8253 0.6673 7.7649 0.0000 0.0000 2.4086 0.3882 0.3882 0.0000 0.0000
2.4799 0.6923 7.4045 0.0000 0.0000 2.3594 0.3993 0.3993 0.0000 0.0000
2.2044 0.7206 6.9437 0.0004 0.0004 2.3716 0.4104 0.4104 0.0008 0.0008
1.9775 0.7372 6.4479 0.0027 0.0027 2.4083 0.4132 0.4132 0.0054 0.0054
1.8153 0.7455 6.0903 0.0066 0.0066 2.4655 0.4083 0.4083 0.0130 0.0130
1.6662 0.7547 5.7513 0.0120 0.0120 2.5262 0.4375 0.4375 0.0234 0.0234
1.5656 0.7626 5.4080 0.0229 0.0229 2.5981 0.4264 0.4264 0.0434 0.0434
1.4585 0.7671 5.0813 0.0337 0.0337 2.6636 0.4111 0.4111 0.0623 0.0623
1.3857 0.7771 4.9226 0.0438 0.0438 2.6949 0.4215 0.4215 0.0794 0.0794
1.3041 0.7806 4.6358 0.0570 0.0570 2.7574 0.4167 0.4167 0.1002 0.1002
1.2324 0.7848 4.4619 0.0779 0.0779 2.8541 0.4160 0.4160 0.1312 0.1312
1.1781 0.7943 4.2489 0.0950 0.0950 2.8981 0.4028 0.4028 0.1537 0.1537
1.1093 0.8001 4.0164 0.1198 0.1198 2.9428 0.4076 0.4076 0.1851 0.1851
1.0829 0.8049 3.8800 0.1283 0.1283 3.0125 0.4056 0.4056 0.1949 0.1949
1.0330 0.8083 3.7954 0.1496 0.1496 3.0801 0.3958 0.3958 0.2171 0.2171
0.9854 0.8133 3.6669 0.1558 0.1558 3.0931 0.4056 0.4056 0.2251 0.2251
0.9465 0.8168 3.5043 0.1752 0.1752 3.1750 0.3986 0.3986 0.2434 0.2434
0.9171 0.8243 3.4145 0.1946 0.1946 3.2203 0.3937 0.3938 0.2604 0.2604
0.8865 0.8266 3.3603 0.2093 0.2093 3.2638 0.3931 0.3931 0.2732 0.2732
0.8485 0.8346 3.2663 0.2171 0.2171 3.2846 0.3812 0.3813 0.2766 0.2766
0.8266 0.8351 3.1994 0.2349 0.2349 3.3444 0.3833 0.3833 0.2913 0.2913
0.7918 0.8391 3.0649 0.2453 0.2453 3.3632 0.3729 0.3729 0.2960 0.2960
0.7831 0.8425 2.9762 0.2663 0.2663 3.4282 0.3632 0.3632 0.3073 0.3073
0.7542 0.8471 2.9245 0.2791 0.2791 3.5133 0.3542 0.3542 0.3122 0.3122
0.7363 0.8473 2.9095 0.2802 0.2802 3.4983 0.3549 0.3549 0.3132 0.3132
0.7251 0.8498 2.7882 0.2984 0.2984 3.5850 0.3556 0.3556 0.3245 0.3245
0.7132 0.8528 2.7712 0.3058 0.3058 3.6283 0.3479 0.3479 0.3255 0.3255
0.6992 0.8549 2.7389 0.3097 0.3097 3.6442 0.3438 0.3438 0.3258 0.3258
0.6690 0.8576 2.6421 0.3171 0.3171 3.6776 0.3340 0.3340 0.3253 0.3253
0.6461 0.8646 2.6146 0.3388 0.3388 3.7583 0.3243 0.3243 0.3314 0.3314
0.6370 0.8644 2.4808 0.3512 0.3512 3.7692 0.3292 0.3292 0.3398 0.3398
0.6190 0.8653 2.4590 0.3574 0.3574 3.8536 0.3201 0.3201 0.3377 0.3377
0.6117 0.8688 2.4087 0.3640 0.3640 3.8559 0.3201 0.3201 0.3406 0.3406
0.5970 0.8717 2.3654 0.3725 0.3725 3.9136 0.3104 0.3104 0.3386 0.3386
0.5835 0.8736 2.3728 0.3806 0.3806 3.8936 0.3181 0.3181 0.3465 0.3465
0.5813 0.8701 2.3387 0.3756 0.3756 3.9854 0.3125 0.3125 0.3411 0.3411
0.5691 0.8732 2.2614 0.3915 0.3915 3.9285 0.3049 0.3049 0.3428 0.3428
0.5655 0.8770 2.2227 0.3903 0.3903 4.0500 0.3076 0.3076 0.3441 0.3441
0.5327 0.8802 2.1791 0.4120 0.4120 4.0881 0.2931 0.2931 0.3425 0.3425
0.5428 0.8820 2.0827 0.4140 0.4140 4.1324 0.2979 0.2979 0.3465 0.3465
0.5446 0.8796 2.1361 0.4279 0.4279 4.1301 0.2938 0.2937 0.3484 0.3484
0.5203 0.8825 2.0576 0.4244 0.4244 4.2030 0.2854 0.2854 0.3413 0.3413
0.4991 0.8870 2.0985 0.4372 0.4372 4.1627 0.2861 0.2861 0.3459 0.3459
0.4867 0.8901 2.0308 0.4562 0.4562 4.2564 0.2882 0.2882 0.3532 0.3532
0.4988 0.8896 1.9836 0.4477 0.4477 4.2789 0.2833 0.2833 0.3470 0.3470
0.4830 0.8922 2.0105 0.4500 0.4500 4.2327 0.2847 0.2847 0.3488 0.3488
0.4492 0.8970 1.9490 0.4624 0.4624 4.1882 0.2910 0.2910 0.3572 0.3572
0.4462 0.8981 1.8861 0.4787 0.4787 4.2048 0.2882 0.2882 0.3598 0.3598
0.4405 0.9004 1.8276 0.4872 0.4872 4.2260 0.2854 0.2854 0.3600 0.3600
0.4410 0.9008 1.8464 0.4915 0.4915 4.2344 0.2854 0.2854 0.3611 0.3611
0.4164 0.9050 1.8157 0.4984 0.4984 4.2494 0.2840 0.2840 0.3619 0.3619
0.4475 0.8981 1.7832 0.5054 0.5054 4.2777 0.2847 0.2847 0.3643 0.3643
0.4178 0.9040 1.7673 0.5027 0.5027 4.2863 0.2819 0.2819 0.3613 0.3613
0.4222 0.9061 1.8212 0.5054 0.5054 4.2977 0.2812 0.2813 0.3614 0.3614
0.4225 0.9024 1.7542 0.5054 0.5054 4.2728 0.2757 0.2757 0.3568 0.3568
0.4341 0.9004 1.7513 0.5027 0.5027 4.3007 0.2764 0.2764 0.3567 0.3567
0.4398 0.9016 1.7805 0.5109 0.5109 4.3159 0.2764 0.2764 0.3587 0.3587
0.4275 0.9060 1.7781 0.5097 0.5097 4.3129 0.2826 0.2826 0.3636 0.3636
0.4250 0.9029 1.7962 0.5140 0.5140 4.3247 0.2799 0.2799 0.3624 0.3624
0.4191 0.9029 1.7524 0.5163 0.5163 4.3424 0.2764 0.2764 0.3600 0.3600
0.4235 0.9041 1.7462 0.5174 0.5174 4.3360 0.2743 0.2743 0.3585 0.3585
0.4219 0.9036 1.7727 0.5186 0.5186 4.3452 0.2736 0.2736 0.3582 0.3582
0.4274 0.9043 1.6864 0.5186 0.5186 4.3558 0.2694 0.2694 0.3546 0.3546
0.4297 0.9049 1.7670 0.5147 0.5147 4.3705 0.2687 0.2688 0.3531 0.3531
0.4238 0.9039 1.7140 0.5174 0.5174 4.3621 0.2757 0.2757 0.3597 0.3597
0.4244 0.9044 1.7668 0.5202 0.5202 4.3681 0.2771 0.2771 0.3616 0.3616
0.4158 0.9078 1.7212 0.5198 0.5198 4.3693 0.2757 0.2757 0.3603 0.3603
0.4140 0.9058 1.7223 0.5159 0.5159 4.3494 0.2729 0.2729 0.3570 0.3570
0.4161 0.9055 1.7589 0.5233 0.5233 4.3836 0.2722 0.2722 0.3581 0.3581
0.4211 0.9044 1.7132 0.5233 0.5233 4.3741 0.2708 0.2708 0.3569 0.3569
0.4171 0.9069 1.7105 0.5186 0.5186 4.3682 0.2771 0.2771 0.3612 0.3612
0.4106 0.9040 1.7390 0.5167 0.5167 4.3811 0.2750 0.2750 0.3589 0.3589
0.4077 0.9062 1.7651 0.5217 0.5217 4.3689 0.2736 0.2736 0.3590 0.3590
0.4135 0.9039 1.6971 0.5209 0.5209 4.3802 0.2694 0.2694 0.3552 0.3552
0.4011 0.9105 1.6734 0.5260 0.5260 4.4092 0.2653 0.2653 0.3527 0.3527
0.4127 0.9076 1.7321 0.5283 0.5283 4.4079 0.2660 0.2660 0.3538 0.3538
0.4171 0.9059 1.7007 0.5271 0.5271 4.4082 0.2674 0.2674 0.3548 0.3548
0.4034 0.9073 1.6427 0.5248 0.5248 4.4184 0.2708 0.2708 0.3573 0.3573
0.4002 0.9098 1.7042 0.5318 0.5318 4.4524 0.2694 0.2694 0.3577 0.3577
0.4007 0.9067 1.6826 0.5322 0.5322 4.4493 0.2660 0.2660 0.3547 0.3547
0.3885 0.9106 1.6824 0.5283 0.5283 4.4275 0.2646 0.2646 0.3526 0.3526
0.4134 0.9056 1.6906 0.5333 0.5333 4.4210 0.2667 0.2667 0.3556 0.3556
0.4035 0.9084 1.7100 0.5341 0.5341 4.4615 0.2687 0.2688 0.3576 0.3576
0.4049 0.9081 1.6834 0.5368 0.5368 4.4546 0.2708 0.2708 0.3600 0.3600
0.4040 0.9058 1.7240 0.5302 0.5302 4.4498 0.2694 0.2694 0.3573 0.3573
0.4106 0.9051 1.6676 0.5283 0.5283 4.4423 0.2681 0.2681 0.3557 0.3557
0.4109 0.9063 1.6916 0.5345 0.5345 4.4467 0.2681 0.2681 0.3570 0.3570
0.4088 0.9054 1.6912 0.5345 0.5345 4.4766 0.2667 0.2667 0.3558 0.3558
0.4033 0.9085 1.6393 0.5391 0.5391 4.4788 0.2639 0.2639 0.3543 0.3543
0.3851 0.9121 1.6730 0.5368 0.5368 4.4569 0.2681 0.2681 0.3576 0.3576
0.3951 0.9083 1.6482 0.5368 0.5368 4.4620 0.2639 0.2639 0.3538 0.3538
0.4010 0.9094 1.6724 0.5395 0.5395 4.4835 0.2632 0.2632 0.3538 0.3538
0.3886 0.9116 1.6520 0.5450 0.5450 4.4723 0.2632 0.2632 0.3550 0.3550
0.4017 0.9110 1.6602 0.5442 0.5442 4.4990 0.2632 0.2632 0.3548 0.3548
0.3910 0.9096 1.6551 0.5376 0.5376 4.4850 0.2667 0.2667 0.3565 0.3565
