6.3986 0.0125 6.7891 0.0000 0.0000 5.5246 0.0354 0.0354 0.0000 0.0000
5.9110 0.0658 7.1365 0.0000 0.0000 4.4174 0.1306 0.1306 0.0000 0.0000
5.4722 0.1681 6.7562 0.0000 0.0000 4.0668 0.2028 0.2028 0.0000 0.0000
5.0272 0.2759 6.6212 0.0000 0.0000 3.4247 0.3118 0.3118 0.0000 0.0000
4.5217 0.3516 6.1348 0.0008 0.0008 3.1005 0.3493 0.3493 0.0015 0.0015
3.9701 0.4030 5.5053 0.0058 0.0058 2.9527 0.3764 0.3764 0.0115 0.0115
3.4729 0.4273 4.8914 0.0198 0.0198 2.9663 0.3694 0.3694 0.0375 0.0375
3.0653 0.4403 4.3966 0.0554 0.0554 3.0158 0.3924 0.3924 0.0971 0.0971
2.7675 0.4726 3.9905 0.1016 0.1016 3.0791 0.3931 0.3931 0.1614 0.1614
2.4964 0.5001 3.7034 0.1434 0.1434 3.1409 0.3743 0.3743 0.2074 0.2074
2.2974 0.5361 3.4344 0.1771 0.1771 3.1880 0.3701 0.3701 0.2396 0.2396
2.1116 0.5582 3.1828 0.2256 0.2256 3.2606 0.3563 0.3563 0.2762 0.2762
2.0114 0.5711 2.9561 0.2562 0.2562 3.3530 0.3312 0.3312 0.2889 0.2889
1.8707 0.5907 2.8822 0.2713 0.2713 3.3610 0.3368 0.3368 0.3005 0.3005
1.7658 0.6105 2.7225 0.3116 0.3116 3.4066 0.3264 0.3264 0.3188 0.3188
1.6571 0.6354 2.6144 0.3345 0.3345 3.4780 0.3063 0.3063 0.3198 0.3198
1.6019 0.6410 2.4858 0.3469 0.3469 3.5709 0.3028 0.3028 0.3233 0.3233
1.5313 0.6524 2.4823 0.3601 0.3601 3.5381 0.2986 0.2986 0.3265 0.3265
1.4861 0.6654 2.3559 0.3907 0.3907 3.6658 0.2861 0.2861 0.3303 0.3303
1.4532 0.6689 2.2621 0.3996 0.3996 3.6564 0.2806 0.2806 0.3297 0.3297
1.3795 0.6846 2.2032 0.4190 0.4190 3.7267 0.2889 0.2889 0.3420 0.3420
1.3556 0.6829 2.1761 0.4360 0.4360 3.8135 0.2583 0.2583 0.3244 0.3244
1.3109 0.6936 2.1001 0.4523 0.4523 3.8151 0.2597 0.2597 0.3300 0.3300
1.2298 0.7176 2.0007 0.4550 0.4550 3.8197 0.2604 0.2604 0.3313 0.3313
1.2008 0.7170 1.9967 0.4647 0.4647 3.7923 0.2646 0.2646 0.3372 0.3372
1.1761 0.7291 1.8615 0.5027 0.5027 3.9872 0.2354 0.2354 0.3207 0.3207
1.1410 0.7329 1.8586 0.4977 0.4977 3.9469 0.2507 0.2507 0.3334 0.3334
1.1105 0.7487 1.8147 0.5062 0.5062 3.9889 0.2486 0.2486 0.3335 0.3335
1.0958 0.7482 1.7313 0.5256 0.5256 4.0266 0.2333 0.2333 0.3232 0.3232
1.0494 0.7547 1.7132 0.5267 0.5267 4.0812 0.2403 0.2403 0.3300 0.3300
1.0375 0.7557 1.6884 0.5395 0.5395 4.0946 0.2181 0.2181 0.3106 0.3106
1.0237 0.7589 1.6620 0.5469 0.5469 4.1847 0.2271 0.2271 0.3209 0.3209
0.9894 0.7698 1.5978 0.5566 0.5566 4.1219 0.2278 0.2278 0.3233 0.3233
0.9734 0.7721 1.5500 0.5771 0.5771 4.2485 0.2264 0.2264 0.3252 0.3252
0.9373 0.7761 1.5269 0.5880 0.5880 4.2550 0.2104 0.2104 0.3099 0.3099
0.8958 0.7914 1.5259 0.5876 0.5876 4.2843 0.2049 0.2049 0.3038 0.3038
0.8873 0.7935 1.4344 0.6070 0.6070 4.3157 0.2076 0.2076 0.3094 0.3094
0.8631 0.7956 1.4491 0.6047 0.6047 4.3018 0.2132 0.2132 0.3152 0.3152
0.8241 0.8051 1.4123 0.6291 0.6291 4.3967 0.2097 0.2097 0.3146 0.3146
0.8160 0.8083 1.3745 0.6217 0.6217 4.4052 0.1986 0.1986 0.3010 0.3010
0.7859 0.8134 1.3272 0.6457 0.6457 4.4658 0.1965 0.1965 0.3013 0.3013
0.7962 0.8081 1.3251 0.6473 0.6473 4.4926 0.2042 0.2042 0.3104 0.3104
0.7944 0.8140 1.3114 0.6581 0.6581 4.5084 0.1958 0.1958 0.3018 0.3018
0.7596 0.8221 1.2331 0.6624 0.6624 4.5478 0.1896 0.1896 0.2948 0.2948
0.7391 0.8281 1.2325 0.6779 0.6779 4.6333 0.1924 0.1924 0.2997 0.2997
0.7028 0.8373 1.1926 0.6740 0.6740 4.5551 0.1958 0.1958 0.3035 0.3035
0.7037 0.8347 1.1919 0.6926 0.6926 4.6808 0.1979 0.1979 0.3079 0.3079
0.6865 0.8360 1.1269 0.6957 0.6957 4.7004 0.1701 0.1701 0.2734 0.2734
0.6711 0.8438 1.1153 0.7050 0.7050 4.7206 0.1833 0.1833 0.2910 0.2910
0.6523 0.8474 1.1473 0.7093 0.7093 4.6626 0.1847 0.1847 0.2931 0.2931
0.6478 0.8491 1.0685 0.7236 0.7236 4.6811 0.1833 0.1833 0.2925 0.2925
0.6242 0.8573 1.0088 0.7345 0.7345 4.7112 0.1826 0.1826 0.2925 0.2925
0.5935 0.8665 0.9841 0.7434 0.7434 4.7287 0.1806 0.1806 0.2905 0.2905
0.5834 0.8705 0.9850 0.7481 0.7481 4.7337 0.1833 0.1833 0.2945 0.2945
0.5935 0.8680 0.9970 0.7469 0.7469 4.7318 0.1854 0.1854 0.2971 0.2971
0.5931 0.8745 0.9890 0.7477 0.7477 4.7353 0.1785 0.1785 0.2882 0.2882
0.5923 0.8725 0.9804 0.7500 0.7500 4.7678 0.1750 0.1750 0.2838 0.2838
0.5748 0.8771 0.9689 0.7492 0.7492 4.7629 0.1778 0.1778 0.2874 0.2874
0.5655 0.8769 0.9632 0.7531 0.7531 4.7563 0.1826 0.1826 0.2940 0.2940
0.5624 0.8795 0.9861 0.7512 0.7512 4.7601 0.1792 0.1792 0.2893 0.2893
0.5747 0.8734 0.9481 0.7597 0.7597 4.7593 0.1785 0.1785 0.2890 0.2890
0.5742 0.8773 0.9600 0.7636 0.7636 4.7770 0.1736 0.1736 0.2829 0.2829
0.5792 0.8739 0.9784 0.7562 0.7562 4.7874 0.1757 0.1757 0.2851 0.2851
0.5735 0.8746 0.9759 0.7585 0.7585 4.7916 0.1771 0.1771 0.2871 0.2871
0.5745 0.8801 0.9520 0.7578 0.7578 4.7879 0.1764 0.1764 0.2862 0.2862
0.5652 0.8750 0.9277 0.7581 0.7581 4.7951 0.1750 0.1750 0.2844 0.2844
0.5515 0.8804 0.9235 0.7585 0.7585 4.8133 0.1715 0.1715 0.2798 0.2798
0.5585 0.8788 0.9504 0.7616 0.7616 4.8160 0.1757 0.1757 0.2855 0.2855
0.5673 0.8788 0.9191 0.7640 0.7640 4.8119 0.1778 0.1778 0.2884 0.2884
0.5714 0.8769 0.9284 0.7628 0.7628 4.8072 0.1778 0.1778 0.2884 0.2884
0.5564 0.8825 0.9710 0.7647 0.7647 4.8191 0.1722 0.1722 0.2811 0.2811
0.5552 0.8798 0.9068 0.7667 0.7667 4.8237 0.1694 0.1694 0.2775 0.2775
0.5639 0.8783 0.9815 0.7643 0.7643 4.8264 0.1736 0.1736 0.2830 0.2830
0.5544 0.8780 0.9320 0.7636 0.7636 4.8459 0.1722 0.1722 0.2811 0.2811
0.5531 0.8813 0.9415 0.7655 0.7655 4.8408 0.1701 0.1701 0.2784 0.2784
0.5536 0.8806 0.9098 0.7659 0.7659 4.8371 0.1708 0.1708 0.2794 0.2794
0.5597 0.8791 0.9062 0.7640 0.7640 4.8396 0.1729 0.1729 0.2820 0.2820
0.5409 0.8844 0.9208 0.7663 0.7663 4.8578 0.1750 0.1750 0.2849 0.2849
0.5497 0.8821 0.9236 0.7647 0.7647 4.8480 0.1681 0.1681 0.2756 0.2756
0.5463 0.8833 0.9245 0.7694 0.7694 4.8669 0.1701 0.1701 0.2787 0.2787
0.5590 0.8800 0.9047 0.7725 0.7725 4.8818 0.1694 0.1694 0.2779 0.2779
0.5384 0.8846 0.9041 0.7771 0.7771 4.8700 0.1722 0.1722 0.2820 0.2820
0.5427 0.8799 0.9214 0.7752 0.7752 4.8690 0.1701 0.1701 0.2790 0.2790
0.5354 0.8873 0.9343 0.7752 0.7752 4.8429 0.1729 0.1729 0.2828 0.2828
0.5417 0.8857 0.8954 0.7733 0.7733 4.8534 0.1729 0.1729 0.2826 0.2826
0.5273 0.8881 0.8605 0.7721 0.7721 4.8760 0.1771 0.1771 0.2881 0.2881
0.5492 0.8828 0.8675 0.7752 0.7752 4.8867 0.1688 0.1688 0.2772 0.2772
0.5376 0.8833 0.9091 0.7756 0.7756 4.9009 0.1701 0.1701 0.2791 0.2791
0.5309 0.8875 0.8892 0.7775 0.7775 4.9152 0.1701 0.1701 0.2792 0.2792
0.5281 0.8864 0.8613 0.7725 0.7725 4.9123 0.1701 0.1701 0.2789 0.2789
0.5211 0.8877 0.8605 0.7783 0.7783 4.8982 0.1674 0.1674 0.2755 0.2755
0.5352 0.8862 0.8787 0.7771 0.7771 4.8897 0.1708 0.1708 0.2801 0.2801
0.5292 0.8889 0.9149 0.7845 0.7845 4.8963 0.1708 0.1708 0.2806 0.2806
0.5239 0.8884 0.8642 0.7802 0.7802 4.9073 0.1736 0.1736 0.2840 0.2840
0.5242 0.8853 0.8520 0.7849 0.7849 4.9042 0.1681 0.1681 0.2768 0.2768
0.5310 0.8876 0.8637 0.7795 0.7795 4.9117 0.1688 0.1688 0.2774 0.2774
0.5309 0.8855 0.9034 0.7814 0.7814 4.9212 0.1688 0.1688 0.2776 0.2776
0.5163 0.8944 0.8821 0.7814 0.7814 4.9080 0.1694 0.1694 0.2785 0.2785
0.5135 0.8921 0.8432 0.7806 0.7806 4.9383 0.1674 0.1674 0.2756 0.2756
0.5205 0.8931 0.8850 0.7829 0.7829 4.9318 0.1694 0.1694 0.2786 0.2786
