6.2684 0.0202 7.0109 0.0000 0.0000 5.2586 0.0424 0.0424 0.0000 0.0000
5.4132 0.1128 8.0308 0.0000 0.0000 4.0322 0.1556 0.1556 0.0000 0.0000
4.8732 0.2603 7.4492 0.0000 0.0000 3.6959 0.2458 0.2458 0.0000 0.0000
4.3532 0.4140 7.5793 0.0000 0.0000 3.0629 0.3438 0.3438 0.0000 0.0000
3.8273 0.5231 7.2071 0.0000 0.0000 2.7182 0.3771 0.3771 0.0000 0.0000
3.3594 0.5727 6.8708 0.0000 0.0000 2.5041 0.4000 0.4000 0.0000 0.0000
2.9608 0.6012 6.3283 0.0000 0.0000 2.4741 0.3972 0.3972 0.0000 0.0000
2.6197 0.6232 5.8646 0.0043 0.0043 2.4834 0.4174 0.4174 0.0084 0.0084
2.3777 0.6369 5.4118 0.0116 0.0116 2.5368 0.4194 0.4194 0.0226 0.0226
2.1628 0.6495 5.0051 0.0283 0.0283 2.6185 0.4028 0.4028 0.0529 0.0529
1.9736 0.6609 4.6835 0.0391 0.0391 2.6860 0.4208 0.4208 0.0716 0.0716
1.8401 0.6733 4.3859 0.0729 0.0729 2.7280 0.4097 0.4097 0.1237 0.1237
1.7292 0.6818 4.1324 0.0922 0.0922 2.8356 0.3965 0.3965 0.1497 0.1497
1.6168 0.6960 3.8847 0.1062 0.1062 2.8528 0.4014 0.4014 0.1680 0.1680
1.5118 0.7109 3.7395 0.1407 0.1407 2.9379 0.3875 0.3875 0.2064 0.2064
1.4495 0.7176 3.5637 0.1616 0.1616 2.9701 0.3951 0.3951 0.2294 0.2294
1.3474 0.7308 3.3336 0.1981 0.1981 3.0867 0.3722 0.3722 0.2585 0.2585
1.2955 0.7367 3.2542 0.2132 0.2132 3.1422 0.3667 0.3667 0.2696 0.2696
1.2439 0.7455 3.0685 0.2337 0.2337 3.1675 0.3722 0.3722 0.2871 0.2871
1.1793 0.7584 3.0167 0.2558 0.2558 3.2579 0.3556 0.3556 0.2975 0.2975
1.1524 0.7596 2.9084 0.2733 0.2733 3.3309 0.3486 0.3486 0.3064 0.3064
1.0982 0.7716 2.9380 0.2868 0.2868 3.3110 0.3542 0.3542 0.3170 0.3170
1.0803 0.7719 2.7844 0.3109 0.3109 3.4016 0.3444 0.3444 0.3268 0.3268
1.0317 0.7805 2.6667 0.3240 0.3240 3.4456 0.3264 0.3264 0.3252 0.3252
0.9999 0.7875 2.6150 0.3275 0.3275 3.5586 0.3347 0.3347 0.3311 0.3311
0.9605 0.7965 2.5497 0.3415 0.3415 3.5493 0.3333 0.3333 0.3374 0.3374
0.9506 0.7917 2.4772 0.3702 0.3702 3.5690 0.3160 0.3160 0.3409 0.3409
0.9280 0.8022 2.3931 0.3713 0.3713 3.6401 0.3160 0.3160 0.3414 0.3414
0.9105 0.8026 2.4049 0.3760 0.3760 3.6659 0.2944 0.2944 0.3302 0.3302
0.8627 0.8059 2.3050 0.3930 0.3930 3.7255 0.3111 0.3111 0.3473 0.3473
0.8466 0.8113 2.1925 0.4186 0.4186 3.7601 0.3035 0.3035 0.3519 0.3519
0.8296 0.8130 2.2094 0.4271 0.4271 3.8513 0.2868 0.2868 0.3432 0.3432
0.8158 0.8211 2.1415 0.4326 0.4326 3.7969 0.2819 0.2819 0.3414 0.3414
0.7927 0.8231 2.0592 0.4353 0.4353 3.9065 0.2861 0.2861 0.3453 0.3453
0.7657 0.8249 2.1416 0.4477 0.4477 3.8700 0.2812 0.2813 0.3455 0.3455
0.7343 0.8337 2.0597 0.4620 0.4620 3.9816 0.2785 0.2785 0.3475 0.3475
0.7285 0.8336 2.0380 0.4550 0.4550 3.9456 0.2681 0.2681 0.3374 0.3374
0.7208 0.8378 1.9561 0.4736 0.4736 3.9317 0.2750 0.2750 0.3480 0.3480
0.6989 0.8366 1.9133 0.4810 0.4810 4.0477 0.2660 0.2660 0.3425 0.3425
0.7004 0.8435 1.9185 0.4829 0.4829 4.0978 0.2715 0.2715 0.3476 0.3476
0.6717 0.8419 1.8204 0.5035 0.5035 4.1373 0.2535 0.2535 0.3372 0.3372
0.6584 0.8478 1.8151 0.5089 0.5089 4.1280 0.2674 0.2674 0.3506 0.3506
0.6514 0.8539 1.7810 0.5209 0.5209 4.1903 0.2562 0.2562 0.3435 0.3435
0.6362 0.8524 1.7326 0.5155 0.5155 4.2168 0.2507 0.2507 0.3373 0.3373
0.6388 0.8494 1.7178 0.5357 0.5357 4.2757 0.2410 0.2410 0.3324 0.3324
0.6096 0.8573 1.7259 0.5407 0.5407 4.2726 0.2486 0.2486 0.3406 0.3406
0.6014 0.8628 1.6854 0.5547 0.5547 4.2855 0.2417 0.2417 0.3367 0.3367
0.5875 0.8625 1.6106 0.5636 0.5636 4.4152 0.2333 0.2333 0.3300 0.3300
0.5795 0.8680 1.6766 0.5558 0.5558 4.3515 0.2458 0.2458 0.3409 0.3409
0.5759 0.8683 1.6056 0.5628 0.5628 4.4386 0.2375 0.2375 0.3340 0.3340
0.5670 0.8657 1.5565 0.5775 0.5775 4.4007 0.2403 0.2403 0.3394 0.3394
0.5410 0.8715 1.5086 0.5961 0.5961 4.3993 0.2361 0.2361 0.3382 0.3382
0.5309 0.8781 1.4751 0.6066 0.6066 4.4159 0.2319 0.2319 0.3356 0.3356
0.5173 0.8816 1.4380 0.6147 0.6147 4.4280 0.2278 0.2278 0.3324 0.3324
0.5210 0.8772 1.4047 0.6143 0.6143 4.4208 0.2292 0.2292 0.3338 0.3338
0.5066 0.8810 1.3848 0.6205 0.6205 4.4109 0.2326 0.2326 0.3384 0.3384
0.5105 0.8857 1.4552 0.6190 0.6190 4.4292 0.2313 0.2313 0.3367 0.3367
0.4998 0.8870 1.4207 0.6233 0.6233 4.4407 0.2264 0.2264 0.3321 0.3321
0.5070 0.8888 1.4049 0.6248 0.6248 4.4471 0.2271 0.2271 0.3331 0.3331
0.5125 0.8815 1.4160 0.6240 0.6240 4.4469 0.2222 0.2222 0.3277 0.3277
0.4956 0.8857 1.3883 0.6279 0.6279 4.4722 0.2278 0.2278 0.3343 0.3343
0.5079 0.8838 1.3717 0.6298 0.6298 4.4590 0.2319 0.2319 0.3390 0.3390
0.5079 0.8834 1.4072 0.6295 0.6295 4.4520 0.2306 0.2306 0.3375 0.3375
0.5104 0.8800 1.3588 0.6318 0.6318 4.4881 0.2278 0.2278 0.3348 0.3348
0.4978 0.8876 1.3961 0.6306 0.6306 4.4909 0.2333 0.2333 0.3406 0.3406
0.5068 0.8862 1.3826 0.6337 0.6337 4.4899 0.2271 0.2271 0.3344 0.3344
0.5062 0.8806 1.3718 0.6302 0.6302 4.4989 0.2222 0.2222 0.3286 0.3286
0.4992 0.8857 1.4191 0.6329 0.6329 4.5121 0.2271 0.2271 0.3342 0.3342
0.5013 0.8857 1.3609 0.6283 0.6283 4.5095 0.2292 0.2292 0.3358 0.3358
0.4985 0.8884 1.3636 0.6357 0.6357 4.4995 0.2250 0.2250 0.3324 0.3324
0.4950 0.8847 1.3705 0.6388 0.6388 4.4989 0.2257 0.2257 0.3335 0.3335
0.4963 0.8847 1.3576 0.6349 0.6349 4.4993 0.2257 0.2257 0.3330 0.3330
0.5015 0.8860 1.3307 0.6345 0.6345 4.5192 0.2236 0.2236 0.3307 0.3307
0.4850 0.8874 1.3225 0.6345 0.6345 4.5138 0.2236 0.2236 0.3307 0.3307
0.4890 0.8859 1.3749 0.6368 0.6368 4.5336 0.2236 0.2236 0.3310 0.3310
0.4749 0.8906 1.3349 0.6372 0.6372 4.5244 0.2271 0.2271 0.3348 0.3348
0.4753 0.8902 1.3730 0.6360 0.6360 4.5134 0.2243 0.2243 0.3317 0.3317
0.4782 0.8895 1.3395 0.6422 0.6422 4.5311 0.2215 0.2215 0.3294 0.3294
0.4703 0.8919 1.3370 0.6380 0.6380 4.5289 0.2201 0.2201 0.3273 0.3273
0.4818 0.8869 1.3536 0.6434 0.6434 4.5376 0.2194 0.2194 0.3273 0.3273
0.4678 0.8931 1.3187 0.6403 0.6403 4.5546 0.2188 0.2188 0.3261 0.3261
0.4797 0.8896 1.3221 0.6349 0.6349 4.5357 0.2208 0.2208 0.3277 0.3277
0.4673 0.8919 1.3163 0.6376 0.6376 4.5527 0.2215 0.2215 0.3288 0.3288
0.4622 0.8935 1.3130 0.6360 0.6360 4.5526 0.2215 0.2215 0.3286 0.3286
0.4745 0.8893 1.3473 0.6391 0.6391 4.5724 0.2222 0.2222 0.3298 0.3298
0.4585 0.8938 1.3000 0.6364 0.6364 4.5696 0.2153 0.2153 0.3217 0.3217
0.4779 0.8904 1.3318 0.6430 0.6430 4.5773 0.2118 0.2118 0.3187 0.3187
0.4727 0.8898 1.2844 0.6442 0.6442 4.5688 0.2146 0.2146 0.3219 0.3219
0.4747 0.8893 1.3279 0.6469 0.6469 4.5811 0.2118 0.2118 0.3191 0.3191
0.4832 0.8873 1.2970 0.6512 0.6512 4.6080 0.2139 0.2139 0.3220 0.3220
0.4591 0.8935 1.3133 0.6477 0.6477 4.5989 0.2146 0.2146 0.3224 0.3224
0.4779 0.8895 1.3142 0.6477 0.6477 4.5935 0.2229 0.2229 0.3317 0.3317
0.4781 0.8892 1.3101 0.6504 0.6504 4.6191 0.2215 0.2215 0.3305 0.3305
0.4598 0.8931 1.3128 0.6477 0.6477 4.6031 0.2160 0.2160 0.3239 0.3239
0.4575 0.8995 1.2922 0.6508 0.6508 4.6089 0.2125 0.2125 0.3204 0.3204
0.4632 0.8944 1.2488 0.6516 0.6516 4.6209 0.2125 0.2125 0.3205 0.3205
0.4567 0.8981 1.2854 0.6465 0.6465 4.6074 0.2153 0.2153 0.3230 0.3230
0.4652 0.8966 1.2698 0.6481 0.6481 4.6092 0.2167 0.2167 0.3248 0.3248
0.4683 0.8905 1.3179 0.6492 0.6492 4.6241 0.2160 0.2160 0.3241 0.3241
0.4649 0.8933 1.3082 0.6481 0.6481 4.6239 0.2097 0.2097 0.3169 0.3169
