6.0759 0.0268 7.2961 0.0000 0.0000 4.9539 0.0583 0.0583 0.0000 0.0000
4.9609 0.1605 8.9221 0.0000 0.0000 3.8076 0.1792 0.1792 0.0000 0.0000
4.3761 0.3599 7.9643 0.0000 0.0000 3.4684 0.2861 0.2861 0.0000 0.0000
3.7885 0.5063 8.3669 0.0000 0.0000 2.8560 0.3542 0.3542 0.0000 0.0000
3.2476 0.6196 8.2135 0.0000 0.0000 2.5187 0.3875 0.3875 0.0000 0.0000
2.7941 0.6799 7.8171 0.0000 0.0000 2.3585 0.4083 0.4083 0.0000 0.0000
2.4392 0.7127 7.3957 0.0000 0.0000 2.2975 0.4139 0.4139 0.0000 0.0000
2.1578 0.7333 6.7967 0.0016 0.0016 2.3487 0.4160 0.4160 0.0031 0.0031
1.9542 0.7418 6.4302 0.0019 0.0019 2.4000 0.4229 0.4229 0.0039 0.0039
1.7843 0.7475 6.0431 0.0047 0.0047 2.4748 0.4194 0.4194 0.0092 0.0092
1.6524 0.7563 5.6675 0.0074 0.0074 2.5355 0.4174 0.4174 0.0145 0.0145
1.5287 0.7645 5.3014 0.0217 0.0217 2.6142 0.4201 0.4201 0.0413 0.0413
1.4375 0.7754 5.0904 0.0341 0.0341 2.6513 0.4146 0.4146 0.0630 0.0630
1.3499 0.7784 4.7807 0.0457 0.0457 2.7055 0.4139 0.4139 0.0824 0.0824
1.2632 0.7852 4.5612 0.0663 0.0663 2.7977 0.4139 0.4139 0.1143 0.1143
1.2007 0.7899 4.3151 0.0826 0.0826 2.8726 0.4014 0.4014 0.1369 0.1369
1.1456 0.7974 4.1295 0.0981 0.0981 2.9379 0.4042 0.4042 0.1578 0.1578
1.1035 0.8054 4.1495 0.1178 0.1178 2.9236 0.4049 0.4049 0.1825 0.1825
1.0417 0.8081 3.8697 0.1399 0.1399 3.0281 0.3917 0.3917 0.2062 0.2062
1.0064 0.8146 3.7202 0.1581 0.1581 3.1046 0.3951 0.3951 0.2259 0.2259
0.9566 0.8184 3.6223 0.1721 0.1721 3.1299 0.3826 0.3826 0.2374 0.2374
0.9237 0.8245 3.5138 0.1903 0.1903 3.1553 0.3764 0.3764 0.2528 0.2528
0.8944 0.8271 3.4325 0.1988 0.1988 3.2366 0.3819 0.3819 0.2615 0.2615
0.8580 0.8341 3.3034 0.2155 0.2155 3.2902 0.3625 0.3625 0.2703 0.2703
0.8383 0.8342 3.2369 0.2240 0.2240 3.3292 0.3750 0.3750 0.2805 0.2805
0.8248 0.8390 3.1304 0.2488 0.2488 3.3723 0.3618 0.3618 0.2949 0.2949
0.7863 0.8433 3.0640 0.2504 0.2504 3.3656 0.3667 0.3667 0.2976 0.2976
0.7725 0.8441 2.9571 0.2671 0.2671 3.4877 0.3528 0.3528 0.3040 0.3040
0.7453 0.8503 3.0259 0.2752 0.2752 3.4458 0.3597 0.3597 0.3118 0.3118
0.7300 0.8532 2.8470 0.3078 0.3078 3.5719 0.3403 0.3403 0.3232 0.3232
0.7151 0.8528 2.7510 0.3093 0.3093 3.6298 0.3347 0.3347 0.3215 0.3215
0.6987 0.8529 2.7613 0.3023 0.3023 3.5731 0.3438 0.3438 0.3217 0.3217
0.6611 0.8628 2.7073 0.3151 0.3151 3.6737 0.3278 0.3278 0.3213 0.3213
0.6628 0.8603 2.5738 0.3326 0.3326 3.6760 0.3243 0.3243 0.3284 0.3284
0.6334 0.8614 2.6165 0.3341 0.3341 3.6552 0.3361 0.3361 0.3351 0.3351
0.6203 0.8669 2.4631 0.3562 0.3562 3.8042 0.3181 0.3181 0.3360 0.3360
0.6260 0.8613 2.4709 0.3632 0.3632 3.7782 0.3250 0.3250 0.3430 0.3430
0.5969 0.8709 2.4896 0.3605 0.3605 3.8346 0.3292 0.3292 0.3441 0.3441
0.5965 0.8743 2.3158 0.3868 0.3868 3.9010 0.3146 0.3146 0.3470 0.3470
0.5774 0.8738 2.4298 0.3682 0.3682 3.7892 0.3264 0.3264 0.3460 0.3460
0.5758 0.8762 2.2831 0.4089 0.4089 3.9790 0.2986 0.2986 0.3452 0.3452
0.5659 0.8788 2.2375 0.4000 0.4000 3.9029 0.3090 0.3090 0.3487 0.3487
0.5438 0.8776 2.1899 0.4112 0.4112 3.9884 0.3069 0.3069 0.3515 0.3515
0.5545 0.8826 2.1763 0.4174 0.4174 3.9614 0.3049 0.3049 0.3524 0.3524
0.5289 0.8832 2.0650 0.4302 0.4302 3.9963 0.3042 0.3042 0.3564 0.3564
0.5258 0.8815 2.1471 0.4287 0.4287 4.0383 0.2938 0.2938 0.3486 0.3486
0.5017 0.8872 2.0603 0.4481 0.4481 4.1533 0.2938 0.2938 0.3549 0.3549
0.5103 0.8857 2.0254 0.4380 0.4380 4.0990 0.2938 0.2938 0.3517 0.3517
0.4789 0.8911 1.9862 0.4585 0.4585 4.2135 0.2819 0.2819 0.3492 0.3492
0.4647 0.8944 2.0413 0.4453 0.4453 4.1714 0.2910 0.2910 0.3520 0.3520
0.4827 0.8896 1.9124 0.4640 0.4640 4.1617 0.2958 0.2958 0.3613 0.3613
0.4563 0.8970 1.9101 0.4748 0.4748 4.1457 0.2944 0.2944 0.3635 0.3635
0.4562 0.8927 1.9027 0.4857 0.4857 4.1552 0.2910 0.2910 0.3639 0.3639
0.4285 0.8999 1.8401 0.4907 0.4907 4.1814 0.2875 0.2875 0.3626 0.3626
0.4238 0.9050 1.7955 0.5000 0.5000 4.1911 0.2861 0.2861 0.3640 0.3640
0.4388 0.9050 1.8066 0.5012 0.5012 4.1671 0.2896 0.2896 0.3671 0.3671
0.4449 0.8993 1.7774 0.5050 0.5050 4.1796 0.2896 0.2896 0.3681 0.3681
0.4317 0.9014 1.7711 0.5016 0.5016 4.2184 0.2854 0.2854 0.3638 0.3638
0.4455 0.9008 1.7369 0.5074 0.5074 4.2297 0.2785 0.2785 0.3596 0.3596
0.4169 0.9029 1.7693 0.5109 0.5109 4.2215 0.2778 0.2778 0.3599 0.3599
0.4392 0.9025 1.7225 0.5085 0.5085 4.2401 0.2799 0.2799 0.3610 0.3610
0.4189 0.9054 1.7383 0.5143 0.5143 4.2232 0.2750 0.2750 0.3584 0.3584
0.4453 0.8976 1.7129 0.5136 0.5136 4.2354 0.2743 0.2743 0.3576 0.3576
0.4093 0.9065 1.7242 0.5128 0.5128 4.2434 0.2764 0.2764 0.3592 0.3592
0.4319 0.9004 1.7329 0.5163 0.5163 4.2527 0.2771 0.2771 0.3606 0.3606
0.4031 0.9067 1.7028 0.5167 0.5167 4.2592 0.2799 0.2799 0.3631 0.3631
0.4257 0.9008 1.7001 0.5140 0.5140 4.2657 0.2778 0.2778 0.3606 0.3606
0.4299 0.9011 1.7239 0.5147 0.5147 4.2628 0.2792 0.2792 0.3620 0.3620
0.4169 0.9019 1.7348 0.5178 0.5178 4.2870 0.2785 0.2785 0.3622 0.3622
0.4371 0.9063 1.7169 0.5120 0.5120 4.2613 0.2757 0.2757 0.3584 0.3584
0.4093 0.9074 1.7282 0.5151 0.5151 4.2638 0.2771 0.2771 0.3603 0.3603
0.4224 0.9044 1.6541 0.5205 0.5205 4.2736 0.2778 0.2778 0.3622 0.3622
0.4168 0.9043 1.6599 0.5236 0.5236 4.2715 0.2799 0.2799 0.3648 0.3648
0.4307 0.9044 1.6910 0.5267 0.5267 4.2965 0.2771 0.2771 0.3631 0.3631
0.4143 0.9066 1.6623 0.5236 0.5236 4.2825 0.2799 0.2799 0.3648 0.3648
0.3969 0.9100 1.6773 0.5225 0.5225 4.2708 0.2792 0.2792 0.3639 0.3639
0.4162 0.9011 1.7063 0.5244 0.5244 4.2845 0.2799 0.2799 0.3650 0.3650
0.4232 0.9020 1.6351 0.5302 0.5302 4.3303 0.2722 0.2722 0.3597 0.3597
0.4155 0.9050 1.7277 0.5310 0.5310 4.3455 0.2729 0.2729 0.3605 0.3605
0.4044 0.9085 1.6398 0.5298 0.5298 4.3315 0.2750 0.2750 0.3621 0.3621
0.4083 0.9068 1.6736 0.5252 0.5252 4.2987 0.2750 0.2750 0.3610 0.3610
0.3990 0.9102 1.6858 0.5295 0.5295 4.3085 0.2743 0.2743 0.3614 0.3614
0.4075 0.9076 1.6247 0.5322 0.5322 4.3226 0.2750 0.2750 0.3626 0.3626
0.4135 0.9059 1.6757 0.5287 0.5287 4.3277 0.2743 0.2743 0.3612 0.3612
0.4139 0.9051 1.6331 0.5267 0.5267 4.3373 0.2701 0.2701 0.3571 0.3571
0.4076 0.9071 1.6393 0.5302 0.5302 4.3317 0.2750 0.2750 0.3622 0.3622
0.4045 0.9051 1.6516 0.5318 0.5318 4.3457 0.2653 0.2653 0.3540 0.3540
0.4062 0.9100 1.6747 0.5364 0.5364 4.3569 0.2653 0.2653 0.3550 0.3550
0.4110 0.9054 1.6589 0.5364 0.5364 4.3726 0.2660 0.2660 0.3556 0.3556
0.3959 0.9091 1.6655 0.5403 0.5403 4.3626 0.2715 0.2715 0.3614 0.3614
0.4029 0.9067 1.6491 0.5419 0.5419 4.3568 0.2694 0.2694 0.3599 0.3599
0.3944 0.9091 1.6534 0.5403 0.5403 4.3768 0.2639 0.2639 0.3546 0.3546
0.3846 0.9137 1.6588 0.5360 0.5360 4.3491 0.2701 0.2701 0.3592 0.3592
0.3943 0.9095 1.6660 0.5329 0.5329 4.3440 0.2715 0.2715 0.3598 0.3598
0.3968 0.9062 1.6461 0.5349 0.5349 4.3584 0.2653 0.2653 0.3547 0.3547
0.3947 0.9109 1.6125 0.5360 0.5360 4.3885 0.2639 0.2639 0.3537 0.3537
0.3896 0.9081 1.6115 0.5407 0.5407 4.3905 0.2576 0.2576 0.3490 0.3490
0.3860 0.9108 1.6496 0.5450 0.5450 4.4044 0.2632 0.2632 0.3550 0.3550
0.3858 0.9117 1.5658 0.5450 0.5450 4.3935 0.2667 0.2667 0.3581 0.3581
0.3768 0.9112 1.5853 0.5469 0.5469 4.4021 0.2681 0.2681 0.3598 0.3598
