6.3494 0.0156 6.8717 0.0000 0.0000 5.4511 0.0354 0.0354 0.0000 0.0000
5.6533 0.0613 7.6087 0.0000 0.0000 4.1246 0.1264 0.1264 0.0000 0.0000
5.1617 0.2470 7.0647 0.0000 0.0000 3.8354 0.2333 0.2333 0.0000 0.0000
4.6792 0.3522 7.0706 0.0000 0.0000 3.2332 0.3021 0.3021 0.0000 0.0000
4.2091 0.4345 6.6917 0.0000 0.0000 2.9190 0.3618 0.3618 0.0000 0.0000
3.7450 0.4931 6.2176 0.0008 0.0008 2.7182 0.3792 0.3792 0.0015 0.0015
3.3230 0.5172 5.5824 0.0066 0.0066 2.6998 0.4035 0.4035 0.0130 0.0130
2.9409 0.5297 5.0775 0.0178 0.0178 2.7333 0.3917 0.3917 0.0341 0.0341
2.6201 0.5554 4.6298 0.0415 0.0415 2.7952 0.4090 0.4090 0.0753 0.0753
2.3944 0.5680 4.2835 0.0663 0.0663 2.8571 0.4097 0.4097 0.1141 0.1141
2.1957 0.5857 4.0327 0.1023 0.1023 2.9259 0.3896 0.3896 0.1621 0.1621
2.0429 0.5991 3.7214 0.1256 0.1256 3.0501 0.3778 0.3778 0.1885 0.1885
1.9008 0.6115 3.5428 0.1535 0.1535 3.0712 0.3806 0.3806 0.2187 0.2187
1.7908 0.6291 3.3013 0.2000 0.2000 3.1408 0.3632 0.3632 0.2580 0.2580
1.6871 0.6493 3.1710 0.2236 0.2236 3.2064 0.3715 0.3715 0.2792 0.2792
1.6104 0.6606 3.0287 0.2477 0.2477 3.2575 0.3549 0.3549 0.2917 0.2917
1.5076 0.6786 2.8711 0.2729 0.2729 3.3574 0.3479 0.3479 0.3059 0.3059
1.4715 0.6808 2.7571 0.2977 0.2977 3.4261 0.3354 0.3354 0.3154 0.3154
1.3826 0.6996 2.6819 0.3054 0.3054 3.4644 0.3333 0.3333 0.3188 0.3188
1.3385 0.7094 2.6059 0.3205 0.3205 3.4589 0.3312 0.3313 0.3258 0.3258
1.2989 0.7158 2.5142 0.3508 0.3508 3.5442 0.3187 0.3187 0.3340 0.3340
1.2373 0.7223 2.4088 0.3523 0.3523 3.6323 0.3035 0.3035 0.3261 0.3261
1.1693 0.7370 2.3626 0.3690 0.3690 3.6643 0.2931 0.2931 0.3267 0.3267
1.1781 0.7362 2.2741 0.3950 0.3950 3.7082 0.3028 0.3028 0.3428 0.3428
1.1291 0.7427 2.2010 0.4078 0.4078 3.7222 0.3035 0.3035 0.3480 0.3480
1.1036 0.7513 2.1377 0.4128 0.4128 3.7805 0.2944 0.2944 0.3437 0.3437
1.0659 0.7564 2.1070 0.4337 0.4337 3.8457 0.2812 0.2813 0.3412 0.3412
1.0437 0.7590 2.1428 0.4430 0.4430 3.8240 0.2701 0.2701 0.3356 0.3356
1.0295 0.7643 2.0606 0.4609 0.4609 3.8574 0.2701 0.2701 0.3406 0.3406
0.9859 0.7758 1.9523 0.4694 0.4694 3.9354 0.2639 0.2639 0.3378 0.3378
0.9509 0.7811 1.9069 0.4694 0.4694 3.9603 0.2590 0.2590 0.3338 0.3338
0.9158 0.7857 1.8688 0.4884 0.4884 3.9965 0.2674 0.2674 0.3455 0.3455
0.8996 0.7912 1.8262 0.5027 0.5027 4.0315 0.2451 0.2451 0.3296 0.3296
0.8814 0.7901 1.8457 0.4950 0.4950 4.0594 0.2556 0.2556 0.3371 0.3371
0.8669 0.7969 1.7710 0.5155 0.5155 4.1123 0.2458 0.2458 0.3329 0.3329
0.8700 0.7975 1.7326 0.5275 0.5275 4.1001 0.2562 0.2563 0.3449 0.3449
0.8345 0.8042 1.6656 0.5442 0.5442 4.2098 0.2306 0.2306 0.3239 0.3239
0.8207 0.8056 1.6808 0.5360 0.5360 4.1637 0.2562 0.2563 0.3467 0.3467
0.8052 0.8142 1.6169 0.5500 0.5500 4.2340 0.2333 0.2333 0.3277 0.3277
0.8021 0.8112 1.6074 0.5574 0.5574 4.2991 0.2243 0.2243 0.3199 0.3199
0.7511 0.8226 1.5267 0.5671 0.5671 4.2847 0.2243 0.2243 0.3215 0.3215
0.7208 0.8308 1.5402 0.5845 0.5845 4.3552 0.2313 0.2313 0.3314 0.3314
0.7439 0.8272 1.4632 0.5833 0.5833 4.3105 0.2313 0.2313 0.3312 0.3312
0.7369 0.8284 1.4839 0.5888 0.5888 4.3818 0.2174 0.2174 0.3175 0.3175
0.6893 0.8347 1.4373 0.5969 0.5969 4.4200 0.2188 0.2188 0.3202 0.3202
0.6658 0.8428 1.4220 0.6097 0.6097 4.4414 0.2090 0.2090 0.3113 0.3113
0.6591 0.8450 1.3697 0.6132 0.6132 4.4837 0.2174 0.2174 0.3210 0.3210
0.6485 0.8463 1.3414 0.6252 0.6252 4.5346 0.2111 0.2111 0.3156 0.3156
0.6437 0.8494 1.3152 0.6329 0.6329 4.5538 0.2069 0.2069 0.3119 0.3119
0.6339 0.8506 1.3329 0.6384 0.6384 4.4974 0.2118 0.2118 0.3181 0.3181
0.6297 0.8531 1.2916 0.6481 0.6481 4.5193 0.2035 0.2035 0.3097 0.3097
0.5991 0.8611 1.2527 0.6585 0.6585 4.5258 0.2049 0.2049 0.3125 0.3125
0.5728 0.8734 1.2144 0.6671 0.6671 4.5229 0.2049 0.2049 0.3135 0.3135
0.5720 0.8710 1.2324 0.6690 0.6690 4.5375 0.2076 0.2076 0.3169 0.3169
0.5726 0.8683 1.2049 0.6783 0.6783 4.5617 0.2000 0.2000 0.3089 0.3089
0.5736 0.8688 1.1685 0.6791 0.6791 4.5836 0.2028 0.2028 0.3123 0.3123
0.5630 0.8744 1.1868 0.6787 0.6787 4.5841 0.2062 0.2063 0.3164 0.3164
0.5762 0.8730 1.1855 0.6806 0.6806 4.5799 0.2083 0.2083 0.3190 0.3190
0.5558 0.8727 1.1969 0.6833 0.6833 4.5788 0.2076 0.2076 0.3185 0.3185
0.5596 0.8739 1.1996 0.6822 0.6822 4.5972 0.2049 0.2049 0.3151 0.3151
0.5519 0.8740 1.1823 0.6837 0.6837 4.6042 0.2000 0.2000 0.3095 0.3095
0.5450 0.8789 1.1380 0.6802 0.6802 4.5784 0.2028 0.2028 0.3124 0.3124
0.5357 0.8787 1.1498 0.6795 0.6795 4.5838 0.2007 0.2007 0.3099 0.3099
0.5558 0.8753 1.1619 0.6841 0.6841 4.5945 0.1979 0.1979 0.3070 0.3070
0.5465 0.8772 1.1852 0.6853 0.6853 4.6079 0.1979 0.1979 0.3071 0.3071
0.5331 0.8795 1.1264 0.6907 0.6907 4.6216 0.2000 0.2000 0.3102 0.3102
0.5510 0.8786 1.1921 0.6903 0.6903 4.6217 0.1986 0.1986 0.3085 0.3085
0.5432 0.8753 1.1578 0.6934 0.6934 4.6122 0.2000 0.2000 0.3105 0.3105
0.5576 0.8734 1.1276 0.6919 0.6919 4.6217 0.1972 0.1972 0.3069 0.3069
0.5439 0.8707 1.1362 0.6922 0.6922 4.6471 0.1931 0.1931 0.3019 0.3019
0.5259 0.8799 1.1693 0.6946 0.6946 4.6496 0.2000 0.2000 0.3106 0.3106
0.5387 0.8805 1.1246 0.6961 0.6961 4.6218 0.1979 0.1979 0.3082 0.3082
0.5273 0.8814 1.1212 0.6965 0.6965 4.6356 0.1986 0.1986 0.3091 0.3091
0.5277 0.8781 1.1344 0.6953 0.6953 4.6239 0.2007 0.2007 0.3115 0.3115
0.5135 0.8835 1.1121 0.6969 0.6969 4.6452 0.2000 0.2000 0.3108 0.3108
0.5125 0.8827 1.1510 0.6930 0.6930 4.6709 0.1972 0.1972 0.3071 0.3071
0.5430 0.8803 1.1133 0.6992 0.6992 4.6976 0.1931 0.1931 0.3026 0.3026
0.5354 0.8813 1.1387 0.7047 0.7047 4.6755 0.1944 0.1944 0.3048 0.3048
0.5217 0.8819 1.1286 0.7023 0.7023 4.6866 0.1951 0.1951 0.3054 0.3054
0.5249 0.8821 1.0797 0.7062 0.7062 4.6868 0.1938 0.1938 0.3041 0.3041
0.5070 0.8866 1.1104 0.7016 0.7016 4.6884 0.1993 0.1993 0.3104 0.3104
0.5254 0.8809 1.1092 0.7035 0.7035 4.6873 0.1951 0.1951 0.3055 0.3055
0.5376 0.8767 1.0930 0.7097 0.7097 4.7059 0.1965 0.1965 0.3078 0.3078
0.5276 0.8798 1.1096 0.7047 0.7047 4.7221 0.1951 0.1951 0.3056 0.3056
0.5235 0.8845 1.1038 0.7081 0.7081 4.6946 0.1993 0.1993 0.3111 0.3111
0.5340 0.8796 1.0501 0.7081 0.7081 4.7120 0.1986 0.1986 0.3102 0.3102
0.5110 0.8886 1.0998 0.7081 0.7081 4.7131 0.1972 0.1972 0.3085 0.3085
0.5242 0.8846 1.0761 0.7066 0.7066 4.7296 0.1965 0.1965 0.3075 0.3075
0.5377 0.8814 1.0956 0.7078 0.7078 4.7156 0.1986 0.1986 0.3102 0.3102
0.5157 0.8860 1.1154 0.7105 0.7105 4.6879 0.2000 0.2000 0.3121 0.3121
0.5179 0.8849 1.0653 0.7089 0.7089 4.7081 0.1979 0.1979 0.3094 0.3094
0.5081 0.8859 1.0608 0.7097 0.7097 4.7298 0.1979 0.1979 0.3095 0.3095
0.5033 0.8838 1.0726 0.7132 0.7132 4.7468 0.1931 0.1931 0.3039 0.3039
0.5037 0.8917 1.0712 0.7128 0.7128 4.7285 0.1958 0.1958 0.3073 0.3073
0.4985 0.8869 1.0641 0.7120 0.7120 4.7217 0.1986 0.1986 0.3106 0.3106
0.5082 0.8856 1.0450 0.7105 0.7105 4.7171 0.1951 0.1951 0.3062 0.3062
0.4904 0.8904 1.0766 0.7163 0.7163 4.7561 0.1944 0.1944 0.3059 0.3059
0.5025 0.8898 1.0593 0.7194 0.7194 4.7619 0.1910 0.1910 0.3018 0.3018
0.5074 0.8870 1.0804 0.7186 0.7186 4.7541 0.1938 0.1938 0.3052 0.3052
0.5191 0.8873 1.0536 0.7205 0.7205 4.7478 0.1868 0.1868 0.2967 0.2967
