6.1623 0.0103 7.1939 0.0000 0.0000 5.1356 0.0250 0.0250 0.0000 0.0000
5.0995 0.0908 8.8333 0.0000 0.0000 3.9355 0.1521 0.1521 0.0000 0.0000
4.4910 0.2986 7.9966 0.0000 0.0000 3.5601 0.2549 0.2549 0.0000 0.0000
3.9067 0.4822 8.3556 0.0000 0.0000 2.9489 0.3438 0.3438 0.0000 0.0000
3.2960 0.6071 8.1573 0.0000 0.0000 2.5783 0.3681 0.3681 0.0000 0.0000
2.8343 0.6608 7.8462 0.0000 0.0000 2.4030 0.3931 0.3931 0.0000 0.0000
2.4533 0.6999 7.3668 0.0000 0.0000 2.3468 0.3924 0.3924 0.0000 0.0000
2.1775 0.7210 6.8993 0.0000 0.0000 2.3598 0.4229 0.4229 0.0000 0.0000
1.9426 0.7357 6.4184 0.0016 0.0016 2.4439 0.4194 0.4194 0.0031 0.0031
1.8023 0.7449 6.1300 0.0062 0.0062 2.5022 0.4257 0.4257 0.0122 0.0122
1.6470 0.7496 5.6650 0.0120 0.0120 2.5842 0.4146 0.4146 0.0234 0.0234
1.5562 0.7573 5.3247 0.0240 0.0240 2.6377 0.4194 0.4194 0.0455 0.0455
1.4489 0.7691 5.0288 0.0349 0.0349 2.7236 0.4243 0.4243 0.0645 0.0645
1.3670 0.7773 4.8686 0.0469 0.0469 2.7557 0.4208 0.4208 0.0844 0.0844
1.2573 0.7823 4.5964 0.0628 0.0628 2.8318 0.4118 0.4118 0.1090 0.1090
1.2230 0.7874 4.4769 0.0752 0.0752 2.8914 0.4097 0.4097 0.1271 0.1271
1.1613 0.7940 4.1700 0.1043 0.1043 2.9555 0.4118 0.4118 0.1664 0.1664
1.1011 0.8018 4.0764 0.1093 0.1093 3.0133 0.4097 0.4097 0.1726 0.1726
1.0610 0.8067 3.9329 0.1314 0.1314 3.0579 0.3979 0.3979 0.1976 0.1976
1.0142 0.8109 3.7893 0.1484 0.1484 3.0966 0.4014 0.4014 0.2167 0.2167
0.9654 0.8162 3.5602 0.1705 0.1705 3.1801 0.3958 0.3958 0.2384 0.2384
0.9323 0.8174 3.4653 0.1868 0.1868 3.2044 0.3993 0.3993 0.2545 0.2545
0.9092 0.8231 3.3838 0.2202 0.2202 3.2940 0.3868 0.3868 0.2806 0.2806
0.8811 0.8290 3.2517 0.2213 0.2213 3.3344 0.3764 0.3764 0.2787 0.2787
0.8444 0.8319 3.2012 0.2155 0.2155 3.3912 0.3722 0.3722 0.2730 0.2730
0.8185 0.8363 3.1093 0.2442 0.2442 3.4282 0.3854 0.3854 0.2990 0.2990
0.8065 0.8402 2.9770 0.2643 0.2643 3.5718 0.3590 0.3590 0.3045 0.3045
0.7675 0.8470 2.9362 0.2682 0.2682 3.5332 0.3563 0.3563 0.3060 0.3060
0.7467 0.8454 2.8321 0.2888 0.2888 3.5755 0.3708 0.3708 0.3247 0.3247
0.7237 0.8534 2.7287 0.3008 0.3008 3.6794 0.3514 0.3514 0.3241 0.3241
0.7107 0.8554 2.7370 0.3074 0.3074 3.6313 0.3618 0.3618 0.3324 0.3324
0.6964 0.8551 2.6885 0.3287 0.3287 3.6956 0.3472 0.3472 0.3377 0.3377
0.6823 0.8578 2.6227 0.3240 0.3240 3.7311 0.3417 0.3417 0.3326 0.3326
0.6491 0.8635 2.6449 0.3333 0.3333 3.7524 0.3340 0.3340 0.3337 0.3337
0.6565 0.8603 2.5110 0.3492 0.3492 3.8151 0.3292 0.3292 0.3389 0.3389
0.6286 0.8643 2.4899 0.3605 0.3605 3.8989 0.3222 0.3222 0.3403 0.3403
0.6100 0.8688 2.4824 0.3651 0.3651 3.8822 0.3208 0.3208 0.3415 0.3415
0.5866 0.8733 2.4648 0.3775 0.3775 3.9303 0.3278 0.3278 0.3509 0.3509
0.5940 0.8741 2.3524 0.3895 0.3895 3.9957 0.3063 0.3063 0.3429 0.3429
0.5889 0.8710 2.2871 0.3919 0.3919 4.0552 0.3208 0.3208 0.3528 0.3528
0.5719 0.8764 2.3224 0.4016 0.4016 4.0611 0.3083 0.3083 0.3488 0.3488
0.5650 0.8769 2.2679 0.4143 0.4143 4.1109 0.3090 0.3090 0.3540 0.3540
0.5439 0.8817 2.1938 0.4167 0.4167 4.1183 0.2972 0.2972 0.3470 0.3470
0.5529 0.8784 2.1903 0.4279 0.4279 4.2483 0.2910 0.2910 0.3464 0.3464
0.5278 0.8854 2.1742 0.4256 0.4256 4.1513 0.3035 0.3035 0.3543 0.3543
0.5167 0.8853 2.1678 0.4140 0.4140 4.1503 0.3007 0.3007 0.3483 0.3483
0.4993 0.8904 2.0658 0.4481 0.4481 4.2590 0.2917 0.2917 0.3533 0.3533
0.4957 0.8882 2.0700 0.4519 0.4519 4.2611 0.2903 0.2903 0.3535 0.3535
0.4876 0.8869 1.9704 0.4434 0.4434 4.3003 0.2875 0.2875 0.3488 0.3488
0.4732 0.8934 2.0259 0.4651 0.4651 4.3373 0.2840 0.2840 0.3527 0.3527
0.4981 0.8872 1.9451 0.4775 0.4775 4.3225 0.2861 0.2861 0.3578 0.3578
0.4681 0.8936 1.8705 0.4888 0.4888 4.3282 0.2819 0.2819 0.3576 0.3576
0.4501 0.8960 1.9037 0.4992 0.4992 4.3460 0.2826 0.2826 0.3609 0.3609
0.4515 0.8968 1.8733 0.5074 0.5074 4.3620 0.2806 0.2806 0.3613 0.3613
0.4471 0.8974 1.8205 0.5085 0.5085 4.3409 0.2792 0.2792 0.3605 0.3605
0.4402 0.9036 1.8384 0.5140 0.5140 4.3398 0.2812 0.2813 0.3636 0.3636
0.4362 0.8983 1.8068 0.5163 0.5163 4.3435 0.2799 0.2799 0.3630 0.3630
0.4343 0.9039 1.7384 0.5248 0.5248 4.3725 0.2743 0.2743 0.3603 0.3603
0.4221 0.9052 1.8087 0.5213 0.5213 4.3684 0.2764 0.2764 0.3613 0.3613
0.4156 0.9054 1.7565 0.5221 0.5221 4.3879 0.2750 0.2750 0.3602 0.3602
0.4152 0.9057 1.7772 0.5329 0.5329 4.3901 0.2708 0.2708 0.3592 0.3592
0.4119 0.9059 1.7664 0.5283 0.5283 4.3963 0.2715 0.2715 0.3587 0.3587
0.4182 0.9019 1.7491 0.5287 0.5287 4.3922 0.2736 0.2736 0.3606 0.3606
0.4269 0.9015 1.7167 0.5333 0.5333 4.4285 0.2701 0.2701 0.3586 0.3586
0.4231 0.9062 1.7773 0.5376 0.5376 4.4394 0.2701 0.2701 0.3596 0.3596
0.4214 0.9046 1.7669 0.5353 0.5353 4.4286 0.2708 0.2708 0.3597 0.3597
0.4105 0.9081 1.7793 0.5341 0.5341 4.4103 0.2715 0.2715 0.3600 0.3600
0.4143 0.9046 1.7686 0.5395 0.5395 4.4099 0.2722 0.2722 0.3619 0.3619
0.4246 0.9035 1.7662 0.5360 0.5360 4.4078 0.2715 0.2715 0.3605 0.3605
0.4198 0.9041 1.7583 0.5391 0.5391 4.4333 0.2708 0.2708 0.3605 0.3605
0.4186 0.9052 1.6999 0.5376 0.5376 4.4332 0.2722 0.2722 0.3614 0.3614
0.4174 0.9068 1.6373 0.5368 0.5368 4.4495 0.2708 0.2708 0.3600 0.3600
0.4044 0.9063 1.6825 0.5380 0.5380 4.4425 0.2743 0.2743 0.3633 0.3633
0.4031 0.9080 1.7144 0.5426 0.5426 4.4475 0.2729 0.2729 0.3632 0.3632
0.4135 0.9086 1.7337 0.5395 0.5395 4.4444 0.2715 0.2715 0.3613 0.3613
0.4156 0.9069 1.7018 0.5384 0.5384 4.4523 0.2715 0.2715 0.3610 0.3610
0.3993 0.9109 1.6801 0.5434 0.5434 4.4692 0.2708 0.2708 0.3615 0.3615
0.4112 0.9088 1.6555 0.5434 0.5434 4.4514 0.2743 0.2743 0.3646 0.3646
0.4051 0.9081 1.7082 0.5504 0.5504 4.4603 0.2729 0.2729 0.3649 0.3649
0.4075 0.9091 1.7065 0.5496 0.5496 4.4672 0.2681 0.2681 0.3604 0.3604
0.4136 0.9058 1.6753 0.5465 0.5465 4.4956 0.2667 0.2667 0.3584 0.3584
0.4176 0.9068 1.6889 0.5496 0.5496 4.4940 0.2639 0.2639 0.3566 0.3566
0.3981 0.9095 1.6711 0.5484 0.5484 4.4957 0.2646 0.2646 0.3570 0.3570
0.3982 0.9088 1.6458 0.5407 0.5407 4.5014 0.2708 0.2708 0.3609 0.3609
0.4202 0.9038 1.6615 0.5508 0.5508 4.4876 0.2681 0.2681 0.3606 0.3606
0.4053 0.9077 1.6841 0.5473 0.5473 4.5283 0.2618 0.2618 0.3542 0.3542
0.3912 0.9099 1.6915 0.5465 0.5465 4.5329 0.2646 0.2646 0.3565 0.3565
0.3945 0.9128 1.7338 0.5442 0.5442 4.5143 0.2632 0.2632 0.3548 0.3548
0.4121 0.9052 1.6476 0.5453 0.5453 4.5165 0.2632 0.2632 0.3550 0.3550
0.3981 0.9075 1.6916 0.5496 0.5496 4.5112 0.2604 0.2604 0.3534 0.3534
0.4114 0.9061 1.6525 0.5512 0.5512 4.5359 0.2590 0.2590 0.3524 0.3524
0.3869 0.9141 1.6412 0.5539 0.5539 4.5497 0.2625 0.2625 0.3562 0.3562
0.4013 0.9081 1.7005 0.5550 0.5550 4.5362 0.2632 0.2632 0.3571 0.3571
0.4009 0.9090 1.7126 0.5585 0.5585 4.5510 0.2618 0.2618 0.3565 0.3565
0.4035 0.9113 1.6724 0.5605 0.5605 4.5515 0.2618 0.2618 0.3569 0.3569
0.3840 0.9123 1.6187 0.5566 0.5566 4.5581 0.2639 0.2639 0.3580 0.3580
0.3885 0.9125 1.6264 0.5593 0.5593 4.5537 0.2674 0.2674 0.3618 0.3618
0.3931 0.9104 1.6451 0.5589 0.5589 4.5517 0.2618 0.2618 0.3566 0.3566
0.3920 0.9110 1.7036 0.5640 0.5640 4.5648 0.2556 0.2556 0.3517 0.3517
0.3874 0.9082 1.5918 0.5678 0.5678 4.5714 0.2576 0.2576 0.3545 0.3545
