6.4271 0.0123 6.7457 0.0000 0.0000 5.6495 0.0278 0.0278 0.0000 0.0000
5.9611 0.0482 7.1030 0.0000 0.0000 4.4906 0.1215 0.1215 0.0000 0.0000
5.5491 0.1757 6.7595 0.0000 0.0000 4.1506 0.2458 0.2458 0.0000 0.0000
5.0938 0.2882 6.6423 0.0000 0.0000 3.4769 0.3292 0.3292 0.0000 0.0000
4.5802 0.3624 6.1874 0.0008 0.0008 3.0633 0.3840 0.3840 0.0015 0.0015
4.0300 0.4026 5.5695 0.0031 0.0031 2.8359 0.4035 0.4035 0.0062 0.0062
3.5060 0.4326 4.8809 0.0236 0.0236 2.8595 0.4090 0.4090 0.0447 0.0447
3.0567 0.4549 4.3734 0.0636 0.0636 2.9081 0.4014 0.4014 0.1098 0.1098
2.7541 0.4775 4.0405 0.0969 0.0969 2.9052 0.3910 0.3910 0.1553 0.1553
2.5045 0.5044 3.7155 0.1446 0.1446 3.0143 0.3958 0.3958 0.2118 0.2118
2.2969 0.5302 3.5149 0.1717 0.1717 2.9992 0.3764 0.3764 0.2358 0.2358
2.1337 0.5603 3.2018 0.2174 0.2174 3.0992 0.3611 0.3611 0.2714 0.2714
2.0015 0.5740 3.0365 0.2516 0.2516 3.1941 0.3514 0.3514 0.2932 0.2932
1.8852 0.5910 2.8537 0.2756 0.2756 3.2503 0.3382 0.3382 0.3037 0.3037
1.7766 0.6108 2.7176 0.2981 0.2981 3.2838 0.3472 0.3472 0.3208 0.3208
1.6893 0.6267 2.6582 0.3097 0.3097 3.3584 0.3167 0.3167 0.3131 0.3131
1.6232 0.6396 2.5325 0.3465 0.3465 3.4074 0.2972 0.2972 0.3200 0.3200
1.5487 0.6465 2.4548 0.3632 0.3632 3.4709 0.2993 0.2993 0.3282 0.3282
1.4851 0.6684 2.3763 0.3713 0.3713 3.5165 0.2958 0.2958 0.3293 0.3293
1.4268 0.6735 2.2939 0.3845 0.3845 3.5567 0.2896 0.2896 0.3304 0.3304
1.3829 0.6886 2.1884 0.4147 0.4147 3.6327 0.2687 0.2688 0.3262 0.3262
1.3638 0.6859 2.0687 0.4306 0.4306 3.7061 0.2576 0.2576 0.3224 0.3224
1.2779 0.7052 2.1002 0.4442 0.4442 3.7130 0.2569 0.2569 0.3256 0.3256
1.2503 0.7096 1.9577 0.4473 0.4473 3.6913 0.2625 0.2625 0.3308 0.3308
1.2288 0.7103 1.9642 0.4705 0.4705 3.7827 0.2542 0.2542 0.3301 0.3301
1.1842 0.7211 1.9072 0.4957 0.4957 3.8176 0.2583 0.2583 0.3397 0.3397
1.1634 0.7294 1.8444 0.5027 0.5027 3.8611 0.2458 0.2458 0.3302 0.3302
1.1238 0.7386 1.7881 0.5093 0.5093 3.9028 0.2340 0.2340 0.3207 0.3207
1.0750 0.7468 1.7948 0.5143 0.5143 3.9316 0.2313 0.2313 0.3191 0.3191
1.0537 0.7584 1.7027 0.5279 0.5279 3.9235 0.2486 0.2486 0.3380 0.3380
1.0373 0.7575 1.6747 0.5314 0.5314 3.9728 0.2410 0.2410 0.3316 0.3316
1.0022 0.7602 1.6415 0.5531 0.5531 4.0667 0.2104 0.2104 0.3049 0.3049
0.9888 0.7658 1.5851 0.5694 0.5694 4.0534 0.2090 0.2090 0.3058 0.3058
0.9537 0.7741 1.5621 0.5729 0.5729 4.0806 0.2090 0.2090 0.3063 0.3063
0.9342 0.7824 1.5470 0.5919 0.5919 4.1623 0.2056 0.2056 0.3051 0.3051
0.9094 0.7869 1.4895 0.5822 0.5822 4.1654 0.2125 0.2125 0.3114 0.3114
0.8880 0.7911 1.4314 0.6066 0.6066 4.2390 0.1993 0.1993 0.3000 0.3000
0.8488 0.8020 1.4427 0.6093 0.6093 4.2053 0.2000 0.2000 0.3011 0.3011
0.8490 0.7979 1.4469 0.6109 0.6109 4.2919 0.2021 0.2021 0.3037 0.3037
0.8194 0.8005 1.3539 0.6341 0.6341 4.2932 0.1875 0.1875 0.2894 0.2894
0.7969 0.8120 1.2846 0.6326 0.6326 4.3051 0.1951 0.1951 0.2983 0.2983
0.7968 0.8116 1.2709 0.6535 0.6535 4.4047 0.1806 0.1806 0.2829 0.2829
0.7783 0.8181 1.2374 0.6473 0.6473 4.3605 0.1826 0.1826 0.2849 0.2849
0.7403 0.8165 1.2865 0.6593 0.6593 4.3799 0.1931 0.1931 0.2987 0.2987
0.7287 0.8277 1.2074 0.6678 0.6678 4.4845 0.1764 0.1764 0.2791 0.2791
0.7200 0.8317 1.1778 0.6771 0.6771 4.4663 0.1806 0.1806 0.2851 0.2851
0.7097 0.8312 1.1846 0.6740 0.6740 4.4534 0.1694 0.1694 0.2708 0.2708
0.6857 0.8357 1.1326 0.6930 0.6930 4.5354 0.1785 0.1785 0.2838 0.2838
0.6700 0.8428 1.0943 0.7089 0.7089 4.6040 0.1833 0.1833 0.2913 0.2913
0.6519 0.8492 1.0916 0.7031 0.7031 4.5760 0.1708 0.1708 0.2749 0.2749
0.6390 0.8525 1.0329 0.7198 0.7198 4.5683 0.1625 0.1625 0.2651 0.2651
0.5857 0.8676 1.0477 0.7314 0.7314 4.5482 0.1694 0.1694 0.2751 0.2751
0.6151 0.8608 0.9643 0.7450 0.7450 4.5544 0.1708 0.1708 0.2779 0.2779
0.5822 0.8713 1.0000 0.7496 0.7496 4.5514 0.1715 0.1715 0.2792 0.2792
0.5889 0.8717 1.0124 0.7531 0.7531 4.5583 0.1681 0.1681 0.2748 0.2748
0.5920 0.8698 0.9756 0.7558 0.7558 4.5766 0.1729 0.1729 0.2814 0.2814
0.5843 0.8686 0.9896 0.7581 0.7581 4.6014 0.1729 0.1729 0.2816 0.2816
0.5894 0.8717 0.9612 0.7601 0.7601 4.6110 0.1701 0.1701 0.2780 0.2780
0.5799 0.8743 0.9714 0.7570 0.7570 4.5977 0.1694 0.1694 0.2769 0.2769
0.5775 0.8754 0.9659 0.7488 0.7488 4.5989 0.1743 0.1743 0.2828 0.2828
0.5854 0.8733 0.9713 0.7504 0.7504 4.6226 0.1701 0.1701 0.2774 0.2774
0.5708 0.8761 0.9616 0.7527 0.7527 4.6076 0.1694 0.1694 0.2766 0.2766
0.5664 0.8754 0.9290 0.7632 0.7632 4.6141 0.1688 0.1688 0.2764 0.2764
0.5674 0.8765 1.0028 0.7659 0.7659 4.6229 0.1694 0.1694 0.2775 0.2775
0.5546 0.8819 0.9109 0.7651 0.7651 4.6196 0.1715 0.1715 0.2802 0.2802
0.5611 0.8774 0.9709 0.7667 0.7667 4.6306 0.1715 0.1715 0.2803 0.2803
0.5651 0.8778 0.9445 0.7651 0.7651 4.6431 0.1715 0.1715 0.2802 0.2802
0.5620 0.8742 0.9207 0.7667 0.7667 4.6444 0.1729 0.1729 0.2822 0.2822
0.5580 0.8771 0.9385 0.7671 0.7671 4.6500 0.1653 0.1653 0.2720 0.2720
0.5546 0.8803 0.9255 0.7620 0.7620 4.6576 0.1674 0.1674 0.2744 0.2744
0.5532 0.8792 0.9489 0.7674 0.7674 4.6569 0.1625 0.1625 0.2682 0.2682
0.5612 0.8774 0.9382 0.7698 0.7698 4.6825 0.1632 0.1632 0.2693 0.2693
0.5542 0.8786 0.9074 0.7643 0.7643 4.6955 0.1618 0.1618 0.2671 0.2671
0.5494 0.8798 0.9010 0.7671 0.7671 4.6608 0.1715 0.1715 0.2804 0.2804
0.5503 0.8813 0.9118 0.7717 0.7717 4.6840 0.1722 0.1722 0.2816 0.2816
0.5492 0.8797 0.9252 0.7736 0.7736 4.6900 0.1660 0.1660 0.2733 0.2733
0.5589 0.8749 0.9214 0.7810 0.7810 4.7037 0.1639 0.1639 0.2709 0.2709
0.5264 0.8857 0.9212 0.7748 0.7748 4.6837 0.1701 0.1701 0.2790 0.2790
0.5338 0.8810 0.8998 0.7698 0.7698 4.6634 0.1667 0.1667 0.2740 0.2740
0.5383 0.8858 0.8912 0.7748 0.7748 4.7032 0.1660 0.1660 0.2734 0.2734
0.5624 0.8765 0.9020 0.7787 0.7787 4.7353 0.1646 0.1646 0.2717 0.2717
0.5391 0.8844 0.8788 0.7771 0.7771 4.7095 0.1653 0.1653 0.2726 0.2726
0.5359 0.8867 0.8758 0.7810 0.7810 4.6938 0.1625 0.1625 0.2690 0.2690
0.5291 0.8859 0.8889 0.7837 0.7837 4.7106 0.1639 0.1639 0.2711 0.2711
0.5372 0.8872 0.8892 0.7810 0.7810 4.7134 0.1632 0.1632 0.2700 0.2700
0.5348 0.8842 0.9376 0.7771 0.7771 4.7273 0.1632 0.1632 0.2697 0.2697
0.5478 0.8833 0.8902 0.7798 0.7798 4.7325 0.1653 0.1653 0.2727 0.2727
0.5083 0.8891 0.9152 0.7748 0.7748 4.7372 0.1667 0.1667 0.2743 0.2743
0.5419 0.8845 0.8951 0.7822 0.7822 4.7250 0.1674 0.1674 0.2757 0.2757
0.5409 0.8872 0.8635 0.7829 0.7829 4.7392 0.1674 0.1674 0.2758 0.2758
0.5295 0.8824 0.8951 0.7911 0.7911 4.7506 0.1576 0.1576 0.2629 0.2629
0.5224 0.8934 0.8410 0.7899 0.7899 4.7349 0.1625 0.1625 0.2695 0.2695
0.5139 0.8929 0.8661 0.7849 0.7849 4.7232 0.1653 0.1653 0.2731 0.2731
0.5211 0.8916 0.8829 0.7895 0.7895 4.7443 0.1632 0.1632 0.2705 0.2705
0.5269 0.8860 0.8707 0.7895 0.7895 4.7465 0.1632 0.1632 0.2705 0.2705
0.5228 0.8895 0.8521 0.7888 0.7888 4.7512 0.1646 0.1646 0.2723 0.2723
0.5093 0.8909 0.8795 0.7853 0.7853 4.7796 0.1667 0.1667 0.2750 0.2750
0.5218 0.8902 0.8655 0.7911 0.7911 4.7953 0.1632 0.1632 0.2706 0.2706
0.5276 0.8861 0.8821 0.7880 0.7880 4.7743 0.1660 0.1660 0.2742 0.2742
0.5201 0.8895 0.8547 0.7864 0.7864 4.7543 0.1611 0.1611 0.2674 0.2674
