5.6267 0.0199 7.2547 0.0000 0.0000 4.3869 0.0195 0.0200 0.0000 0.0000
4.9646 0.0489 6.2571 0.0000 0.0000 4.1448 0.1065 0.1060 0.0000 0.0000
4.4906 0.1491 5.9997 0.0000 0.0000 3.6642 0.1554 0.1547 0.0000 0.0000
4.0101 0.2347 5.6300 0.0000 0.0000 3.3181 0.2555 0.2574 0.0000 0.0000
3.5745 0.3281 5.2820 0.0006 0.0005 3.1422 0.2693 0.2703 0.0011 0.0010
3.2284 0.3832 4.9024 0.0062 0.0067 3.0711 0.2828 0.2829 0.0122 0.0130
2.9877 0.4187 4.5620 0.0181 0.0187 3.0645 0.2851 0.2862 0.0341 0.0351
2.7832 0.4539 4.2795 0.0380 0.0385 3.0595 0.3249 0.3250 0.0680 0.0688
2.6332 0.4825 4.0514 0.0675 0.0666 3.0027 0.3300 0.3302 0.1120 0.1109
2.4782 0.5167 3.8363 0.0986 0.0979 3.0494 0.3374 0.3364 0.1526 0.1516
2.3617 0.5443 3.6591 0.1378 0.1388 3.0724 0.3428 0.3429 0.1965 0.1976
2.2338 0.5665 3.4368 0.1638 0.1676 3.1010 0.3391 0.3381 0.2209 0.2241
2.1356 0.5908 3.2853 0.2001 0.2033 3.1924 0.3209 0.3199 0.2465 0.2486
2.0489 0.5981 3.1817 0.2205 0.2256 3.1771 0.3290 0.3282 0.2640 0.2674
1.9771 0.6081 3.0857 0.2290 0.2307 3.1630 0.3350 0.3344 0.2721 0.2730
1.8686 0.6433 2.9502 0.2795 0.2819 3.2420 0.3354 0.3347 0.3049 0.3060
1.8239 0.6577 2.8529 0.2738 0.2739 3.1661 0.3283 0.3274 0.2986 0.2983
1.7560 0.6643 2.7672 0.3129 0.3171 3.2067 0.3290 0.3286 0.3207 0.3228
1.6977 0.6768 2.7140 0.3311 0.3326 3.1931 0.3377 0.3363 0.3344 0.3345
1.6564 0.6840 2.5701 0.3702 0.3709 3.2829 0.3199 0.3193 0.3432 0.3431
1.5902 0.7027 2.5192 0.3759 0.3767 3.2405 0.3219 0.3205 0.3468 0.3463
1.5504 0.7195 2.4565 0.3855 0.3837 3.2387 0.3252 0.3246 0.3528 0.3517
1.5100 0.7245 2.3880 0.4127 0.4107 3.3476 0.3101 0.3092 0.3541 0.3528
1.4805 0.7304 2.2812 0.4235 0.4215 3.3531 0.3033 0.3026 0.3535 0.3523
1.4277 0.7359 2.2634 0.4410 0.4392 3.3653 0.3097 0.3091 0.3639 0.3629
1.4030 0.7441 2.2219 0.4467 0.4472 3.3333 0.3118 0.3110 0.3672 0.3668
1.3427 0.7585 2.1638 0.4598 0.4615 3.3350 0.3168 0.3160 0.3751 0.3751
1.3106 0.7643 2.0808 0.4790 0.4801 3.4454 0.3050 0.3041 0.3727 0.3724
1.2671 0.7799 2.0462 0.5040 0.5037 3.4482 0.2959 0.2949 0.3729 0.3720
1.2507 0.7797 1.9768 0.5051 0.5025 3.4540 0.2963 0.2954 0.3735 0.3721
1.2427 0.7795 1.9451 0.5193 0.5187 3.4743 0.2969 0.2960 0.3778 0.3769
1.2038 0.7889 1.9258 0.5363 0.5347 3.5461 0.2781 0.2773 0.3662 0.3652
1.1684 0.8052 1.8502 0.5607 0.5591 3.5539 0.2828 0.2820 0.3759 0.3749
1.1432 0.8104 1.8430 0.5618 0.5674 3.5569 0.2835 0.2828 0.3768 0.3775
1.1070 0.8141 1.8128 0.5618 0.5628 3.5018 0.2966 0.2961 0.3882 0.3880
1.1105 0.8156 1.7847 0.5680 0.5692 3.4846 0.2959 0.2951 0.3891 0.3886
1.0728 0.8239 1.7232 0.5822 0.5873 3.6549 0.2767 0.2758 0.3751 0.3754
1.0436 0.8316 1.6824 0.6049 0.6027 3.5984 0.2868 0.2862 0.3891 0.3881
1.0287 0.8327 1.6692 0.6037 0.6065 3.6175 0.2774 0.2764 0.3801 0.3797
1.0133 0.8401 1.6302 0.6071 0.6051 3.6149 0.2777 0.2767 0.3811 0.3797
0.9890 0.8395 1.5816 0.6321 0.6352 3.6997 0.2653 0.2645 0.3737 0.3735
0.9766 0.8432 1.5776 0.6349 0.6390 3.6004 0.2791 0.2786 0.3877 0.3880
0.9461 0.8559 1.5466 0.6406 0.6425 3.6979 0.2653 0.2647 0.3752 0.3749
0.9331 0.8540 1.4838 0.6627 0.6633 3.7280 0.2615 0.2604 0.3751 0.3740
0.9269 0.8573 1.4988 0.6542 0.6545 3.7180 0.2626 0.2617 0.3747 0.3739
0.8905 0.8656 1.4216 0.6825 0.6803 3.7341 0.2615 0.2608 0.3782 0.3771
0.8756 0.8745 1.4085 0.6848 0.6846 3.7334 0.2599 0.2593 0.3768 0.3761
0.8505 0.8753 1.3872 0.6910 0.6922 3.8414 0.2555 0.2549 0.3730 0.3726
0.8281 0.8812 1.3844 0.7007 0.7008 3.7798 0.2572 0.2565 0.3762 0.3755
0.8282 0.8801 1.3928 0.6984 0.6976 3.7501 0.2626 0.2620 0.3816 0.3810
0.8089 0.8873 1.3362 0.7211 0.7222 3.7803 0.2595 0.2587 0.3817 0.3810
0.8005 0.8896 1.3107 0.7183 0.7184 3.7898 0.2585 0.2578 0.3802 0.3794
0.8029 0.8919 1.2878 0.7279 0.7287 3.7922 0.2548 0.2541 0.3775 0.3768
0.8091 0.8873 1.2887 0.7234 0.7238 3.7531 0.2612 0.2605 0.3838 0.3831
0.8006 0.8935 1.2863 0.7285 0.7290 3.8150 0.2558 0.2551 0.3787 0.3779
0.7992 0.8912 1.2784 0.7381 0.7380 3.7935 0.2568 0.2561 0.3811 0.3802
0.7879 0.8965 1.2806 0.7341 0.7353 3.8057 0.2558 0.2552 0.3794 0.3789
0.7918 0.8953 1.2915 0.7313 0.7327 3.7989 0.2585 0.2578 0.3820 0.3814
0.7868 0.8981 1.2880 0.7341 0.7348 3.7756 0.2582 0.2574 0.3820 0.3813
0.7824 0.8941 1.2710 0.7358 0.7362 3.7807 0.2592 0.2585 0.3833 0.3826
0.7895 0.8973 1.2667 0.7358 0.7372 3.7955 0.2575 0.2567 0.3815 0.3808
0.7808 0.9007 1.2627 0.7353 0.7359 3.8088 0.2588 0.2581 0.3829 0.3822
0.7949 0.8876 1.2748 0.7381 0.7383 3.8177 0.2585 0.2578 0.3829 0.3822
0.7916 0.8951 1.2499 0.7443 0.7460 3.8097 0.2565 0.2559 0.3815 0.3811
0.7781 0.8957 1.2512 0.7409 0.7419 3.8187 0.2541 0.2535 0.3785 0.3779
0.7767 0.8985 1.2596 0.7341 0.7352 3.7922 0.2565 0.2557 0.3802 0.3794
0.7730 0.9001 1.2547 0.7404 0.7418 3.8111 0.2575 0.2567 0.3821 0.3814
0.7743 0.8949 1.2525 0.7392 0.7397 3.8093 0.2565 0.2557 0.3808 0.3801
0.7643 0.8964 1.2431 0.7432 0.7442 3.7950 0.2592 0.2584 0.3843 0.3836
0.7580 0.9015 1.2474 0.7404 0.7414 3.7895 0.2602 0.2595 0.3851 0.3844
0.7564 0.9029 1.2464 0.7375 0.7387 3.8266 0.2582 0.2575 0.3825 0.3819
0.7535 0.9007 1.2614 0.7409 0.7420 3.8131 0.2575 0.2568 0.3822 0.3816
0.7590 0.9020 1.2461 0.7455 0.7467 3.8215 0.2538 0.2532 0.3787 0.3782
0.7555 0.9023 1.2461 0.7506 0.7529 3.8130 0.2585 0.2578 0.3846 0.3840
0.7757 0.8953 1.2311 0.7483 0.7484 3.8530 0.2548 0.2542 0.3802 0.3796
0.7589 0.9019 1.2303 0.7455 0.7461 3.8279 0.2585 0.2579 0.3839 0.3833
0.7491 0.9049 1.2321 0.7460 0.7474 3.8178 0.2602 0.2595 0.3858 0.3852
0.7420 0.9068 1.2373 0.7489 0.7508 3.8153 0.2565 0.2559 0.3821 0.3817
0.7406 0.9101 1.2387 0.7443 0.7456 3.8265 0.2541 0.2535 0.3789 0.3783
0.7478 0.9040 1.2340 0.7506 0.7510 3.8463 0.2551 0.2544 0.3808 0.3801
0.7492 0.9007 1.2110 0.7545 0.7543 3.8418 0.2551 0.2545 0.3813 0.3806
0.7550 0.9011 1.2026 0.7619 0.7614 3.8658 0.2551 0.2544 0.3823 0.3814
0.7530 0.9071 1.2053 0.7534 0.7542 3.8530 0.2575 0.2567 0.3838 0.3831
0.7345 0.9104 1.2163 0.7540 0.7540 3.8434 0.2575 0.2568 0.3839 0.3831
0.7493 0.9025 1.2097 0.7562 0.7568 3.8367 0.2555 0.2549 0.3819 0.3813
0.7363 0.9079 1.2057 0.7574 0.7583 3.8544 0.2511 0.2504 0.3772 0.3765
0.7391 0.9091 1.2110 0.7557 0.7563 3.8459 0.2508 0.2501 0.3766 0.3759
0.7431 0.9071 1.1970 0.7585 0.7591 3.8536 0.2572 0.2564 0.3841 0.3833
0.7414 0.9043 1.1816 0.7642 0.7650 3.8709 0.2487 0.2481 0.3753 0.3747
0.7486 0.9035 1.1778 0.7619 0.7616 3.8716 0.2487 0.2481 0.3750 0.3742
0.7326 0.9108 1.1831 0.7625 0.7621 3.8461 0.2558 0.2551 0.3831 0.3822
0.7360 0.9051 1.1906 0.7613 0.7614 3.8678 0.2531 0.2524 0.3799 0.3791
0.7311 0.9116 1.2028 0.7602 0.7594 3.8600 0.2538 0.2532 0.3805 0.3797
0.7194 0.9152 1.1998 0.7551 0.7547 3.8461 0.2551 0.2545 0.3814 0.3807
0.7281 0.9117 1.1978 0.7613 0.7621 3.8482 0.2518 0.2511 0.3784 0.3777
0.7239 0.9111 1.1857 0.7625 0.7632 3.8760 0.2565 0.2558 0.3839 0.3832
0.7363 0.9091 1.1900 0.7568 0.7587 3.8628 0.2541 0.2534 0.3805 0.3799
0.7185 0.9087 1.1824 0.7585 0.7609 3.8790 0.2531 0.2525 0.3796 0.3791
0.7308 0.9028 1.1822 0.7613 0.7621 3.8521 0.2541 0.2534 0.3811 0.3803
0.7150 0.9140 1.1776 0.7642 0.7649 3.8725 0.2521 0.2513 0.3791 0.3783
