5.7319 0.0215 6.6772 0.0000 0.0000 4.5366 0.0644 0.0643 0.0000 0.0000
5.1452 0.0585 5.9508 0.0000 0.0000 4.3268 0.0846 0.0847 0.0000 0.0000
4.7099 0.1143 5.6569 0.0000 0.0000 3.7914 0.1749 0.1750 0.0000 0.0000
4.2099 0.1956 5.1763 0.0000 0.0000 3.4597 0.2430 0.2427 0.0000 0.0000
3.7447 0.2647 4.7741 0.0057 0.0057 3.2427 0.2814 0.2802 0.0111 0.0112
3.3822 0.3319 4.3641 0.0295 0.0272 3.1786 0.3303 0.3297 0.0541 0.0503
3.0805 0.3796 4.0102 0.0760 0.0739 3.2045 0.3077 0.3073 0.1218 0.1191
2.9011 0.4092 3.7141 0.1253 0.1288 3.2199 0.3060 0.3048 0.1778 0.1811
2.7014 0.4607 3.4735 0.1820 0.1832 3.2241 0.3124 0.3117 0.2300 0.2308
2.5583 0.4937 3.2391 0.2154 0.2109 3.2121 0.3175 0.3169 0.2567 0.2533
2.4288 0.5144 3.1193 0.2460 0.2445 3.2478 0.3279 0.3282 0.2811 0.2803
2.2939 0.5488 2.9324 0.2982 0.2926 3.3016 0.3209 0.3210 0.3091 0.3061
2.1839 0.5719 2.8291 0.3073 0.3008 3.2901 0.3249 0.3244 0.3158 0.3122
2.0955 0.5984 2.7458 0.3367 0.3359 3.2796 0.3293 0.3289 0.3330 0.3323
2.0292 0.6144 2.6265 0.3662 0.3625 3.2914 0.3141 0.3143 0.3382 0.3367
1.9159 0.6301 2.5298 0.3980 0.3923 3.3451 0.3205 0.3197 0.3551 0.3523
1.8575 0.6467 2.4555 0.4019 0.3979 3.4205 0.2979 0.2977 0.3422 0.3406
1.8004 0.6593 2.3647 0.4240 0.4176 3.3263 0.3097 0.3092 0.3580 0.3553
1.7581 0.6703 2.2874 0.4433 0.4459 3.3560 0.3067 0.3060 0.3626 0.3629
1.7153 0.6739 2.2245 0.4824 0.4812 3.3541 0.3006 0.2997 0.3704 0.3693
1.6452 0.7045 2.1429 0.4785 0.4727 3.3802 0.2969 0.2964 0.3664 0.3644
1.6008 0.7001 2.0829 0.5062 0.5034 3.4393 0.2831 0.2819 0.3631 0.3614
1.5516 0.7196 2.0682 0.5079 0.5104 3.4135 0.2861 0.2855 0.3661 0.3662
1.4992 0.7321 1.9860 0.5340 0.5357 3.4545 0.2794 0.2787 0.3669 0.3667
1.4645 0.7360 1.9613 0.5437 0.5427 3.4773 0.2770 0.2764 0.3670 0.3663
1.4519 0.7344 1.9197 0.5561 0.5573 3.4338 0.2875 0.2869 0.3790 0.3788
1.3869 0.7531 1.8769 0.5731 0.5684 3.4544 0.2693 0.2691 0.3664 0.3652
1.3649 0.7599 1.7939 0.5896 0.5873 3.4783 0.2797 0.2789 0.3794 0.3781
1.3378 0.7673 1.7656 0.5952 0.5950 3.5380 0.2663 0.2654 0.3679 0.3671
1.3090 0.7705 1.7033 0.6151 0.6135 3.4801 0.2659 0.2652 0.3713 0.3703
1.2704 0.7865 1.6910 0.6213 0.6217 3.4845 0.2642 0.2636 0.3708 0.3702
1.2391 0.7885 1.6552 0.6304 0.6305 3.5507 0.2740 0.2735 0.3820 0.3815
1.2010 0.8028 1.6136 0.6287 0.6313 3.6318 0.2538 0.2534 0.3616 0.3617
1.1946 0.8035 1.5940 0.6497 0.6471 3.5795 0.2612 0.2606 0.3726 0.3715
1.1745 0.8024 1.5211 0.6814 0.6836 3.7107 0.2413 0.2411 0.3564 0.3565
1.1305 0.8220 1.5058 0.6786 0.6813 3.6007 0.2524 0.2519 0.3680 0.3678
1.1338 0.8135 1.4955 0.6769 0.6774 3.5215 0.2673 0.2667 0.3832 0.3827
1.0896 0.8261 1.4773 0.6939 0.6956 3.5226 0.2599 0.2592 0.3781 0.3776
1.0724 0.8373 1.4174 0.7160 0.7190 3.6447 0.2491 0.2485 0.3696 0.3693
1.0403 0.8429 1.3733 0.7256 0.7245 3.6758 0.2386 0.2382 0.3591 0.3585
1.0180 0.8467 1.3505 0.7256 0.7281 3.6999 0.2329 0.2322 0.3526 0.3521
1.0003 0.8485 1.3240 0.7398 0.7376 3.7091 0.2497 0.2491 0.3734 0.3725
0.9857 0.8592 1.2975 0.7483 0.7490 3.6820 0.2528 0.2523 0.3779 0.3774
0.9617 0.8575 1.2669 0.7540 0.7551 3.7450 0.2423 0.2418 0.3668 0.3663
0.9375 0.8685 1.2592 0.7613 0.7654 3.7384 0.2336 0.2331 0.3575 0.3574
0.9350 0.8652 1.2152 0.7698 0.7703 3.9104 0.2201 0.2191 0.3423 0.3411
0.9128 0.8673 1.1933 0.7732 0.7781 3.7608 0.2406 0.2403 0.3671 0.3672
0.8805 0.8809 1.1730 0.7772 0.7835 3.8098 0.2339 0.2334 0.3596 0.3597
0.8799 0.8833 1.1517 0.7789 0.7789 3.8226 0.2406 0.2405 0.3677 0.3675
0.8665 0.8819 1.1534 0.7817 0.7874 3.8016 0.2332 0.2329 0.3593 0.3595
0.8527 0.8808 1.1060 0.7993 0.8053 3.8230 0.2278 0.2273 0.3546 0.3546
0.8119 0.9029 1.1118 0.8061 0.8125 3.7929 0.2353 0.2346 0.3642 0.3641
0.8258 0.8932 1.0899 0.8016 0.8061 3.7945 0.2342 0.2335 0.3625 0.3622
0.8145 0.8995 1.0902 0.8084 0.8116 3.8117 0.2346 0.2340 0.3636 0.3633
0.8201 0.8991 1.0809 0.8112 0.8151 3.8317 0.2329 0.2324 0.3619 0.3617
0.8089 0.9029 1.0769 0.8146 0.8183 3.8090 0.2326 0.2321 0.3618 0.3616
0.8083 0.9003 1.0864 0.8101 0.8145 3.8021 0.2329 0.2325 0.3618 0.3617
0.8029 0.9035 1.0841 0.8118 0.8163 3.8031 0.2339 0.2334 0.3632 0.3631
0.8167 0.8991 1.0793 0.8152 0.8187 3.7953 0.2366 0.2361 0.3668 0.3665
0.8069 0.9032 1.0645 0.8180 0.8225 3.8048 0.2349 0.2344 0.3650 0.3648
0.7940 0.9063 1.0892 0.8152 0.8201 3.7965 0.2356 0.2351 0.3655 0.3654
0.8000 0.9021 1.0673 0.8163 0.8199 3.8252 0.2312 0.2308 0.3604 0.3602
0.7907 0.9067 1.0564 0.8158 0.8203 3.8153 0.2319 0.2315 0.3611 0.3611
0.7923 0.9063 1.0683 0.8175 0.8210 3.8142 0.2312 0.2307 0.3605 0.3602
0.7856 0.9076 1.0674 0.8180 0.8219 3.8188 0.2339 0.2334 0.3638 0.3636
0.8067 0.8975 1.0541 0.8197 0.8238 3.8307 0.2336 0.2332 0.3636 0.3635
0.7802 0.9103 1.0600 0.8141 0.8178 3.8152 0.2319 0.2315 0.3610 0.3608
0.7911 0.9097 1.0539 0.8192 0.8250 3.8243 0.2342 0.2337 0.3643 0.3643
0.7851 0.9036 1.0561 0.8141 0.8181 3.8235 0.2305 0.2299 0.3593 0.3590
0.7830 0.9071 1.0427 0.8226 0.8282 3.8097 0.2366 0.2360 0.3675 0.3673
0.7826 0.9132 1.0547 0.8282 0.8336 3.8503 0.2302 0.2297 0.3603 0.3601
0.7825 0.9071 1.0383 0.8203 0.8250 3.8318 0.2326 0.2322 0.3624 0.3624
0.7782 0.9100 1.0420 0.8226 0.8259 3.8425 0.2336 0.2331 0.3638 0.3635
0.7884 0.9113 1.0450 0.8192 0.8235 3.8335 0.2359 0.2355 0.3663 0.3662
0.7943 0.9049 1.0314 0.8209 0.8246 3.8589 0.2302 0.2298 0.3596 0.3594
0.7750 0.9113 1.0213 0.8277 0.8314 3.8367 0.2339 0.2334 0.3647 0.3644
0.7692 0.9128 1.0460 0.8294 0.8332 3.8324 0.2336 0.2332 0.3645 0.3644
0.7792 0.9085 1.0301 0.8299 0.8340 3.8569 0.2289 0.2286 0.3588 0.3588
0.7754 0.9069 1.0259 0.8294 0.8322 3.8407 0.2305 0.2300 0.3608 0.3604
0.7794 0.9081 1.0199 0.8294 0.8333 3.8361 0.2312 0.2307 0.3616 0.3613
0.7657 0.9144 1.0256 0.8254 0.8306 3.8464 0.2349 0.2344 0.3657 0.3656
0.7640 0.9125 1.0170 0.8305 0.8357 3.8655 0.2305 0.2300 0.3609 0.3607
0.7663 0.9119 1.0201 0.8333 0.8386 3.8580 0.2346 0.2341 0.3661 0.3660
0.7573 0.9139 1.0245 0.8333 0.8370 3.8521 0.2305 0.2300 0.3612 0.3608
0.7571 0.9145 1.0200 0.8362 0.8401 3.8613 0.2315 0.2311 0.3627 0.3624
0.7585 0.9143 1.0018 0.8424 0.8467 3.8899 0.2268 0.2263 0.3574 0.3572
0.7541 0.9153 1.0094 0.8367 0.8405 3.8688 0.2319 0.2314 0.3631 0.3629
0.7598 0.9128 1.0047 0.8339 0.8376 3.8706 0.2285 0.2281 0.3587 0.3586
0.7511 0.9144 1.0106 0.8339 0.8376 3.8436 0.2302 0.2297 0.3608 0.3605
0.7453 0.9120 1.0019 0.8362 0.8418 3.8547 0.2305 0.2300 0.3614 0.3613
0.7534 0.9161 1.0043 0.8441 0.8493 3.8819 0.2272 0.2267 0.3580 0.3579
0.7493 0.9145 0.9942 0.8435 0.8498 3.8799 0.2309 0.2303 0.3625 0.3624
0.7510 0.9156 0.9882 0.8424 0.8471 3.8899 0.2248 0.2243 0.3549 0.3547
0.7462 0.9156 0.9951 0.8430 0.8469 3.8792 0.2268 0.2264 0.3575 0.3573
0.7431 0.9177 0.9809 0.8413 0.8451 3.8956 0.2285 0.2281 0.3594 0.3592
0.7392 0.9217 0.9974 0.8424 0.8473 3.8610 0.2339 0.2334 0.3661 0.3659
0.7342 0.9183 0.9910 0.8407 0.8458 3.9011 0.2278 0.2274 0.3585 0.3584
0.7465 0.9191 0.9783 0.8413 0.8464 3.9107 0.2241 0.2236 0.3540 0.3538
0.7527 0.9161 0.9801 0.8424 0.8491 3.8739 0.2272 0.2266 0.3578 0.3577
0.7259 0.9235 0.9796 0.8407 0.8458 3.8685 0.2278 0.2273 0.3585 0.3583
