5.6503 0.0253 7.2076 0.0000 0.0000 4.4432 0.0344 0.0354 0.0000 0.0000
4.9917 0.0637 6.2591 0.0000 0.0000 4.1813 0.1079 0.1095 0.0000 0.0000
4.5357 0.1443 5.9725 0.0000 0.0000 3.6752 0.1989 0.1985 0.0000 0.0000
3.9911 0.2613 5.6625 0.0000 0.0000 3.3033 0.2353 0.2345 0.0000 0.0000
3.5341 0.3121 5.1777 0.0023 0.0019 3.1469 0.2646 0.2640 0.0045 0.0038
3.1893 0.3751 4.8214 0.0079 0.0066 3.0568 0.2892 0.2892 0.0154 0.0128
2.9466 0.4168 4.4672 0.0153 0.0160 3.0361 0.2926 0.2911 0.0291 0.0303
2.7437 0.4636 4.1595 0.0618 0.0612 3.0552 0.3097 0.3094 0.1030 0.1022
2.6186 0.4712 4.0133 0.0743 0.0732 2.9883 0.3273 0.3273 0.1211 0.1197
2.4583 0.5121 3.7287 0.1213 0.1213 3.0349 0.3401 0.3392 0.1788 0.1787
2.3376 0.5492 3.6153 0.1304 0.1294 2.9994 0.3529 0.3526 0.1904 0.1893
2.2146 0.5673 3.4062 0.1712 0.1752 3.0688 0.3212 0.3204 0.2234 0.2266
2.1144 0.5901 3.2344 0.2132 0.2123 3.1709 0.3222 0.3215 0.2566 0.2557
2.0334 0.6076 3.1114 0.2336 0.2373 3.1207 0.3418 0.3414 0.2775 0.2800
1.9515 0.6213 2.9927 0.2642 0.2639 3.1305 0.3377 0.3371 0.2965 0.2961
1.8572 0.6476 2.8668 0.2902 0.2924 3.2212 0.3316 0.3315 0.3096 0.3107
1.7960 0.6649 2.7919 0.3112 0.3113 3.2260 0.3374 0.3369 0.3238 0.3236
1.7390 0.6703 2.7155 0.3316 0.3280 3.2061 0.3370 0.3362 0.3343 0.3321
1.6819 0.6789 2.5821 0.3481 0.3482 3.2179 0.3374 0.3362 0.3426 0.3421
1.6056 0.7041 2.5852 0.3662 0.3666 3.2136 0.3374 0.3377 0.3512 0.3515
1.5819 0.7060 2.3887 0.4150 0.4120 3.3716 0.3158 0.3147 0.3587 0.3568
1.5218 0.7232 2.3666 0.4161 0.4141 3.4122 0.2973 0.2966 0.3468 0.3457
1.4688 0.7361 2.3294 0.4206 0.4239 3.3289 0.3313 0.3306 0.3707 0.3715
1.4371 0.7381 2.2311 0.4354 0.4350 3.3311 0.3141 0.3135 0.3649 0.3644
1.4039 0.7440 2.2101 0.4444 0.4463 3.3241 0.3296 0.3286 0.3785 0.3785
1.3770 0.7496 2.1923 0.4512 0.4509 3.2904 0.3215 0.3213 0.3755 0.3752
1.3256 0.7647 2.0858 0.4915 0.4911 3.4083 0.2959 0.2951 0.3694 0.3687
1.2978 0.7709 2.0210 0.5051 0.5041 3.4792 0.2841 0.2839 0.3637 0.3632
1.2616 0.7784 2.0264 0.5142 0.5141 3.4132 0.3010 0.3006 0.3797 0.3794
1.2259 0.7917 1.9827 0.5221 0.5244 3.3767 0.3081 0.3074 0.3875 0.3876
1.2046 0.7973 1.9716 0.5283 0.5275 3.3866 0.3104 0.3097 0.3911 0.3903
1.1743 0.7939 1.8910 0.5522 0.5524 3.4828 0.2946 0.2941 0.3842 0.3838
1.1591 0.8111 1.8419 0.5595 0.5598 3.4022 0.3006 0.3002 0.3911 0.3908
1.1334 0.8059 1.7550 0.5799 0.5800 3.4880 0.2845 0.2842 0.3817 0.3815
1.1028 0.8139 1.7443 0.5884 0.5914 3.5336 0.2841 0.2838 0.3832 0.3835
1.0843 0.8161 1.7330 0.5913 0.5929 3.5869 0.2774 0.2770 0.3776 0.3776
1.0545 0.8297 1.7051 0.6105 0.6084 3.5115 0.2818 0.2816 0.3856 0.3850
1.0508 0.8313 1.6657 0.6003 0.5989 3.6296 0.2770 0.2768 0.3791 0.3786
0.9909 0.8440 1.6340 0.6173 0.6203 3.5719 0.2791 0.2786 0.3844 0.3845
0.9988 0.8423 1.5938 0.6344 0.6328 3.5805 0.2835 0.2831 0.3918 0.3912
0.9786 0.8444 1.5723 0.6451 0.6505 3.6627 0.2703 0.2702 0.3810 0.3818
0.9521 0.8529 1.4963 0.6621 0.6598 3.6193 0.2787 0.2786 0.3923 0.3917
0.9446 0.8549 1.5006 0.6599 0.6632 3.6635 0.2558 0.2552 0.3687 0.3686
0.9124 0.8649 1.4842 0.6712 0.6709 3.6806 0.2663 0.2662 0.3813 0.3811
0.8932 0.8632 1.4123 0.6876 0.6877 3.7353 0.2551 0.2547 0.3722 0.3718
0.8692 0.8759 1.4366 0.6831 0.6884 3.7246 0.2649 0.2645 0.3818 0.3821
0.8559 0.8759 1.3831 0.7046 0.7062 3.7980 0.2599 0.2599 0.3797 0.3799
0.8598 0.8759 1.3362 0.7120 0.7138 3.7504 0.2541 0.2535 0.3746 0.3741
0.8228 0.8868 1.3397 0.7188 0.7229 3.7945 0.2514 0.2508 0.3726 0.3724
0.8275 0.8839 1.3010 0.7126 0.7180 3.7991 0.2646 0.2642 0.3859 0.3863
0.8037 0.8873 1.2989 0.7200 0.7241 3.7396 0.2551 0.2547 0.3768 0.3768
0.7827 0.8943 1.2814 0.7296 0.7340 3.7453 0.2568 0.2563 0.3799 0.3800
0.7739 0.8991 1.2892 0.7313 0.7332 3.7511 0.2572 0.2567 0.3805 0.3803
0.7761 0.8995 1.2873 0.7375 0.7410 3.7609 0.2626 0.2621 0.3873 0.3873
0.7708 0.8949 1.2674 0.7364 0.7396 3.7552 0.2565 0.2562 0.3805 0.3805
0.7755 0.8972 1.2500 0.7409 0.7445 3.7752 0.2548 0.2545 0.3792 0.3793
0.7709 0.8991 1.2430 0.7455 0.7496 3.7996 0.2541 0.2537 0.3790 0.3790
0.7512 0.9052 1.2492 0.7409 0.7434 3.7741 0.2626 0.2621 0.3877 0.3875
0.7725 0.8967 1.2510 0.7421 0.7448 3.7658 0.2578 0.2573 0.3827 0.3825
0.7794 0.8979 1.2388 0.7466 0.7499 3.7889 0.2555 0.2551 0.3807 0.3807
0.7594 0.9040 1.2385 0.7426 0.7474 3.7325 0.2653 0.2648 0.3909 0.3911
0.7560 0.9015 1.2233 0.7472 0.7518 3.7940 0.2578 0.2575 0.3834 0.3837
0.7652 0.9015 1.2345 0.7466 0.7504 3.7844 0.2575 0.2572 0.3829 0.3831
0.7596 0.8999 1.2364 0.7517 0.7559 3.8143 0.2555 0.2552 0.3813 0.3815
0.7609 0.9035 1.2415 0.7455 0.7479 3.7583 0.2619 0.2616 0.3876 0.3876
0.7550 0.9021 1.2417 0.7494 0.7511 3.7814 0.2582 0.2578 0.3840 0.3839
0.7582 0.9024 1.2168 0.7534 0.7567 3.7946 0.2582 0.2579 0.3846 0.3847
0.7488 0.9028 1.2293 0.7494 0.7527 3.7491 0.2612 0.2608 0.3874 0.3874
0.7402 0.9053 1.2107 0.7568 0.7592 3.8267 0.2548 0.2545 0.3812 0.3812
0.7431 0.9048 1.2302 0.7523 0.7553 3.7840 0.2572 0.2569 0.3833 0.3834
0.7406 0.9099 1.2162 0.7591 0.7630 3.7944 0.2548 0.2545 0.3815 0.3817
0.7394 0.9111 1.2116 0.7523 0.7545 3.7890 0.2602 0.2597 0.3867 0.3864
0.7324 0.9084 1.2081 0.7540 0.7571 3.7808 0.2572 0.2565 0.3835 0.3832
0.7354 0.9092 1.1982 0.7574 0.7598 3.7971 0.2588 0.2585 0.3858 0.3858
0.7343 0.9096 1.2015 0.7528 0.7562 3.7616 0.2622 0.2618 0.3890 0.3890
0.7424 0.9048 1.1924 0.7596 0.7626 3.8249 0.2572 0.2568 0.3842 0.3842
0.7307 0.9117 1.2072 0.7557 0.7606 3.7867 0.2588 0.2584 0.3856 0.3858
0.7301 0.9089 1.1986 0.7511 0.7543 3.7789 0.2588 0.2585 0.3850 0.3851
0.7372 0.9079 1.1915 0.7625 0.7663 3.8064 0.2599 0.2595 0.3876 0.3877
0.7209 0.9136 1.1894 0.7596 0.7627 3.8129 0.2578 0.2575 0.3850 0.3850
0.7327 0.9068 1.1944 0.7585 0.7625 3.8205 0.2504 0.2499 0.3765 0.3765
0.7212 0.9133 1.1912 0.7625 0.7661 3.8042 0.2582 0.2577 0.3857 0.3857
0.7168 0.9159 1.1796 0.7585 0.7611 3.8051 0.2595 0.2593 0.3867 0.3868
0.7155 0.9112 1.1755 0.7591 0.7625 3.8149 0.2585 0.2581 0.3857 0.3857
0.7211 0.9103 1.1718 0.7602 0.7629 3.8221 0.2568 0.2564 0.3839 0.3838
0.7202 0.9096 1.1738 0.7596 0.7631 3.8080 0.2585 0.2581 0.3857 0.3858
0.7355 0.9044 1.1825 0.7585 0.7630 3.8025 0.2555 0.2549 0.3822 0.3822
0.7119 0.9156 1.1799 0.7642 0.7677 3.8170 0.2578 0.2575 0.3856 0.3856
0.7247 0.9063 1.1693 0.7676 0.7716 3.8539 0.2508 0.2504 0.3780 0.3781
0.7218 0.9120 1.1571 0.7670 0.7706 3.8452 0.2514 0.2510 0.3787 0.3787
0.7095 0.9133 1.1577 0.7664 0.7706 3.8599 0.2504 0.2501 0.3775 0.3777
0.7094 0.9168 1.1609 0.7647 0.7691 3.8340 0.2528 0.2524 0.3800 0.3800
0.7156 0.9136 1.1604 0.7738 0.7782 3.8508 0.2508 0.2504 0.3788 0.3789
0.7006 0.9197 1.1562 0.7704 0.7745 3.8418 0.2565 0.2562 0.3848 0.3850
0.7098 0.9124 1.1607 0.7738 0.7790 3.8435 0.2514 0.2510 0.3795 0.3797
0.6970 0.9157 1.1545 0.7704 0.7747 3.8162 0.2555 0.2551 0.3837 0.3838
0.7045 0.9192 1.1492 0.7710 0.7753 3.8585 0.2538 0.2535 0.3819 0.3820
0.6940 0.9192 1.1453 0.7676 0.7714 3.8251 0.2541 0.2538 0.3818 0.3819
0.6879 0.9159 1.1487 0.7755 0.7784 3.8697 0.2501 0.2498 0.3782 0.3782
0.7101 0.9128 1.1308 0.7761 0.7802 3.8567 0.2528 0.2525 0.3813 0.3815
