5.5621 0.0367 7.8227 0.0000 0.0000 4.3820 0.0260 0.0257 0.0000 0.0000
4.7830 0.0553 6.5988 0.0000 0.0000 4.0771 0.1166 0.1171 0.0000 0.0000
4.2628 0.1452 6.5418 0.0000 0.0000 3.5255 0.1823 0.1822 0.0000 0.0000
3.7182 0.2667 6.2908 0.0000 0.0000 3.1378 0.2588 0.2576 0.0000 0.0000
3.2846 0.3799 5.9339 0.0000 0.0000 2.9644 0.2875 0.2868 0.0000 0.0000
2.9540 0.4376 5.5904 0.0000 0.0000 2.9256 0.2926 0.2927 0.0000 0.0000
2.7338 0.4865 5.2395 0.0011 0.0011 2.8532 0.3155 0.3153 0.0023 0.0022
2.5577 0.5208 4.8390 0.0119 0.0121 2.8902 0.3397 0.3385 0.0230 0.0233
2.3957 0.5563 4.6375 0.0244 0.0249 2.8687 0.3482 0.3467 0.0456 0.0465
2.2722 0.5817 4.3923 0.0374 0.0388 2.9057 0.3428 0.3423 0.0675 0.0698
2.1409 0.6016 4.2331 0.0556 0.0564 2.9623 0.3421 0.3411 0.0956 0.0968
2.0549 0.6092 4.1514 0.0771 0.0796 2.9522 0.3610 0.3604 0.1271 0.1304
1.9660 0.6317 3.9339 0.1043 0.1029 2.9499 0.3677 0.3673 0.1625 0.1607
1.8771 0.6479 3.7039 0.1310 0.1328 3.0247 0.3647 0.3640 0.1927 0.1946
1.7936 0.6709 3.5592 0.1525 0.1527 3.0491 0.3573 0.3566 0.2138 0.2139
1.7366 0.6736 3.4887 0.1650 0.1650 3.0876 0.3670 0.3663 0.2276 0.2275
1.6783 0.6808 3.4095 0.1825 0.1838 3.0747 0.3654 0.3639 0.2434 0.2442
1.6098 0.7047 3.2913 0.2052 0.2051 3.1145 0.3616 0.3605 0.2618 0.2615
1.5515 0.7225 3.1850 0.2353 0.2369 3.1607 0.3509 0.3504 0.2817 0.2827
1.5132 0.7207 3.0760 0.2489 0.2471 3.1816 0.3532 0.3525 0.2920 0.2906
1.4880 0.7227 3.0181 0.2591 0.2588 3.1594 0.3589 0.3580 0.3009 0.3004
1.4318 0.7452 3.0560 0.2506 0.2493 3.1065 0.3660 0.3649 0.2975 0.2962
1.3828 0.7508 2.9333 0.2619 0.2608 3.1316 0.3532 0.3524 0.3008 0.2998
1.3624 0.7525 2.7460 0.2914 0.2894 3.2655 0.3401 0.3394 0.3139 0.3124
1.3031 0.7643 2.7158 0.3061 0.3047 3.2587 0.3512 0.3503 0.3271 0.3259
1.2654 0.7781 2.6813 0.3254 0.3215 3.2692 0.3529 0.3522 0.3386 0.3361
1.2439 0.7784 2.6587 0.3379 0.3387 3.2757 0.3488 0.3480 0.3433 0.3433
1.1830 0.7968 2.5780 0.3503 0.3490 3.3102 0.3374 0.3363 0.3437 0.3425
1.1765 0.7916 2.5133 0.3605 0.3557 3.3463 0.3343 0.3335 0.3470 0.3443
1.1605 0.7987 2.4212 0.3787 0.3759 3.3786 0.3316 0.3309 0.3536 0.3520
1.1277 0.8024 2.3482 0.3980 0.4008 3.4146 0.3320 0.3307 0.3620 0.3624
1.0731 0.8285 2.2871 0.4133 0.4137 3.4405 0.3327 0.3314 0.3686 0.3680
1.0721 0.8211 2.3091 0.4031 0.4022 3.3992 0.3239 0.3232 0.3592 0.3584
1.0475 0.8224 2.1588 0.4535 0.4514 3.5126 0.3192 0.3185 0.3747 0.3735
1.0535 0.8205 2.2279 0.4320 0.4303 3.4284 0.3283 0.3271 0.3731 0.3717
1.0087 0.8289 2.1628 0.4433 0.4439 3.4234 0.3242 0.3234 0.3745 0.3742
0.9854 0.8401 2.1107 0.4620 0.4630 3.4869 0.3141 0.3131 0.3740 0.3736
0.9577 0.8429 2.0521 0.4813 0.4837 3.5652 0.3165 0.3154 0.3819 0.3818
0.9338 0.8481 2.0422 0.4700 0.4704 3.5313 0.3168 0.3160 0.3785 0.3781
0.9435 0.8441 1.9903 0.4977 0.4969 3.5718 0.3081 0.3073 0.3806 0.3797
0.9031 0.8579 1.9053 0.5170 0.5218 3.5627 0.2956 0.2946 0.3761 0.3766
0.8976 0.8572 1.8826 0.5306 0.5332 3.6248 0.2956 0.2945 0.3797 0.3795
0.8684 0.8664 1.8444 0.5380 0.5368 3.5916 0.3020 0.3011 0.3868 0.3858
0.8485 0.8716 1.8232 0.5385 0.5431 3.5692 0.3104 0.3094 0.3938 0.3942
0.8380 0.8695 1.7867 0.5635 0.5698 3.6168 0.3010 0.3002 0.3924 0.3932
0.8265 0.8820 1.7794 0.5493 0.5521 3.6301 0.3104 0.3099 0.3967 0.3969
0.7877 0.8851 1.7015 0.5771 0.5819 3.7280 0.2929 0.2925 0.3886 0.3893
0.7791 0.8888 1.6960 0.5743 0.5739 3.6884 0.2946 0.2939 0.3894 0.3888
0.7791 0.8856 1.6619 0.5913 0.5974 3.6465 0.3027 0.3019 0.4004 0.4011
0.7419 0.8992 1.6612 0.5884 0.5925 3.6745 0.3067 0.3061 0.4032 0.4037
0.7344 0.8981 1.6237 0.6026 0.6059 3.6928 0.2969 0.2964 0.3978 0.3980
0.7292 0.8987 1.5831 0.6230 0.6258 3.7236 0.2969 0.2964 0.4022 0.4022
0.7223 0.9015 1.5927 0.6117 0.6157 3.6956 0.2963 0.2956 0.3992 0.3995
0.7140 0.9068 1.5997 0.6168 0.6201 3.7235 0.2952 0.2945 0.3993 0.3994
0.7150 0.9071 1.5818 0.6202 0.6232 3.7328 0.2949 0.2944 0.3997 0.3999
0.7096 0.9048 1.5872 0.6202 0.6240 3.7127 0.2942 0.2936 0.3991 0.3993
0.7090 0.9065 1.5764 0.6321 0.6368 3.7294 0.2949 0.2943 0.4022 0.4026
0.7126 0.9056 1.5592 0.6259 0.6300 3.7177 0.2929 0.2923 0.3990 0.3994
0.7125 0.9029 1.5682 0.6276 0.6317 3.7248 0.2956 0.2949 0.4019 0.4021
0.7194 0.9037 1.5407 0.6253 0.6281 3.7252 0.2946 0.2941 0.4005 0.4006
0.7064 0.9103 1.5519 0.6264 0.6269 3.7216 0.2926 0.2920 0.3988 0.3985
0.6993 0.9109 1.5507 0.6287 0.6297 3.7210 0.2905 0.2899 0.3974 0.3970
0.7013 0.9101 1.5407 0.6293 0.6312 3.7371 0.2915 0.2909 0.3985 0.3983
0.7060 0.9064 1.5490 0.6293 0.6314 3.7204 0.2926 0.2920 0.3994 0.3993
0.6927 0.9099 1.5425 0.6304 0.6313 3.7361 0.2942 0.2937 0.4012 0.4009
0.6969 0.9089 1.5185 0.6304 0.6328 3.7214 0.2936 0.2928 0.4006 0.4004
0.6891 0.9113 1.5430 0.6287 0.6317 3.7176 0.2956 0.2948 0.4021 0.4020
0.6975 0.9060 1.5227 0.6327 0.6358 3.7453 0.2922 0.2916 0.3998 0.3999
0.6935 0.9091 1.5378 0.6304 0.6336 3.7629 0.2885 0.2880 0.3958 0.3960
0.6905 0.9112 1.5304 0.6344 0.6363 3.7633 0.2892 0.2886 0.3973 0.3971
0.6922 0.9101 1.5384 0.6327 0.6365 3.7312 0.2959 0.2952 0.4032 0.4033
0.6948 0.9065 1.5088 0.6378 0.6413 3.7436 0.2929 0.2922 0.4014 0.4015
0.6886 0.9060 1.4995 0.6383 0.6414 3.7779 0.2899 0.2893 0.3987 0.3987
0.6965 0.9097 1.5150 0.6327 0.6359 3.7571 0.2939 0.2931 0.4014 0.4013
0.6839 0.9121 1.5072 0.6372 0.6403 3.7700 0.2878 0.2873 0.3965 0.3966
0.6903 0.9087 1.5090 0.6372 0.6398 3.7553 0.2885 0.2879 0.3972 0.3971
0.6765 0.9148 1.5094 0.6395 0.6430 3.7710 0.2912 0.2905 0.4002 0.4002
0.6912 0.9087 1.4875 0.6446 0.6477 3.7966 0.2888 0.2884 0.3989 0.3991
0.6686 0.9141 1.5004 0.6389 0.6423 3.7656 0.2895 0.2891 0.3985 0.3987
0.6803 0.9113 1.5060 0.6298 0.6330 3.7291 0.2936 0.2929 0.4005 0.4005
0.6863 0.9123 1.4911 0.6395 0.6429 3.7615 0.2882 0.2876 0.3973 0.3974
0.6766 0.9117 1.4871 0.6400 0.6441 3.7639 0.2892 0.2886 0.3984 0.3986
0.6847 0.9087 1.4779 0.6406 0.6445 3.7654 0.2878 0.2871 0.3972 0.3972
0.6701 0.9128 1.4902 0.6417 0.6456 3.7591 0.2902 0.2895 0.3997 0.3997
0.6721 0.9124 1.4971 0.6434 0.6467 3.7720 0.2905 0.2899 0.4003 0.4003
0.6770 0.9081 1.4694 0.6502 0.6548 3.7976 0.2865 0.2858 0.3977 0.3979
0.6742 0.9132 1.4616 0.6434 0.6478 3.7857 0.2875 0.2868 0.3974 0.3976
0.6728 0.9116 1.4790 0.6468 0.6509 3.7660 0.2882 0.2875 0.3987 0.3989
0.6658 0.9156 1.4598 0.6497 0.6542 3.7902 0.2936 0.2930 0.4044 0.4047
0.6724 0.9124 1.4636 0.6463 0.6497 3.7942 0.2875 0.2869 0.3980 0.3980
0.6706 0.9144 1.4587 0.6542 0.6590 3.8118 0.2831 0.2824 0.3952 0.3953
0.6656 0.9169 1.4611 0.6468 0.6511 3.8068 0.2851 0.2846 0.3958 0.3960
0.6521 0.9183 1.4530 0.6502 0.6540 3.7963 0.2895 0.2889 0.4006 0.4008
0.6612 0.9153 1.4445 0.6514 0.6555 3.7819 0.2892 0.2884 0.4005 0.4006
0.6536 0.9212 1.4317 0.6570 0.6606 3.8095 0.2865 0.2858 0.3990 0.3989
0.6691 0.9141 1.4360 0.6570 0.6610 3.7990 0.2858 0.2851 0.3983 0.3984
0.6528 0.9227 1.4470 0.6531 0.6572 3.8020 0.2929 0.2924 0.4044 0.4047
0.6561 0.9176 1.4426 0.6559 0.6593 3.7871 0.2915 0.2909 0.4037 0.4037
0.6435 0.9209 1.4214 0.6610 0.6651 3.8460 0.2858 0.2853 0.3991 0.3993
0.6514 0.9168 1.4381 0.6565 0.6603 3.8019 0.2888 0.2883 0.4012 0.4014
