5.7131 0.0121 6.6307 0.0000 0.0000 4.4776 0.0206 0.0203 0.0000 0.0000
5.0959 0.0347 5.8916 0.0000 0.0000 4.2852 0.0937 0.0931 0.0000 0.0000
4.6663 0.1171 5.6046 0.0000 0.0000 3.7862 0.1591 0.1586 0.0000 0.0000
4.1804 0.1967 5.1826 0.0000 0.0000 3.4688 0.2457 0.2451 0.0000 0.0000
3.7391 0.2659 4.7345 0.0006 0.0010 3.3211 0.2558 0.2547 0.0011 0.0019
3.3683 0.3145 4.3348 0.0323 0.0312 3.2550 0.2814 0.2825 0.0580 0.0562
3.1015 0.3729 4.0259 0.0607 0.0598 3.2088 0.3020 0.3013 0.1010 0.0998
2.8831 0.4185 3.7246 0.1247 0.1238 3.2375 0.2946 0.2939 0.1752 0.1742
2.7070 0.4424 3.5174 0.1599 0.1611 3.2389 0.3013 0.2999 0.2089 0.2096
2.5464 0.4951 3.2913 0.2080 0.2082 3.2524 0.3087 0.3082 0.2486 0.2486
2.4135 0.5189 3.1237 0.2494 0.2466 3.2987 0.3209 0.3208 0.2807 0.2788
2.3016 0.5483 2.9737 0.2772 0.2787 3.3328 0.3121 0.3119 0.2936 0.2944
2.1918 0.5656 2.7935 0.3282 0.3259 3.3319 0.3077 0.3073 0.3176 0.3163
2.0905 0.5995 2.7040 0.3435 0.3390 3.2856 0.2959 0.2949 0.3180 0.3154
2.0243 0.6143 2.6083 0.3696 0.3699 3.3032 0.3023 0.3022 0.3326 0.3326
1.9426 0.6273 2.4711 0.4133 0.4078 3.3601 0.2899 0.2891 0.3407 0.3384
1.8701 0.6447 2.3990 0.4291 0.4280 3.3261 0.2919 0.2917 0.3474 0.3469
1.8188 0.6519 2.3277 0.4399 0.4389 3.3787 0.3077 0.3070 0.3621 0.3613
1.7654 0.6563 2.2614 0.4762 0.4769 3.3500 0.2986 0.2981 0.3671 0.3668
1.7012 0.6769 2.1962 0.4722 0.4737 3.3717 0.2878 0.2876 0.3577 0.3579
1.6478 0.6909 2.1553 0.5017 0.5019 3.4206 0.2885 0.2874 0.3663 0.3655
1.5986 0.7085 2.1021 0.5085 0.5100 3.4472 0.2754 0.2749 0.3573 0.3573
1.5519 0.7220 2.0028 0.5346 0.5376 3.4370 0.2855 0.2847 0.3722 0.3723
1.5138 0.7277 1.9818 0.5391 0.5342 3.3738 0.2814 0.2810 0.3698 0.3682
1.4627 0.7355 1.9487 0.5522 0.5555 3.4448 0.2835 0.2825 0.3746 0.3745
1.4202 0.7465 1.8924 0.5714 0.5695 3.4203 0.2811 0.2803 0.3768 0.3757
1.4015 0.7549 1.8223 0.5811 0.5831 3.4753 0.2777 0.2771 0.3758 0.3756
1.3638 0.7593 1.7552 0.5998 0.6005 3.4633 0.2663 0.2665 0.3688 0.3692
1.3294 0.7693 1.7022 0.6213 0.6239 3.5632 0.2632 0.2622 0.3698 0.3692
1.3069 0.7776 1.6647 0.6406 0.6376 3.5678 0.2622 0.2617 0.3721 0.3711
1.2740 0.7839 1.6739 0.6241 0.6230 3.5124 0.2814 0.2810 0.3879 0.3873
1.2365 0.7976 1.6572 0.6406 0.6429 3.4812 0.2831 0.2821 0.3927 0.3922
1.2154 0.7987 1.5991 0.6474 0.6498 3.6238 0.2619 0.2609 0.3729 0.3723
1.1799 0.8077 1.5549 0.6689 0.6665 3.5950 0.2717 0.2713 0.3864 0.3856
1.1553 0.8149 1.5048 0.6888 0.6889 3.5859 0.2487 0.2484 0.3655 0.3652
1.1446 0.8171 1.4674 0.6876 0.6881 3.6430 0.2575 0.2566 0.3747 0.3738
1.1156 0.8191 1.4402 0.6916 0.6932 3.6677 0.2511 0.2509 0.3684 0.3685
1.0911 0.8295 1.4554 0.6865 0.6885 3.5868 0.2592 0.2586 0.3763 0.3760
1.0662 0.8281 1.3804 0.7080 0.7074 3.6591 0.2464 0.2458 0.3656 0.3649
1.0497 0.8377 1.3408 0.7160 0.7134 3.6401 0.2575 0.2567 0.3788 0.3775
1.0305 0.8404 1.3544 0.7188 0.7222 3.6660 0.2380 0.2372 0.3575 0.3571
1.0053 0.8453 1.3171 0.7296 0.7290 3.6445 0.2558 0.2556 0.3788 0.3785
0.9936 0.8499 1.2862 0.7432 0.7436 3.7259 0.2400 0.2395 0.3628 0.3623
0.9601 0.8515 1.2886 0.7466 0.7481 3.7756 0.2353 0.2349 0.3578 0.3576
0.9269 0.8676 1.2484 0.7494 0.7478 3.6913 0.2545 0.2534 0.3799 0.3785
0.9303 0.8697 1.2317 0.7613 0.7619 3.7396 0.2430 0.2423 0.3684 0.3676
0.9158 0.8657 1.1958 0.7693 0.7711 3.7571 0.2437 0.2433 0.3701 0.3699
0.9044 0.8707 1.1700 0.7647 0.7685 3.8615 0.2278 0.2275 0.3511 0.3511
0.8785 0.8752 1.1486 0.7817 0.7834 3.7991 0.2309 0.2303 0.3565 0.3560
0.8491 0.8883 1.1459 0.7800 0.7843 3.8599 0.2289 0.2284 0.3539 0.3538
0.8416 0.8848 1.1192 0.7914 0.7961 3.7979 0.2346 0.2340 0.3619 0.3617
0.8403 0.8885 1.0927 0.7988 0.8026 3.8407 0.2282 0.2276 0.3550 0.3546
0.8236 0.8949 1.0950 0.8016 0.8050 3.8192 0.2292 0.2285 0.3565 0.3560
0.8275 0.8905 1.0944 0.8022 0.8056 3.8238 0.2326 0.2320 0.3606 0.3602
0.8207 0.8935 1.0870 0.7988 0.8022 3.8314 0.2299 0.2293 0.3570 0.3566
0.8195 0.8959 1.0873 0.8044 0.8077 3.8372 0.2295 0.2288 0.3571 0.3566
0.8113 0.8976 1.0817 0.8033 0.8071 3.8213 0.2295 0.2290 0.3570 0.3567
0.8074 0.8960 1.0828 0.8010 0.8052 3.8387 0.2251 0.2247 0.3515 0.3513
0.8001 0.8972 1.0704 0.8050 0.8087 3.8341 0.2322 0.2317 0.3605 0.3601
0.8038 0.9008 1.0686 0.8044 0.8084 3.8459 0.2299 0.2293 0.3576 0.3572
0.8017 0.8979 1.0605 0.8090 0.8133 3.8419 0.2268 0.2263 0.3543 0.3541
0.7959 0.9013 1.0725 0.8044 0.8087 3.8259 0.2289 0.2283 0.3563 0.3560
0.8100 0.8943 1.0684 0.8050 0.8095 3.8104 0.2289 0.2282 0.3564 0.3561
0.7981 0.8985 1.0605 0.8095 0.8132 3.8482 0.2285 0.2279 0.3564 0.3561
0.8023 0.8991 1.0605 0.8010 0.8054 3.8297 0.2322 0.2317 0.3601 0.3598
0.7951 0.9040 1.0463 0.8084 0.8131 3.8416 0.2262 0.2257 0.3534 0.3533
0.7984 0.8961 1.0551 0.8061 0.8115 3.8449 0.2278 0.2273 0.3553 0.3552
0.7956 0.9025 1.0557 0.8039 0.8089 3.8486 0.2231 0.2225 0.3493 0.3490
0.7937 0.8992 1.0480 0.8061 0.8103 3.8604 0.2299 0.2294 0.3577 0.3575
0.7856 0.9053 1.0413 0.8090 0.8121 3.8552 0.2265 0.2260 0.3539 0.3535
0.7868 0.8995 1.0565 0.8084 0.8123 3.8322 0.2305 0.2299 0.3588 0.3584
0.7803 0.9040 1.0324 0.8107 0.8139 3.8227 0.2315 0.2309 0.3602 0.3598
0.7827 0.9084 1.0225 0.8169 0.8202 3.8846 0.2245 0.2239 0.3522 0.3518
0.7714 0.9093 1.0328 0.8129 0.8160 3.8545 0.2299 0.2294 0.3584 0.3581
0.7800 0.9031 1.0367 0.8112 0.8157 3.8426 0.2289 0.2283 0.3570 0.3568
0.7864 0.8987 1.0179 0.8169 0.8203 3.8570 0.2282 0.2276 0.3567 0.3563
0.7906 0.8973 1.0196 0.8180 0.8221 3.8742 0.2262 0.2256 0.3543 0.3540
0.7898 0.8984 1.0263 0.8226 0.8256 3.8749 0.2221 0.2215 0.3498 0.3493
0.7723 0.9071 1.0406 0.8129 0.8170 3.8388 0.2312 0.2305 0.3600 0.3596
0.7788 0.9057 1.0205 0.8152 0.8202 3.8718 0.2285 0.2279 0.3570 0.3567
0.7846 0.9059 1.0281 0.8158 0.8212 3.8399 0.2305 0.2299 0.3595 0.3593
0.7767 0.9040 1.0001 0.8220 0.8287 3.8823 0.2272 0.2267 0.3560 0.3561
0.7739 0.9073 1.0081 0.8209 0.8250 3.8706 0.2285 0.2279 0.3575 0.3571
0.7686 0.9064 1.0102 0.8209 0.8256 3.8510 0.2268 0.2263 0.3554 0.3552
0.7601 0.9141 1.0059 0.8226 0.8258 3.8697 0.2272 0.2266 0.3560 0.3556
0.7609 0.9072 1.0077 0.8192 0.8224 3.9004 0.2214 0.2209 0.3486 0.3483
0.7582 0.9065 1.0080 0.8180 0.8222 3.8765 0.2241 0.2235 0.3519 0.3515
0.7577 0.9128 1.0014 0.8209 0.8249 3.8817 0.2221 0.2215 0.3496 0.3493
0.7623 0.9056 0.9991 0.8265 0.8310 3.9046 0.2231 0.2226 0.3514 0.3512
0.7412 0.9172 1.0051 0.8277 0.8309 3.8853 0.2285 0.2281 0.3581 0.3580
0.7497 0.9121 0.9826 0.8339 0.8371 3.9195 0.2191 0.2187 0.3470 0.3468
0.7547 0.9128 0.9972 0.8311 0.8351 3.8907 0.2265 0.2259 0.3560 0.3556
0.7476 0.9103 0.9944 0.8265 0.8317 3.9099 0.2265 0.2260 0.3556 0.3554
0.7599 0.9089 0.9869 0.8316 0.8358 3.9126 0.2224 0.2219 0.3510 0.3507
0.7448 0.9147 0.9979 0.8294 0.8333 3.8789 0.2302 0.2296 0.3604 0.3601
0.7546 0.9116 0.9878 0.8316 0.8356 3.8862 0.2272 0.2266 0.3569 0.3565
0.7412 0.9136 0.9902 0.8322 0.8361 3.9326 0.2221 0.2217 0.3506 0.3504
0.7559 0.9128 0.9919 0.8367 0.8382 3.8764 0.2275 0.2271 0.3577 0.3574
0.7374 0.9176 0.9872 0.8339 0.8383 3.9243 0.2221 0.2217 0.3508 0.3506
0.7311 0.9181 0.9773 0.8367 0.8420 3.9267 0.2231 0.2227 0.3523 0.3522
