5.7096 0.0221 6.7083 0.0000 0.0000 4.4743 0.0377 0.0373 0.0000 0.0000
5.0971 0.0531 5.8814 0.0000 0.0000 4.2891 0.1126 0.1137 0.0000 0.0000
4.6655 0.0957 5.6371 0.0000 0.0000 3.7908 0.1823 0.1820 0.0000 0.0000
4.2042 0.2140 5.2491 0.0000 0.0000 3.4577 0.2467 0.2459 0.0000 0.0000
3.7651 0.2683 4.8357 0.0017 0.0014 3.2895 0.2885 0.2891 0.0034 0.0028
3.4070 0.3233 4.4430 0.0244 0.0270 3.2228 0.2912 0.2907 0.0450 0.0494
3.1254 0.3660 4.0376 0.0584 0.0576 3.2102 0.3060 0.3070 0.0981 0.0970
2.9255 0.4056 3.7208 0.1264 0.1304 3.2352 0.3165 0.3161 0.1807 0.1847
2.7263 0.4424 3.5157 0.1627 0.1678 3.2348 0.3074 0.3066 0.2128 0.2169
2.5505 0.4813 3.3276 0.1814 0.1803 3.1868 0.3340 0.3336 0.2351 0.2341
2.4322 0.5172 3.1587 0.2438 0.2446 3.2329 0.3279 0.3280 0.2797 0.2803
2.3252 0.5392 3.0021 0.2710 0.2756 3.2446 0.3141 0.3133 0.2910 0.2933
2.2129 0.5620 2.8910 0.3067 0.3059 3.2832 0.3074 0.3066 0.3070 0.3062
2.1201 0.5793 2.7498 0.3237 0.3239 3.2800 0.3101 0.3096 0.3167 0.3166
2.0055 0.6132 2.6647 0.3503 0.3473 3.2697 0.3364 0.3360 0.3432 0.3416
1.9654 0.6284 2.5529 0.3849 0.3883 3.3465 0.3023 0.3016 0.3387 0.3395
1.8881 0.6349 2.4670 0.4195 0.4136 3.3187 0.3060 0.3051 0.3539 0.3512
1.8253 0.6467 2.3799 0.4337 0.4348 3.3396 0.3020 0.3013 0.3560 0.3560
1.7607 0.6639 2.2787 0.4490 0.4428 3.4120 0.2770 0.2760 0.3427 0.3400
1.7076 0.6757 2.2031 0.4756 0.4732 3.3369 0.3030 0.3019 0.3702 0.3686
1.6580 0.6885 2.1468 0.4898 0.4895 3.3877 0.2926 0.2919 0.3663 0.3657
1.6025 0.7031 2.0560 0.5198 0.5211 3.4014 0.2872 0.2867 0.3700 0.3699
1.5737 0.7149 2.0658 0.5147 0.5141 3.3728 0.2919 0.2910 0.3725 0.3717
1.5290 0.7232 1.9849 0.5454 0.5439 3.5593 0.2686 0.2678 0.3599 0.3589
1.4761 0.7317 1.9394 0.5641 0.5639 3.4769 0.2629 0.2618 0.3586 0.3575
1.4566 0.7321 1.8826 0.5754 0.5767 3.4504 0.2757 0.2748 0.3728 0.3722
1.4072 0.7501 1.8173 0.5765 0.5778 3.4907 0.2595 0.2586 0.3579 0.3573
1.3645 0.7649 1.7817 0.5918 0.5940 3.4381 0.2737 0.2730 0.3743 0.3741
1.3410 0.7625 1.7463 0.6054 0.6008 3.4456 0.2814 0.2803 0.3842 0.3822
1.3057 0.7779 1.6953 0.6043 0.6046 3.5021 0.2518 0.2509 0.3554 0.3546
1.2647 0.7900 1.6783 0.6293 0.6259 3.5610 0.2639 0.2633 0.3719 0.3707
1.2510 0.7853 1.6306 0.6395 0.6365 3.6194 0.2663 0.2657 0.3760 0.3749
1.1980 0.7991 1.6114 0.6525 0.6528 3.4613 0.2706 0.2699 0.3826 0.3819
1.1758 0.8083 1.5820 0.6559 0.6568 3.5564 0.2615 0.2607 0.3740 0.3733
1.1636 0.8079 1.5202 0.6854 0.6884 3.6684 0.2356 0.2348 0.3507 0.3501
1.1284 0.8195 1.4916 0.6848 0.6838 3.5618 0.2669 0.2665 0.3841 0.3835
1.1147 0.8208 1.4377 0.7075 0.7054 3.6275 0.2464 0.2461 0.3655 0.3650
1.0725 0.8367 1.4341 0.7035 0.7067 3.5964 0.2508 0.2500 0.3697 0.3693
1.0515 0.8355 1.3951 0.7149 0.7107 3.7522 0.2353 0.2347 0.3540 0.3529
1.0455 0.8327 1.3926 0.7234 0.7244 3.7026 0.2471 0.2465 0.3683 0.3679
1.0212 0.8457 1.3385 0.7222 0.7199 3.6740 0.2508 0.2505 0.3723 0.3716
0.9971 0.8496 1.3300 0.7319 0.7323 3.6462 0.2423 0.2419 0.3641 0.3636
0.9854 0.8543 1.3112 0.7364 0.7364 3.6356 0.2518 0.2510 0.3752 0.3744
0.9672 0.8549 1.2592 0.7387 0.7420 3.7195 0.2322 0.2315 0.3534 0.3529
0.9484 0.8563 1.2753 0.7460 0.7483 3.6558 0.2464 0.2455 0.3704 0.3697
0.9312 0.8660 1.2274 0.7608 0.7669 3.7369 0.2329 0.2318 0.3566 0.3560
0.8967 0.8732 1.2142 0.7653 0.7668 3.7692 0.2359 0.2351 0.3607 0.3598
0.8744 0.8773 1.1858 0.7698 0.7687 3.7493 0.2406 0.2398 0.3667 0.3655
0.8719 0.8777 1.1516 0.7851 0.7881 3.7413 0.2535 0.2523 0.3832 0.3822
0.8667 0.8803 1.1386 0.7925 0.7963 3.7226 0.2464 0.2457 0.3759 0.3755
0.8433 0.8835 1.0886 0.8061 0.8070 3.7840 0.2396 0.2390 0.3694 0.3687
0.8314 0.8937 1.0842 0.8067 0.8089 3.7823 0.2366 0.2360 0.3659 0.3654
0.8164 0.8965 1.0882 0.8016 0.8032 3.7624 0.2369 0.2362 0.3658 0.3650
0.8075 0.8980 1.0899 0.8027 0.8048 3.7568 0.2413 0.2407 0.3711 0.3705
0.8045 0.9012 1.0907 0.8016 0.8038 3.7444 0.2380 0.2373 0.3670 0.3664
0.8136 0.8956 1.0762 0.8073 0.8090 3.7573 0.2359 0.2352 0.3651 0.3644
0.8106 0.8987 1.0672 0.8078 0.8099 3.7616 0.2376 0.2368 0.3672 0.3664
0.7957 0.9077 1.0778 0.8039 0.8073 3.7809 0.2376 0.2370 0.3668 0.3664
0.8082 0.8956 1.0784 0.8044 0.8071 3.7737 0.2396 0.2392 0.3693 0.3690
0.8030 0.9012 1.0778 0.8022 0.8050 3.7975 0.2353 0.2348 0.3638 0.3635
0.8029 0.9009 1.0625 0.8061 0.8098 3.7876 0.2373 0.2366 0.3666 0.3662
0.7928 0.9045 1.0670 0.8095 0.8128 3.7661 0.2349 0.2343 0.3642 0.3637
0.7951 0.9036 1.0740 0.8101 0.8123 3.7532 0.2386 0.2380 0.3687 0.3681
0.7998 0.9035 1.0629 0.8095 0.8130 3.7684 0.2406 0.2401 0.3710 0.3707
0.8054 0.8971 1.0443 0.8129 0.8170 3.7777 0.2336 0.2328 0.3629 0.3624
0.7914 0.9036 1.0561 0.8090 0.8119 3.7624 0.2349 0.2342 0.3641 0.3635
0.7982 0.8989 1.0506 0.8061 0.8088 3.7870 0.2346 0.2339 0.3634 0.3629
0.7906 0.9015 1.0547 0.8163 0.8186 3.7514 0.2366 0.2360 0.3669 0.3663
0.7935 0.9012 1.0376 0.8129 0.8152 3.7862 0.2342 0.2337 0.3637 0.3632
0.7888 0.9048 1.0502 0.8124 0.8146 3.7702 0.2359 0.2350 0.3657 0.3648
0.7845 0.9011 1.0412 0.8146 0.8174 3.7739 0.2315 0.2307 0.3606 0.3598
0.7872 0.9021 1.0357 0.8135 0.8153 3.8084 0.2336 0.2328 0.3629 0.3622
0.7780 0.9095 1.0508 0.8112 0.8139 3.7884 0.2353 0.2345 0.3647 0.3640
0.7877 0.9019 1.0383 0.8107 0.8137 3.7768 0.2359 0.2351 0.3655 0.3648
0.7881 0.9013 1.0381 0.8158 0.8179 3.8265 0.2336 0.2329 0.3632 0.3626
0.7765 0.9081 1.0288 0.8163 0.8191 3.7542 0.2376 0.2369 0.3681 0.3675
0.7696 0.9016 1.0289 0.8192 0.8206 3.7854 0.2363 0.2356 0.3668 0.3661
0.7612 0.9132 1.0338 0.8180 0.8209 3.8005 0.2326 0.2320 0.3622 0.3617
0.7737 0.9040 1.0244 0.8197 0.8211 3.7917 0.2312 0.2305 0.3607 0.3599
0.7697 0.9060 1.0153 0.8226 0.8236 3.8011 0.2319 0.2314 0.3618 0.3612
0.7734 0.9063 1.0192 0.8220 0.8256 3.8138 0.2309 0.2302 0.3605 0.3600
0.7638 0.9071 1.0078 0.8226 0.8270 3.8050 0.2329 0.2322 0.3630 0.3626
0.7635 0.9101 1.0218 0.8197 0.8235 3.7944 0.2312 0.2304 0.3607 0.3601
0.7577 0.9113 1.0094 0.8260 0.8302 3.8453 0.2275 0.2268 0.3567 0.3562
0.7585 0.9083 1.0012 0.8248 0.8294 3.8330 0.2329 0.2325 0.3632 0.3632
0.7445 0.9152 1.0027 0.8254 0.8298 3.8178 0.2309 0.2303 0.3608 0.3606
0.7551 0.9152 1.0061 0.8209 0.8249 3.8216 0.2326 0.2318 0.3624 0.3619
0.7507 0.9069 1.0019 0.8271 0.8298 3.8301 0.2315 0.2308 0.3618 0.3611
0.7490 0.9116 0.9973 0.8322 0.8358 3.8397 0.2346 0.2338 0.3660 0.3654
0.7511 0.9119 0.9850 0.8356 0.8392 3.8706 0.2265 0.2259 0.3564 0.3559
0.7584 0.9148 0.9838 0.8345 0.8371 3.8492 0.2258 0.2252 0.3554 0.3549
0.7559 0.9128 0.9933 0.8294 0.8330 3.8164 0.2292 0.2286 0.3591 0.3587
0.7425 0.9131 0.9947 0.8350 0.8375 3.8261 0.2278 0.2271 0.3580 0.3573
0.7515 0.9133 0.9907 0.8282 0.8318 3.8329 0.2315 0.2309 0.3619 0.3614
0.7469 0.9124 0.9844 0.8316 0.8350 3.8323 0.2309 0.2301 0.3614 0.3608
0.7437 0.9167 0.9797 0.8316 0.8357 3.8253 0.2322 0.2314 0.3631 0.3624
0.7411 0.9172 0.9764 0.8367 0.8409 3.8352 0.2299 0.2291 0.3606 0.3601
0.7282 0.9156 0.9841 0.8288 0.8321 3.8443 0.2332 0.2328 0.3640 0.3639
0.7423 0.9141 0.9793 0.8379 0.8415 3.8437 0.2268 0.2262 0.3570 0.3566
0.7267 0.9220 0.9837 0.8322 0.8367 3.8420 0.2319 0.2312 0.3627 0.3623
