5.5436 0.0196 7.9289 0.0000 0.0000 4.3562 0.0489 0.0483 0.0000 0.0000
4.7734 0.0536 6.6629 0.0000 0.0000 4.0637 0.0893 0.0891 0.0000 0.0000
4.2972 0.1595 6.5029 0.0000 0.0000 3.5270 0.1786 0.1798 0.0000 0.0000
3.7342 0.2883 6.2710 0.0000 0.0000 3.1770 0.2160 0.2152 0.0000 0.0000
3.2923 0.3843 5.9147 0.0000 0.0000 2.9823 0.2568 0.2552 0.0000 0.0000
2.9837 0.4357 5.5931 0.0000 0.0000 2.9102 0.2868 0.2861 0.0000 0.0000
2.7421 0.4989 5.2417 0.0011 0.0010 2.8824 0.3033 0.3022 0.0023 0.0019
2.5528 0.5212 4.9760 0.0085 0.0090 2.9081 0.3084 0.3078 0.0166 0.0175
2.4169 0.5308 4.7077 0.0204 0.0213 2.8918 0.3091 0.3091 0.0383 0.0399
2.2997 0.5636 4.5423 0.0334 0.0335 2.8288 0.3613 0.3599 0.0612 0.0613
2.1783 0.5940 4.3400 0.0505 0.0514 2.8746 0.3734 0.3726 0.0889 0.0903
2.0623 0.6111 4.2341 0.0567 0.0581 2.8500 0.3573 0.3567 0.0979 0.1000
1.9794 0.6264 3.9832 0.0822 0.0815 2.9372 0.3613 0.3602 0.1339 0.1330
1.9020 0.6425 3.8176 0.1060 0.1081 2.9795 0.3657 0.3649 0.1644 0.1668
1.8217 0.6576 3.6436 0.1434 0.1409 3.0204 0.3576 0.3570 0.2047 0.2020
1.7421 0.6792 3.6190 0.1378 0.1348 3.0021 0.3650 0.3645 0.2000 0.1968
1.7005 0.6836 3.4695 0.1661 0.1629 3.0211 0.3583 0.3579 0.2270 0.2239
1.6532 0.6949 3.3093 0.1973 0.1958 3.1000 0.3616 0.3611 0.2553 0.2539
1.5596 0.7160 3.1930 0.2137 0.2169 3.1438 0.3525 0.3518 0.2661 0.2683
1.5227 0.7216 3.1077 0.2370 0.2384 3.2133 0.3654 0.3643 0.2875 0.2882
1.4807 0.7319 2.9803 0.2562 0.2500 3.1741 0.3667 0.3657 0.3017 0.2970
1.4123 0.7417 2.9320 0.2817 0.2783 3.2553 0.3502 0.3496 0.3123 0.3099
1.3921 0.7488 2.8288 0.2982 0.2939 3.2607 0.3498 0.3490 0.3220 0.3191
1.3612 0.7623 2.7847 0.2965 0.2946 3.2959 0.3482 0.3475 0.3203 0.3189
1.3093 0.7737 2.7668 0.3129 0.3092 3.2226 0.3650 0.3637 0.3370 0.3342
1.2786 0.7740 2.7025 0.3180 0.3122 3.2256 0.3576 0.3567 0.3367 0.3330
1.2563 0.7848 2.6184 0.3509 0.3501 3.3078 0.3549 0.3541 0.3529 0.3521
1.2270 0.7895 2.5528 0.3469 0.3435 3.3039 0.3542 0.3536 0.3505 0.3485
1.1765 0.8013 2.5175 0.3594 0.3514 3.2836 0.3600 0.3588 0.3597 0.3551
1.1600 0.8040 2.5403 0.3526 0.3512 3.2940 0.3509 0.3500 0.3517 0.3506
1.1276 0.8135 2.4014 0.3934 0.3919 3.3245 0.3394 0.3386 0.3644 0.3633
1.0990 0.8147 2.3067 0.4127 0.4062 3.4234 0.3357 0.3351 0.3702 0.3673
1.0846 0.8204 2.2559 0.4263 0.4213 3.4157 0.3411 0.3405 0.3790 0.3766
1.0599 0.8236 2.1771 0.4410 0.4397 3.4962 0.3081 0.3076 0.3627 0.3620
1.0316 0.8320 2.1767 0.4512 0.4454 3.4533 0.3370 0.3364 0.3859 0.3833
1.0086 0.8348 2.1453 0.4552 0.4530 3.5126 0.3192 0.3187 0.3752 0.3742
0.9842 0.8459 2.0824 0.4722 0.4685 3.5070 0.3192 0.3189 0.3809 0.3795
0.9665 0.8437 2.0244 0.4790 0.4787 3.6006 0.3091 0.3084 0.3757 0.3751
0.9535 0.8497 2.0303 0.4909 0.4892 3.4989 0.3219 0.3213 0.3888 0.3879
0.9313 0.8509 1.9470 0.4989 0.5000 3.5829 0.3094 0.3088 0.3819 0.3818
0.9104 0.8567 1.9093 0.5136 0.5118 3.5940 0.3017 0.3010 0.3801 0.3791
0.8855 0.8613 1.8606 0.5283 0.5301 3.6130 0.3060 0.3053 0.3876 0.3875
0.8842 0.8629 1.9080 0.5079 0.5076 3.5431 0.3215 0.3209 0.3938 0.3932
0.8510 0.8765 1.8397 0.5465 0.5466 3.6199 0.2993 0.2987 0.3868 0.3863
0.8360 0.8764 1.8316 0.5323 0.5351 3.5754 0.3060 0.3054 0.3886 0.3889
0.8292 0.8780 1.7934 0.5510 0.5536 3.6379 0.2932 0.2931 0.3828 0.3833
0.8187 0.8751 1.7438 0.5726 0.5761 3.6819 0.2942 0.2940 0.3887 0.3894
0.7954 0.8844 1.6892 0.5799 0.5780 3.6992 0.2952 0.2949 0.3913 0.3906
0.7834 0.8876 1.7509 0.5703 0.5690 3.6943 0.2983 0.2978 0.3917 0.3910
0.7712 0.8861 1.6580 0.5805 0.5810 3.7159 0.2946 0.2940 0.3908 0.3905
0.7531 0.8951 1.6092 0.5975 0.5963 3.7331 0.2902 0.2897 0.3907 0.3899
0.7303 0.9049 1.6047 0.5998 0.5999 3.7520 0.2905 0.2901 0.3914 0.3911
0.7313 0.9001 1.6046 0.6077 0.6065 3.7383 0.2976 0.2972 0.3995 0.3989
0.7271 0.9063 1.5895 0.6060 0.6059 3.7141 0.2963 0.2958 0.3980 0.3975
0.7246 0.9039 1.5777 0.6117 0.6123 3.7414 0.2939 0.2934 0.3970 0.3967
0.7198 0.9071 1.5808 0.6134 0.6132 3.7459 0.2922 0.2918 0.3958 0.3954
0.7316 0.9023 1.5577 0.6190 0.6186 3.7375 0.2969 0.2964 0.4014 0.4008
0.7225 0.9041 1.5660 0.6134 0.6124 3.7303 0.2936 0.2931 0.3971 0.3965
0.7182 0.9033 1.5523 0.6219 0.6211 3.7461 0.2929 0.2925 0.3982 0.3977
0.7203 0.9015 1.5530 0.6207 0.6219 3.7394 0.2939 0.2936 0.3989 0.3989
0.7225 0.8993 1.5454 0.6168 0.6178 3.7321 0.2932 0.2927 0.3975 0.3972
0.7267 0.9015 1.5460 0.6276 0.6275 3.7684 0.2905 0.2902 0.3972 0.3969
0.7040 0.9141 1.5503 0.6236 0.6244 3.7262 0.2966 0.2961 0.4020 0.4018
0.7089 0.9068 1.5538 0.6264 0.6272 3.7301 0.2986 0.2980 0.4044 0.4041
0.7147 0.9057 1.5469 0.6321 0.6333 3.7399 0.2952 0.2947 0.4025 0.4022
0.7150 0.9065 1.5398 0.6298 0.6314 3.7452 0.2919 0.2913 0.3989 0.3987
0.7072 0.9063 1.5470 0.6366 0.6375 3.7678 0.2919 0.2916 0.4002 0.4002
0.7085 0.9072 1.5426 0.6338 0.6351 3.7249 0.2932 0.2928 0.4009 0.4008
0.6943 0.9101 1.5313 0.6321 0.6327 3.7635 0.2902 0.2897 0.3978 0.3974
0.7060 0.9039 1.5301 0.6332 0.6336 3.7653 0.2926 0.2920 0.4002 0.3998
0.7030 0.9095 1.5206 0.6412 0.6433 3.7736 0.2865 0.2861 0.3960 0.3960
0.6937 0.9128 1.5191 0.6383 0.6406 3.7612 0.2902 0.2898 0.3990 0.3991
0.6896 0.9151 1.5288 0.6327 0.6346 3.7445 0.2915 0.2911 0.3991 0.3991
0.6922 0.9099 1.5155 0.6372 0.6390 3.7451 0.2936 0.2930 0.4019 0.4018
0.6976 0.9128 1.5047 0.6395 0.6397 3.7644 0.2902 0.2897 0.3992 0.3988
0.6933 0.9123 1.5099 0.6361 0.6359 3.7590 0.2905 0.2899 0.3989 0.3983
0.7014 0.9100 1.5167 0.6395 0.6405 3.7447 0.2936 0.2930 0.4024 0.4021
0.6961 0.9108 1.5078 0.6417 0.6423 3.7892 0.2872 0.2867 0.3968 0.3964
0.6974 0.9067 1.4977 0.6446 0.6444 3.7804 0.2865 0.2859 0.3967 0.3961
0.6903 0.9113 1.5050 0.6485 0.6497 3.8016 0.2878 0.2872 0.3987 0.3983
0.6881 0.9161 1.4967 0.6474 0.6489 3.8034 0.2885 0.2879 0.3991 0.3989
0.6799 0.9181 1.5143 0.6395 0.6395 3.7584 0.2959 0.2953 0.4046 0.4041
0.6828 0.9115 1.4878 0.6525 0.6519 3.8017 0.2858 0.2853 0.3975 0.3969
0.6813 0.9153 1.4863 0.6536 0.6546 3.7785 0.2895 0.2890 0.4013 0.4010
0.6776 0.9151 1.4932 0.6463 0.6482 3.7749 0.2946 0.2940 0.4047 0.4045
0.6814 0.9112 1.4810 0.6548 0.6571 3.7907 0.2892 0.2887 0.4012 0.4011
0.6780 0.9153 1.4863 0.6582 0.6605 3.8153 0.2838 0.2833 0.3966 0.3965
0.6746 0.9156 1.4916 0.6468 0.6495 3.7959 0.2905 0.2899 0.4010 0.4009
0.6727 0.9129 1.4991 0.6457 0.6496 3.7811 0.2946 0.2941 0.4046 0.4048
0.6786 0.9085 1.4565 0.6525 0.6536 3.8153 0.2878 0.2874 0.3995 0.3992
0.6801 0.9112 1.4671 0.6519 0.6527 3.8265 0.2858 0.2853 0.3974 0.3970
0.6752 0.9151 1.4578 0.6565 0.6594 3.8169 0.2858 0.2853 0.3982 0.3983
0.6625 0.9203 1.4410 0.6593 0.6605 3.8463 0.2855 0.2850 0.3984 0.3982
0.6732 0.9168 1.4766 0.6553 0.6562 3.8067 0.2909 0.2904 0.4029 0.4026
0.6665 0.9161 1.4538 0.6616 0.6633 3.8386 0.2831 0.2825 0.3965 0.3963
0.6688 0.9164 1.4662 0.6548 0.6557 3.8272 0.2855 0.2849 0.3976 0.3972
0.6609 0.9183 1.4443 0.6633 0.6651 3.8163 0.2875 0.2869 0.4011 0.4009
0.6517 0.9192 1.4381 0.6627 0.6640 3.8273 0.2868 0.2861 0.4004 0.3999
0.6631 0.9159 1.4573 0.6576 0.6605 3.8007 0.2878 0.2872 0.4004 0.4003
0.6564 0.9175 1.4408 0.6627 0.6625 3.8358 0.2845 0.2839 0.3981 0.3975
