5.5318 0.0237 7.9470 0.0000 0.0000 4.3365 0.0448 0.0443 0.0000 0.0000
4.7596 0.0668 6.6785 0.0000 0.0000 4.0477 0.0991 0.0988 0.0000 0.0000
4.2525 0.1889 6.5461 0.0000 0.0000 3.5155 0.2113 0.2123 0.0000 0.0000
3.7415 0.2959 6.2554 0.0000 0.0000 3.1603 0.2258 0.2255 0.0000 0.0000
3.2731 0.3967 5.9556 0.0000 0.0000 2.9838 0.2653 0.2656 0.0000 0.0000
2.9575 0.4484 5.6591 0.0000 0.0000 2.9029 0.2848 0.2846 0.0000 0.0000
2.7253 0.4831 5.2455 0.0034 0.0052 2.8975 0.2885 0.2873 0.0067 0.0103
2.5545 0.5199 5.0232 0.0085 0.0096 2.8852 0.3000 0.2993 0.0165 0.0186
2.3920 0.5405 4.7211 0.0249 0.0239 2.8897 0.3488 0.3478 0.0466 0.0447
2.2675 0.5708 4.5315 0.0317 0.0307 2.8984 0.3407 0.3397 0.0581 0.0563
2.1589 0.5903 4.2481 0.0652 0.0655 2.9999 0.3290 0.3285 0.1088 0.1092
2.0532 0.6161 4.0395 0.0833 0.0840 2.9681 0.3536 0.3523 0.1349 0.1357
1.9570 0.6336 3.8913 0.0884 0.0893 3.0445 0.3465 0.3457 0.1409 0.1420
1.8521 0.6495 3.8462 0.1162 0.1163 3.0149 0.3563 0.3558 0.1753 0.1753
1.8005 0.6663 3.6263 0.1378 0.1361 3.0352 0.3694 0.3686 0.2007 0.1988
1.7232 0.6875 3.5531 0.1542 0.1537 3.0506 0.3640 0.3628 0.2166 0.2159
1.6556 0.6967 3.4359 0.1910 0.1912 3.0999 0.3640 0.3631 0.2506 0.2505
1.6266 0.7029 3.2813 0.1905 0.1904 3.1047 0.3674 0.3663 0.2509 0.2506
1.5616 0.7195 3.2150 0.2245 0.2267 3.1363 0.3563 0.3558 0.2754 0.2769
1.5083 0.7276 3.0451 0.2591 0.2610 3.1967 0.3502 0.3500 0.2978 0.2990
1.4609 0.7339 2.9481 0.2710 0.2707 3.2940 0.3482 0.3470 0.3048 0.3041
1.4230 0.7444 2.9073 0.2749 0.2726 3.1764 0.3627 0.3619 0.3128 0.3109
1.3764 0.7528 2.8743 0.2829 0.2817 3.1724 0.3563 0.3557 0.3154 0.3144
1.3320 0.7663 2.7544 0.3078 0.3058 3.2742 0.3455 0.3447 0.3256 0.3241
1.3019 0.7680 2.7032 0.3158 0.3147 3.2616 0.3569 0.3557 0.3351 0.3340
1.2650 0.7808 2.6784 0.3112 0.3076 3.2457 0.3613 0.3605 0.3344 0.3320
1.2363 0.7893 2.6031 0.3441 0.3442 3.2440 0.3569 0.3565 0.3504 0.3502
1.2107 0.7887 2.4821 0.3673 0.3688 3.3670 0.3370 0.3368 0.3515 0.3521
1.1763 0.7979 2.4639 0.3747 0.3747 3.3437 0.3411 0.3406 0.3571 0.3568
1.1483 0.7995 2.4029 0.4014 0.4009 3.3832 0.3296 0.3294 0.3620 0.3616
1.1143 0.8133 2.3975 0.3804 0.3828 3.3256 0.3377 0.3369 0.3578 0.3584
1.0986 0.8139 2.3126 0.4019 0.4034 3.4283 0.3303 0.3297 0.3626 0.3628
1.0592 0.8248 2.3182 0.4025 0.4070 3.3289 0.3441 0.3436 0.3710 0.3726
1.0157 0.8316 2.1759 0.4546 0.4558 3.5139 0.3151 0.3144 0.3722 0.3722
1.0291 0.8224 2.1689 0.4444 0.4442 3.3641 0.3367 0.3358 0.3831 0.3825
0.9996 0.8361 2.1815 0.4444 0.4451 3.4074 0.3323 0.3317 0.3803 0.3801
0.9817 0.8443 2.1107 0.4711 0.4697 3.3761 0.3239 0.3234 0.3839 0.3831
0.9701 0.8431 2.0528 0.4768 0.4771 3.4888 0.3205 0.3199 0.3833 0.3830
0.9429 0.8483 2.0540 0.4887 0.4888 3.4613 0.3330 0.3323 0.3961 0.3956
0.9230 0.8511 1.9579 0.5068 0.5126 3.5825 0.3091 0.3084 0.3840 0.3851
0.9039 0.8568 1.9147 0.5011 0.4999 3.5294 0.3114 0.3108 0.3841 0.3833
0.8931 0.8596 1.8815 0.5334 0.5302 3.5980 0.3060 0.3055 0.3889 0.3876
0.8652 0.8672 1.8424 0.5488 0.5481 3.6679 0.3064 0.3057 0.3932 0.3925
0.8485 0.8731 1.8681 0.5329 0.5334 3.5719 0.3057 0.3050 0.3885 0.3881
0.8300 0.8728 1.8049 0.5408 0.5408 3.6864 0.3003 0.2998 0.3862 0.3858
0.8237 0.8765 1.7996 0.5522 0.5530 3.5355 0.3104 0.3098 0.3974 0.3971
0.8085 0.8808 1.7509 0.5601 0.5631 3.6120 0.3084 0.3079 0.3978 0.3981
0.7901 0.8871 1.7059 0.5777 0.5791 3.5846 0.3054 0.3046 0.3995 0.3992
0.7754 0.8865 1.6561 0.5941 0.5975 3.6282 0.2976 0.2969 0.3966 0.3967
0.7652 0.8903 1.6399 0.6049 0.6027 3.7451 0.2895 0.2888 0.3916 0.3905
0.7476 0.8949 1.6276 0.6037 0.6063 3.6507 0.2952 0.2946 0.3966 0.3965
0.7311 0.9039 1.5942 0.6094 0.6117 3.6709 0.2922 0.2917 0.3950 0.3950
0.7320 0.8983 1.5930 0.6145 0.6163 3.6677 0.2939 0.2932 0.3976 0.3974
0.7352 0.8961 1.5793 0.6230 0.6250 3.6760 0.2909 0.2903 0.3966 0.3965
0.7287 0.9001 1.5794 0.6173 0.6199 3.6480 0.2990 0.2983 0.4028 0.4028
0.7290 0.8985 1.5717 0.6219 0.6244 3.6847 0.2902 0.2896 0.3957 0.3957
0.7270 0.8992 1.5602 0.6224 0.6256 3.6719 0.2929 0.2922 0.3983 0.3983
0.7176 0.9059 1.5558 0.6293 0.6309 3.6687 0.2912 0.2906 0.3982 0.3979
0.7271 0.9028 1.5433 0.6247 0.6269 3.7048 0.2936 0.2930 0.3994 0.3993
0.7176 0.9024 1.5532 0.6281 0.6309 3.6840 0.2939 0.2934 0.4004 0.4005
0.7198 0.9028 1.5551 0.6270 0.6282 3.7084 0.2885 0.2880 0.3952 0.3949
0.7066 0.9048 1.5392 0.6293 0.6319 3.6832 0.2942 0.2937 0.4010 0.4010
0.7187 0.9067 1.5250 0.6315 0.6349 3.7242 0.2912 0.2906 0.3986 0.3987
0.7132 0.9031 1.5502 0.6281 0.6308 3.6679 0.2959 0.2953 0.4023 0.4022
0.7155 0.9067 1.5357 0.6298 0.6337 3.7032 0.2895 0.2889 0.3967 0.3969
0.7141 0.9039 1.5157 0.6349 0.6373 3.7123 0.2909 0.2903 0.3990 0.3989
0.7015 0.9099 1.5341 0.6332 0.6349 3.6919 0.2942 0.2935 0.4018 0.4014
0.7084 0.9032 1.5158 0.6355 0.6381 3.6939 0.2956 0.2949 0.4035 0.4034
0.6928 0.9096 1.5346 0.6281 0.6331 3.6888 0.3006 0.3000 0.4066 0.4071
0.6964 0.9117 1.5208 0.6327 0.6368 3.7210 0.2959 0.2953 0.4032 0.4035
0.7022 0.9073 1.5229 0.6321 0.6373 3.7093 0.2959 0.2952 0.4031 0.4035
0.6931 0.9081 1.5150 0.6293 0.6328 3.6980 0.2899 0.2892 0.3969 0.3970
0.6891 0.9059 1.5168 0.6264 0.6308 3.6987 0.2926 0.2920 0.3988 0.3992
0.6935 0.9053 1.5068 0.6378 0.6400 3.7508 0.2865 0.2859 0.3954 0.3953
0.6894 0.9117 1.5233 0.6298 0.6322 3.7106 0.2946 0.2939 0.4014 0.4013
0.6967 0.9113 1.4940 0.6417 0.6437 3.7358 0.2885 0.2879 0.3981 0.3979
0.6926 0.9096 1.5035 0.6383 0.6409 3.7182 0.2926 0.2920 0.4012 0.4012
0.6895 0.9063 1.4932 0.6451 0.6473 3.7308 0.2885 0.2879 0.3987 0.3985
0.6867 0.9159 1.4978 0.6457 0.6477 3.7387 0.2855 0.2849 0.3959 0.3957
0.6855 0.9073 1.5035 0.6412 0.6444 3.6992 0.2939 0.2933 0.4030 0.4031
0.6967 0.9035 1.4949 0.6446 0.6465 3.7240 0.2939 0.2933 0.4037 0.4035
0.6820 0.9121 1.4820 0.6429 0.6452 3.7034 0.2952 0.2946 0.4047 0.4045
0.6752 0.9123 1.4741 0.6417 0.6434 3.7505 0.2905 0.2900 0.4000 0.3998
0.6828 0.9123 1.4635 0.6457 0.6469 3.7643 0.2905 0.2900 0.4007 0.4005
0.6856 0.9092 1.4704 0.6497 0.6530 3.7339 0.2939 0.2933 0.4047 0.4048
0.6711 0.9132 1.4652 0.6491 0.6519 3.7432 0.2902 0.2897 0.4011 0.4011
0.6717 0.9131 1.4647 0.6497 0.6539 3.7433 0.2905 0.2900 0.4015 0.4018
0.6742 0.9141 1.4814 0.6508 0.6543 3.7427 0.2882 0.2877 0.3995 0.3996
0.6647 0.9183 1.4736 0.6536 0.6566 3.7736 0.2875 0.2870 0.3993 0.3994
0.6873 0.9116 1.4590 0.6536 0.6568 3.7801 0.2905 0.2900 0.4023 0.4024
0.6719 0.9088 1.4790 0.6497 0.6535 3.7001 0.2963 0.2955 0.4069 0.4070
0.6813 0.9091 1.4575 0.6570 0.6613 3.7466 0.2905 0.2899 0.4029 0.4031
0.6690 0.9124 1.4502 0.6610 0.6636 3.7601 0.2892 0.2887 0.4023 0.4024
0.6835 0.9117 1.4538 0.6576 0.6614 3.7285 0.2939 0.2933 0.4062 0.4064
0.6555 0.9136 1.4510 0.6610 0.6650 3.7298 0.2929 0.2922 0.4059 0.4060
0.6619 0.9137 1.4564 0.6587 0.6625 3.7300 0.2946 0.2940 0.4071 0.4073
0.6690 0.9143 1.4487 0.6655 0.6697 3.7631 0.2895 0.2890 0.4035 0.4038
0.6688 0.9164 1.4266 0.6638 0.6677 3.7658 0.2892 0.2886 0.4029 0.4030
0.6488 0.9197 1.4624 0.6587 0.6611 3.7499 0.2915 0.2911 0.4042 0.4042
0.6604 0.9160 1.4338 0.6667 0.6698 3.7671 0.2848 0.2842 0.3991 0.3991
