5.6330 0.0296 7.2722 0.0000 0.0000 4.3741 0.0212 0.0210 0.0000 0.0000
4.9791 0.0440 6.2810 0.0000 0.0000 4.1940 0.1132 0.1128 0.0000 0.0000
4.5564 0.1357 6.0533 0.0000 0.0000 3.6869 0.1820 0.1824 0.0000 0.0000
4.0309 0.2273 5.6867 0.0000 0.0000 3.3268 0.2558 0.2556 0.0000 0.0000
3.5815 0.3104 5.3137 0.0000 0.0000 3.1005 0.2814 0.2812 0.0000 0.0000
3.2425 0.3761 4.9192 0.0051 0.0049 2.9992 0.3172 0.3169 0.0100 0.0097
2.9618 0.4103 4.5972 0.0181 0.0195 3.0326 0.3020 0.3010 0.0342 0.0366
2.7828 0.4639 4.3113 0.0317 0.0358 3.0143 0.3168 0.3169 0.0577 0.0644
2.6060 0.4865 4.0289 0.0692 0.0720 3.0542 0.3316 0.3306 0.1145 0.1182
2.4498 0.5176 3.7975 0.1088 0.1117 3.0859 0.3360 0.3352 0.1644 0.1675
2.3287 0.5476 3.6416 0.1429 0.1454 3.0640 0.3667 0.3661 0.2056 0.2082
2.2463 0.5572 3.4842 0.1684 0.1685 3.0180 0.3654 0.3646 0.2305 0.2305
2.1218 0.5949 3.2905 0.1956 0.1945 3.0967 0.3610 0.3598 0.2537 0.2525
2.0325 0.6035 3.2026 0.2290 0.2291 3.0854 0.3468 0.3463 0.2759 0.2757
1.9522 0.6340 3.0684 0.2551 0.2559 3.1137 0.3495 0.3488 0.2949 0.2952
1.8762 0.6440 2.9241 0.2863 0.2859 3.1573 0.3357 0.3348 0.3090 0.3085
1.8048 0.6484 2.8306 0.3078 0.3053 3.1977 0.3438 0.3436 0.3248 0.3233
1.7410 0.6688 2.7031 0.3333 0.3313 3.2764 0.3215 0.3213 0.3273 0.3262
1.6691 0.6884 2.6212 0.3628 0.3623 3.2677 0.3401 0.3389 0.3511 0.3502
1.6381 0.6931 2.5090 0.3827 0.3782 3.2800 0.3205 0.3199 0.3488 0.3466
1.5803 0.7033 2.4481 0.3985 0.3995 3.3248 0.3138 0.3138 0.3511 0.3515
1.5505 0.7031 2.4327 0.4144 0.4134 3.3067 0.3263 0.3254 0.3651 0.3642
1.4958 0.7295 2.3643 0.4195 0.4211 3.3050 0.3209 0.3200 0.3636 0.3637
1.4470 0.7364 2.3079 0.4478 0.4489 3.3169 0.3269 0.3260 0.3780 0.3777
1.4156 0.7473 2.2296 0.4586 0.4588 3.3715 0.3168 0.3160 0.3748 0.3743
1.3778 0.7543 2.1820 0.4802 0.4769 3.3983 0.3087 0.3084 0.3758 0.3746
1.3610 0.7512 2.1014 0.4932 0.4945 3.4315 0.3094 0.3086 0.3803 0.3800
1.3131 0.7628 2.0332 0.5062 0.5074 3.4316 0.2936 0.2933 0.3716 0.3717
1.2948 0.7727 2.0377 0.5125 0.5112 3.3985 0.3124 0.3123 0.3882 0.3877
1.2484 0.7821 2.0048 0.5204 0.5214 3.4598 0.3006 0.3005 0.3811 0.3813
1.2235 0.7889 1.9468 0.5482 0.5483 3.4650 0.2878 0.2878 0.3775 0.3774
1.1892 0.7931 1.9007 0.5414 0.5472 3.4443 0.3000 0.2993 0.3860 0.3869
1.1508 0.8075 1.9280 0.5420 0.5457 3.4010 0.3037 0.3031 0.3892 0.3898
1.1500 0.7992 1.8375 0.5533 0.5509 3.4966 0.2952 0.2947 0.3850 0.3840
1.1016 0.8139 1.7803 0.5816 0.5797 3.5486 0.2899 0.2894 0.3869 0.3861
1.0822 0.8157 1.7157 0.6032 0.6038 3.5074 0.2956 0.2953 0.3967 0.3966
1.0668 0.8280 1.7305 0.5952 0.5987 3.4833 0.2875 0.2872 0.3877 0.3882
1.0275 0.8327 1.6786 0.6077 0.6105 3.5091 0.2868 0.2863 0.3897 0.3898
1.0421 0.8293 1.6847 0.6122 0.6140 3.5226 0.2996 0.2991 0.4024 0.4022
1.0096 0.8387 1.6339 0.6054 0.6116 3.5456 0.2892 0.2884 0.3914 0.3919
0.9839 0.8376 1.6214 0.6196 0.6223 3.5108 0.2915 0.2913 0.3965 0.3968
0.9726 0.8425 1.5578 0.6491 0.6509 3.5640 0.2747 0.2744 0.3860 0.3860
0.9452 0.8555 1.5257 0.6480 0.6476 3.6425 0.2720 0.2718 0.3832 0.3829
0.9162 0.8569 1.4971 0.6610 0.6627 3.6550 0.2659 0.2656 0.3793 0.3792
0.9081 0.8623 1.4675 0.6757 0.6742 3.6332 0.2696 0.2694 0.3855 0.3850
0.8824 0.8664 1.4510 0.6752 0.6774 3.7358 0.2639 0.2635 0.3795 0.3794
0.8699 0.8708 1.3996 0.6939 0.6935 3.8297 0.2494 0.2492 0.3669 0.3666
0.8533 0.8791 1.4067 0.6967 0.6982 3.6866 0.2629 0.2622 0.3817 0.3812
0.8371 0.8787 1.3743 0.7029 0.7018 3.8400 0.2568 0.2566 0.3762 0.3758
0.8243 0.8757 1.3335 0.7234 0.7241 3.8220 0.2484 0.2482 0.3698 0.3696
0.8022 0.8896 1.3289 0.7262 0.7272 3.7809 0.2585 0.2583 0.3813 0.3812
0.7887 0.8899 1.3012 0.7262 0.7273 3.7468 0.2588 0.2583 0.3817 0.3813
0.7883 0.8961 1.2868 0.7307 0.7324 3.7841 0.2592 0.2588 0.3826 0.3825
0.7886 0.8955 1.3066 0.7200 0.7239 3.7647 0.2642 0.2638 0.3866 0.3866
0.7942 0.8953 1.2760 0.7347 0.7364 3.7980 0.2592 0.2588 0.3832 0.3830
0.7836 0.8984 1.2793 0.7285 0.7310 3.8069 0.2572 0.2568 0.3801 0.3801
0.7774 0.8927 1.2752 0.7347 0.7377 3.7829 0.2578 0.2574 0.3817 0.3816
0.7769 0.8953 1.2689 0.7370 0.7397 3.7716 0.2582 0.2579 0.3824 0.3824
0.7757 0.9017 1.2734 0.7387 0.7407 3.7800 0.2609 0.2605 0.3856 0.3855
0.7645 0.9051 1.2806 0.7313 0.7330 3.7841 0.2629 0.2623 0.3868 0.3864
0.7682 0.8979 1.2812 0.7387 0.7396 3.7615 0.2659 0.2653 0.3911 0.3905
0.7686 0.8977 1.2728 0.7398 0.7402 3.7683 0.2612 0.2608 0.3861 0.3857
0.7704 0.9017 1.2688 0.7438 0.7452 3.7737 0.2609 0.2605 0.3863 0.3860
0.7674 0.9016 1.2649 0.7404 0.7421 3.7841 0.2568 0.2564 0.3814 0.3811
0.7789 0.8939 1.2606 0.7438 0.7458 3.7968 0.2551 0.2548 0.3799 0.3798
0.7685 0.9013 1.2385 0.7443 0.7459 3.8182 0.2578 0.2575 0.3830 0.3829
0.7588 0.9067 1.2544 0.7404 0.7423 3.7677 0.2629 0.2624 0.3880 0.3878
0.7588 0.9028 1.2505 0.7432 0.7453 3.8177 0.2592 0.2588 0.3843 0.3842
0.7740 0.8989 1.2512 0.7455 0.7465 3.7936 0.2595 0.2591 0.3850 0.3847
0.7566 0.9000 1.2305 0.7494 0.7508 3.7988 0.2592 0.2589 0.3852 0.3850
0.7501 0.9029 1.2545 0.7455 0.7469 3.7872 0.2595 0.2592 0.3850 0.3848
0.7452 0.9075 1.2525 0.7511 0.7531 3.7905 0.2599 0.2594 0.3861 0.3859
0.7685 0.9017 1.2257 0.7534 0.7557 3.7892 0.2572 0.2568 0.3834 0.3834
0.7514 0.9072 1.2326 0.7557 0.7576 3.7781 0.2562 0.2557 0.3826 0.3824
0.7369 0.9093 1.2333 0.7523 0.7534 3.7976 0.2588 0.2587 0.3852 0.3851
0.7561 0.9020 1.2315 0.7528 0.7547 3.7962 0.2588 0.2585 0.3852 0.3851
0.7480 0.9055 1.2190 0.7585 0.7614 3.7912 0.2565 0.2561 0.3833 0.3833
0.7438 0.9065 1.2158 0.7557 0.7576 3.7910 0.2572 0.2566 0.3837 0.3834
0.7429 0.9033 1.2285 0.7545 0.7563 3.8200 0.2555 0.2551 0.3817 0.3815
0.7410 0.9049 1.2213 0.7579 0.7597 3.8232 0.2565 0.2562 0.3833 0.3831
0.7378 0.9039 1.2163 0.7608 0.7626 3.8395 0.2565 0.2563 0.3836 0.3836
0.7294 0.9093 1.2049 0.7579 0.7592 3.8038 0.2599 0.2596 0.3870 0.3869
0.7394 0.9055 1.1968 0.7574 0.7568 3.8394 0.2524 0.2523 0.3787 0.3785
0.7367 0.9061 1.2136 0.7608 0.7616 3.8242 0.2524 0.2521 0.3791 0.3788
0.7287 0.9103 1.2129 0.7528 0.7536 3.8179 0.2575 0.2571 0.3837 0.3834
0.7377 0.9055 1.1974 0.7574 0.7594 3.8308 0.2572 0.2569 0.3840 0.3839
0.7243 0.9091 1.2030 0.7579 0.7593 3.8351 0.2545 0.2542 0.3810 0.3808
0.7084 0.9165 1.2016 0.7545 0.7575 3.8111 0.2575 0.2572 0.3840 0.3840
0.7288 0.9053 1.1881 0.7630 0.7650 3.8407 0.2555 0.2552 0.3828 0.3827
0.7197 0.9108 1.1922 0.7630 0.7646 3.8233 0.2599 0.2593 0.3877 0.3873
0.7195 0.9144 1.1968 0.7670 0.7690 3.8250 0.2565 0.2560 0.3844 0.3841
0.7260 0.9041 1.1792 0.7653 0.7669 3.8760 0.2497 0.2496 0.3766 0.3766
0.7198 0.9128 1.1831 0.7613 0.7620 3.8425 0.2555 0.2553 0.3826 0.3825
0.7189 0.9120 1.1720 0.7653 0.7672 3.8579 0.2531 0.2528 0.3804 0.3802
0.7172 0.9125 1.1892 0.7647 0.7684 3.8413 0.2568 0.2564 0.3845 0.3845
0.7195 0.9068 1.1715 0.7619 0.7655 3.8654 0.2504 0.2503 0.3769 0.3773
0.7077 0.9163 1.1695 0.7664 0.7694 3.8405 0.2518 0.2514 0.3790 0.3789
0.7146 0.9101 1.1757 0.7647 0.7673 3.8581 0.2524 0.2522 0.3796 0.3796
0.7053 0.9117 1.1651 0.7647 0.7675 3.8567 0.2514 0.2510 0.3784 0.3782
0.7094 0.9144 1.1518 0.7710 0.7734 3.8603 0.2531 0.2526 0.3811 0.3808
