5.7184 0.0180 6.6638 0.0000 0.0000 4.5154 0.0202 0.0200 0.0000 0.0000
5.1181 0.0340 5.8892 0.0000 0.0000 4.2942 0.1352 0.1370 0.0000 0.0000
4.6650 0.1223 5.5751 0.0000 0.0000 3.8179 0.1908 0.1905 0.0000 0.0000
4.1854 0.2219 5.1846 0.0000 0.0000 3.4480 0.2221 0.2213 0.0000 0.0000
3.7190 0.2811 4.7107 0.0045 0.0038 3.2963 0.2562 0.2561 0.0089 0.0075
3.3839 0.3273 4.3255 0.0181 0.0171 3.1859 0.2851 0.2841 0.0341 0.0322
3.1026 0.3716 3.9967 0.0595 0.0554 3.2268 0.3054 0.3047 0.0996 0.0937
2.8762 0.4180 3.7277 0.1100 0.1074 3.2073 0.3087 0.3076 0.1622 0.1592
2.7231 0.4528 3.5316 0.1610 0.1590 3.1904 0.2878 0.2871 0.2065 0.2047
2.5720 0.4821 3.3217 0.1933 0.1978 3.2431 0.3209 0.3214 0.2413 0.2449
2.4374 0.5225 3.1320 0.2370 0.2382 3.2177 0.3145 0.3140 0.2703 0.2709
2.3260 0.5332 2.9667 0.2897 0.2852 3.2712 0.3043 0.3045 0.2968 0.2945
2.2081 0.5625 2.9217 0.2993 0.3038 3.2126 0.3215 0.3221 0.3100 0.3127
2.1087 0.5912 2.7448 0.3220 0.3162 3.2542 0.3151 0.3149 0.3185 0.3156
2.0176 0.6108 2.6314 0.3520 0.3542 3.2800 0.3037 0.3030 0.3261 0.3266
1.9607 0.6209 2.5386 0.3810 0.3813 3.2447 0.3327 0.3313 0.3552 0.3546
1.8978 0.6373 2.4649 0.3985 0.3958 3.2661 0.3128 0.3122 0.3505 0.3490
1.8029 0.6641 2.3920 0.4348 0.4368 3.3559 0.2882 0.2877 0.3466 0.3469
1.7835 0.6667 2.3167 0.4325 0.4347 3.3356 0.3040 0.3033 0.3571 0.3573
1.7099 0.6816 2.2518 0.4598 0.4599 3.2980 0.3027 0.3027 0.3650 0.3651
1.6484 0.6969 2.1016 0.5091 0.5129 3.3769 0.2784 0.2781 0.3599 0.3607
1.6022 0.7056 2.0999 0.5051 0.5055 3.3365 0.2966 0.2959 0.3737 0.3733
1.5625 0.7151 2.0229 0.5164 0.5123 3.3580 0.2905 0.2902 0.3719 0.3705
1.5090 0.7241 1.9824 0.5425 0.5460 3.3554 0.2875 0.2865 0.3758 0.3758
1.4756 0.7341 1.9406 0.5317 0.5326 3.3129 0.3037 0.3029 0.3866 0.3861
1.4445 0.7453 1.8707 0.5726 0.5739 3.4889 0.2747 0.2739 0.3713 0.3708
1.3916 0.7599 1.8104 0.5862 0.5855 3.4340 0.2855 0.2848 0.3840 0.3832
1.3525 0.7671 1.7780 0.5760 0.5784 3.3869 0.2750 0.2743 0.3723 0.3721
1.3276 0.7695 1.7546 0.5969 0.6014 3.4003 0.2781 0.2771 0.3794 0.3793
1.3102 0.7688 1.7040 0.6168 0.6165 3.4439 0.2727 0.2722 0.3782 0.3776
1.2725 0.7861 1.6631 0.6361 0.6390 3.4861 0.2747 0.2737 0.3837 0.3832
1.2442 0.7936 1.6264 0.6423 0.6436 3.5003 0.2599 0.2594 0.3700 0.3697
1.2078 0.8016 1.5960 0.6582 0.6564 3.4493 0.2626 0.2621 0.3754 0.3746
1.1970 0.8053 1.5374 0.6644 0.6664 3.5164 0.2514 0.2511 0.3648 0.3647
1.1600 0.8103 1.5398 0.6627 0.6619 3.4747 0.2750 0.2745 0.3887 0.3880
1.1339 0.8203 1.4793 0.6797 0.6828 3.5765 0.2572 0.2569 0.3731 0.3733
1.1225 0.8168 1.4483 0.6893 0.6913 3.5310 0.2562 0.2558 0.3735 0.3734
1.0854 0.8264 1.4299 0.6944 0.6972 3.5373 0.2642 0.2637 0.3828 0.3827
1.0573 0.8340 1.3870 0.7029 0.7065 3.6249 0.2460 0.2456 0.3645 0.3645
1.0498 0.8388 1.3722 0.7211 0.7241 3.6069 0.2551 0.2545 0.3769 0.3766
1.0231 0.8443 1.3530 0.7319 0.7312 3.6497 0.2545 0.2541 0.3776 0.3772
0.9936 0.8567 1.3318 0.7307 0.7315 3.5663 0.2622 0.2617 0.3859 0.3855
0.9749 0.8531 1.3179 0.7268 0.7332 3.5663 0.2535 0.2530 0.3758 0.3762
0.9760 0.8565 1.2827 0.7460 0.7510 3.5820 0.2551 0.2549 0.3802 0.3806
0.9416 0.8657 1.2699 0.7443 0.7471 3.6126 0.2612 0.2607 0.3867 0.3865
0.9178 0.8755 1.2525 0.7523 0.7545 3.6049 0.2514 0.2513 0.3769 0.3771
0.8945 0.8753 1.1998 0.7681 0.7723 3.6750 0.2477 0.2464 0.3746 0.3736
0.8945 0.8751 1.1671 0.7806 0.7834 3.6700 0.2410 0.2410 0.3683 0.3686
0.8701 0.8808 1.1306 0.7874 0.7875 3.6734 0.2339 0.2331 0.3607 0.3597
0.8547 0.8867 1.1357 0.7942 0.7960 3.7209 0.2400 0.2394 0.3686 0.3681
0.8469 0.8880 1.0996 0.7925 0.7939 3.7252 0.2457 0.2452 0.3751 0.3746
0.8380 0.8944 1.0984 0.7976 0.8012 3.7110 0.2477 0.2471 0.3780 0.3777
0.8206 0.8992 1.0841 0.7971 0.8006 3.7369 0.2437 0.2431 0.3732 0.3729
0.8206 0.8952 1.0724 0.7993 0.8040 3.7266 0.2437 0.2430 0.3735 0.3732
0.8198 0.8981 1.0816 0.8027 0.8056 3.7377 0.2406 0.2401 0.3703 0.3699
0.8154 0.8977 1.0655 0.8010 0.8055 3.7229 0.2450 0.2446 0.3753 0.3753
0.8218 0.8932 1.0809 0.8044 0.8087 3.7497 0.2403 0.2397 0.3701 0.3698
0.8171 0.8967 1.0753 0.7993 0.8039 3.7503 0.2410 0.2405 0.3703 0.3702
0.8131 0.8961 1.0708 0.8056 0.8098 3.7242 0.2413 0.2408 0.3714 0.3712
0.7946 0.9048 1.0638 0.7999 0.8030 3.7411 0.2430 0.2423 0.3728 0.3723
0.8008 0.9012 1.0722 0.8050 0.8078 3.7441 0.2400 0.2393 0.3697 0.3693
0.7898 0.9056 1.0782 0.8039 0.8068 3.7281 0.2413 0.2408 0.3712 0.3709
0.8022 0.8984 1.0575 0.8084 0.8119 3.7671 0.2359 0.2353 0.3653 0.3648
0.8032 0.8963 1.0563 0.8118 0.8148 3.7925 0.2373 0.2367 0.3672 0.3668
0.8030 0.9017 1.0527 0.8141 0.8175 3.7650 0.2417 0.2409 0.3727 0.3722
0.7901 0.9055 1.0572 0.8112 0.8142 3.7493 0.2430 0.2423 0.3740 0.3735
0.7936 0.8997 1.0534 0.8124 0.8138 3.7449 0.2417 0.2411 0.3725 0.3720
0.7936 0.9012 1.0509 0.8101 0.8122 3.7356 0.2413 0.2405 0.3719 0.3711
0.7870 0.9040 1.0422 0.8135 0.8162 3.7559 0.2396 0.2391 0.3702 0.3699
0.7917 0.9029 1.0440 0.8135 0.8158 3.7527 0.2433 0.2429 0.3746 0.3744
0.7863 0.9081 1.0478 0.8124 0.8157 3.7475 0.2383 0.2379 0.3685 0.3684
0.7679 0.9108 1.0418 0.8107 0.8132 3.7417 0.2410 0.2403 0.3715 0.3710
0.7833 0.9107 1.0378 0.8141 0.8170 3.7542 0.2437 0.2430 0.3751 0.3746
0.7777 0.9040 1.0230 0.8169 0.8206 3.7896 0.2356 0.2350 0.3657 0.3654
0.7860 0.9061 1.0252 0.8146 0.8180 3.7659 0.2373 0.2365 0.3675 0.3670
0.7736 0.9072 1.0332 0.8180 0.8213 3.7630 0.2447 0.2439 0.3767 0.3762
0.7770 0.9052 1.0263 0.8175 0.8198 3.7969 0.2400 0.2393 0.3710 0.3704
0.7809 0.9020 1.0240 0.8203 0.8221 3.7577 0.2376 0.2370 0.3685 0.3679
0.7739 0.9029 1.0293 0.8135 0.8170 3.7460 0.2393 0.2386 0.3698 0.3694
0.7594 0.9101 1.0224 0.8158 0.8195 3.7988 0.2329 0.2323 0.3623 0.3619
0.7803 0.9032 1.0180 0.8175 0.8208 3.7903 0.2342 0.2338 0.3641 0.3639
0.7586 0.9139 1.0245 0.8152 0.8182 3.7769 0.2376 0.2369 0.3680 0.3674
0.7570 0.9145 1.0069 0.8175 0.8209 3.7787 0.2410 0.2405 0.3722 0.3720
0.7619 0.9072 1.0136 0.8226 0.8250 3.7787 0.2383 0.2378 0.3695 0.3692
0.7627 0.9084 1.0037 0.8180 0.8224 3.7651 0.2386 0.2380 0.3695 0.3691
0.7531 0.9103 1.0055 0.8265 0.8305 3.7814 0.2373 0.2367 0.3687 0.3684
0.7558 0.9093 1.0030 0.8243 0.8268 3.7861 0.2386 0.2380 0.3701 0.3696
0.7548 0.9152 0.9949 0.8254 0.8283 3.7889 0.2390 0.2384 0.3706 0.3702
0.7439 0.9132 0.9963 0.8260 0.8287 3.7925 0.2393 0.2387 0.3711 0.3707
0.7486 0.9159 0.9893 0.8231 0.8269 3.7948 0.2383 0.2376 0.3696 0.3691
0.7540 0.9164 0.9953 0.8231 0.8263 3.7935 0.2393 0.2387 0.3708 0.3704
0.7558 0.9112 0.9915 0.8231 0.8260 3.7698 0.2400 0.2395 0.3716 0.3713
0.7481 0.9104 0.9840 0.8271 0.8319 3.8142 0.2315 0.2311 0.3618 0.3617
0.7420 0.9192 0.9793 0.8316 0.8366 3.8109 0.2346 0.2341 0.3659 0.3658
0.7454 0.9136 0.9784 0.8265 0.8315 3.8015 0.2336 0.2331 0.3642 0.3641
0.7324 0.9157 0.9864 0.8260 0.8292 3.8081 0.2353 0.2348 0.3662 0.3659
0.7449 0.9104 0.9763 0.8260 0.8292 3.8053 0.2336 0.2330 0.3642 0.3638
0.7251 0.9196 0.9795 0.8282 0.8314 3.8284 0.2359 0.2352 0.3672 0.3666
0.7483 0.9127 0.9788 0.8322 0.8353 3.8053 0.2413 0.2406 0.3741 0.3736
0.7407 0.9160 0.9738 0.8328 0.8360 3.8463 0.2336 0.2330 0.3648 0.3644
