5.6369 0.0309 7.2314 0.0000 0.0000 4.4228 0.0391 0.0395 0.0000 0.0000
4.9957 0.0437 6.2929 0.0000 0.0000 4.2193 0.0698 0.0690 0.0000 0.0000
4.5860 0.1259 6.1217 0.0000 0.0000 3.7201 0.1746 0.1731 0.0000 0.0000
4.0846 0.2140 5.7246 0.0000 0.0000 3.3401 0.2400 0.2408 0.0000 0.0000
3.6121 0.3184 5.3733 0.0011 0.0019 3.1168 0.2733 0.2747 0.0023 0.0038
3.2586 0.3641 4.9253 0.0034 0.0033 3.0050 0.3037 0.3032 0.0067 0.0066
2.9947 0.4196 4.6457 0.0227 0.0226 2.9715 0.2983 0.2976 0.0421 0.0420
2.7949 0.4648 4.2265 0.0442 0.0456 3.0009 0.3300 0.3292 0.0780 0.0801
2.6129 0.4792 3.9898 0.0771 0.0774 3.0435 0.3232 0.3227 0.1245 0.1249
2.4566 0.5209 3.8195 0.1015 0.1057 3.0783 0.3387 0.3375 0.1562 0.1610
2.3405 0.5432 3.6586 0.1310 0.1353 3.1327 0.3300 0.3292 0.1875 0.1918
2.2182 0.5683 3.4493 0.1655 0.1679 3.0960 0.3445 0.3435 0.2236 0.2255
2.1449 0.5868 3.3803 0.1735 0.1720 3.0564 0.3350 0.3343 0.2286 0.2271
2.0504 0.5999 3.2690 0.2001 0.2006 3.1297 0.3354 0.3350 0.2507 0.2510
1.9577 0.6147 3.0650 0.2483 0.2478 3.1550 0.3401 0.3394 0.2870 0.2865
1.8830 0.6349 2.9924 0.2596 0.2606 3.1520 0.3424 0.3416 0.2953 0.2956
1.8051 0.6488 2.8775 0.2846 0.2834 3.1974 0.3465 0.3457 0.3125 0.3115
1.7685 0.6683 2.7624 0.2993 0.2978 3.2648 0.3219 0.3212 0.3102 0.3091
1.6818 0.6748 2.6448 0.3316 0.3264 3.2886 0.3303 0.3295 0.3310 0.3280
1.6459 0.6897 2.5908 0.3458 0.3459 3.2621 0.3259 0.3248 0.3356 0.3350
1.6097 0.6979 2.4937 0.3787 0.3755 3.2931 0.3232 0.3224 0.3488 0.3469
1.5481 0.7155 2.3982 0.4138 0.4094 3.3669 0.3074 0.3071 0.3528 0.3509
1.5243 0.7185 2.3916 0.4036 0.4015 3.2483 0.3229 0.3224 0.3588 0.3576
1.4726 0.7247 2.3697 0.4087 0.4080 3.2716 0.3381 0.3371 0.3700 0.3691
1.4319 0.7360 2.2533 0.4393 0.4328 3.3910 0.3084 0.3079 0.3624 0.3598
1.4059 0.7447 2.2109 0.4512 0.4528 3.3162 0.3246 0.3238 0.3776 0.3776
1.3511 0.7580 2.1658 0.4683 0.4633 3.3879 0.3067 0.3060 0.3706 0.3686
1.3173 0.7676 2.1097 0.4785 0.4735 3.4320 0.3070 0.3065 0.3740 0.3721
1.2814 0.7848 2.0696 0.4830 0.4799 3.3975 0.3060 0.3055 0.3747 0.3734
1.2722 0.7804 1.9771 0.5079 0.5060 3.4217 0.3114 0.3109 0.3861 0.3851
1.2124 0.7924 1.9661 0.5210 0.5152 3.5293 0.2936 0.2931 0.3755 0.3736
1.2034 0.7945 1.9102 0.5306 0.5299 3.5151 0.2868 0.2859 0.3724 0.3714
1.1762 0.7956 1.8762 0.5323 0.5289 3.5340 0.2929 0.2929 0.3779 0.3770
1.1479 0.8127 1.8678 0.5408 0.5428 3.4824 0.3040 0.3038 0.3892 0.3896
1.1105 0.8173 1.8280 0.5618 0.5627 3.4768 0.2902 0.2894 0.3827 0.3822
1.0850 0.8183 1.7577 0.5714 0.5710 3.5670 0.2952 0.2947 0.3893 0.3888
1.0769 0.8252 1.6997 0.5896 0.5878 3.5616 0.2996 0.2992 0.3973 0.3965
1.0406 0.8313 1.7089 0.5850 0.5885 3.5798 0.2845 0.2839 0.3828 0.3830
1.0207 0.8289 1.6611 0.6156 0.6163 3.5812 0.2868 0.2863 0.3913 0.3910
0.9965 0.8436 1.6858 0.5913 0.5943 3.6495 0.2757 0.2744 0.3761 0.3755
0.9829 0.8425 1.5952 0.6361 0.6367 3.6548 0.2744 0.2740 0.3834 0.3831
0.9658 0.8524 1.5458 0.6451 0.6466 3.7108 0.2767 0.2764 0.3873 0.3872
0.9447 0.8547 1.5460 0.6378 0.6415 3.6872 0.2774 0.2771 0.3866 0.3870
0.9316 0.8549 1.5300 0.6417 0.6414 3.7155 0.2740 0.2736 0.3840 0.3836
0.9088 0.8636 1.4693 0.6644 0.6643 3.7189 0.2673 0.2671 0.3812 0.3810
0.9022 0.8664 1.4696 0.6791 0.6784 3.7777 0.2717 0.2712 0.3881 0.3875
0.8712 0.8679 1.4198 0.6865 0.6863 3.7710 0.2497 0.2495 0.3663 0.3659
0.8600 0.8725 1.3654 0.7046 0.7066 3.7730 0.2582 0.2574 0.3779 0.3773
0.8459 0.8800 1.3843 0.7063 0.7107 3.7702 0.2683 0.2678 0.3889 0.3890
0.8274 0.8829 1.3735 0.6990 0.7018 3.7489 0.2733 0.2726 0.3930 0.3927
0.8119 0.8855 1.3243 0.7211 0.7214 3.8017 0.2572 0.2567 0.3791 0.3787
0.7954 0.8932 1.2933 0.7262 0.7258 3.8261 0.2568 0.2564 0.3795 0.3789
0.7817 0.8991 1.3196 0.7228 0.7244 3.7423 0.2649 0.2643 0.3877 0.3873
0.7995 0.8908 1.3197 0.7194 0.7210 3.7896 0.2629 0.2625 0.3851 0.3848
0.7957 0.8864 1.2819 0.7330 0.7337 3.8309 0.2592 0.2585 0.3830 0.3823
0.7856 0.8989 1.2738 0.7302 0.7314 3.7863 0.2582 0.2575 0.3815 0.3809
0.7855 0.8955 1.2899 0.7364 0.7387 3.7755 0.2646 0.2639 0.3893 0.3889
0.7768 0.8969 1.2794 0.7392 0.7397 3.8046 0.2619 0.2615 0.3868 0.3864
0.7769 0.9032 1.2738 0.7336 0.7331 3.7842 0.2659 0.2654 0.3903 0.3897
0.7795 0.8969 1.2918 0.7341 0.7347 3.7931 0.2588 0.2584 0.3827 0.3823
0.7785 0.8983 1.2663 0.7375 0.7386 3.8003 0.2622 0.2618 0.3869 0.3865
0.7732 0.9035 1.2741 0.7364 0.7399 3.7878 0.2649 0.2643 0.3897 0.3895
0.7686 0.9020 1.2695 0.7392 0.7421 3.7886 0.2609 0.2602 0.3856 0.3853
0.7878 0.8939 1.2711 0.7358 0.7370 3.7830 0.2599 0.2592 0.3841 0.3835
0.7697 0.9005 1.2557 0.7455 0.7457 3.8147 0.2578 0.2574 0.3832 0.3827
0.7616 0.8995 1.2605 0.7443 0.7457 3.7905 0.2612 0.2607 0.3867 0.3863
0.7557 0.9053 1.2521 0.7370 0.7380 3.7976 0.2555 0.2550 0.3794 0.3791
0.7647 0.9015 1.2511 0.7409 0.7410 3.7952 0.2629 0.2622 0.3881 0.3873
0.7565 0.9032 1.2435 0.7398 0.7401 3.8123 0.2595 0.2588 0.3842 0.3835
0.7670 0.8977 1.2666 0.7375 0.7403 3.7806 0.2619 0.2612 0.3865 0.3862
0.7656 0.8979 1.2373 0.7438 0.7445 3.8174 0.2545 0.2539 0.3792 0.3786
0.7555 0.9081 1.2417 0.7472 0.7481 3.7914 0.2592 0.2585 0.3849 0.3842
0.7521 0.9044 1.2331 0.7426 0.7443 3.8052 0.2622 0.2616 0.3876 0.3872
0.7548 0.9024 1.2335 0.7511 0.7507 3.8330 0.2578 0.2573 0.3839 0.3832
0.7421 0.9073 1.2370 0.7472 0.7484 3.8222 0.2582 0.2576 0.3837 0.3832
0.7495 0.9021 1.2211 0.7528 0.7526 3.8155 0.2582 0.2575 0.3845 0.3837
0.7426 0.9083 1.2259 0.7523 0.7514 3.8354 0.2575 0.2569 0.3837 0.3829
0.7549 0.9059 1.2188 0.7551 0.7562 3.8513 0.2524 0.2520 0.3784 0.3780
0.7535 0.9037 1.2129 0.7574 0.7584 3.8373 0.2538 0.2532 0.3802 0.3796
0.7465 0.9060 1.2189 0.7511 0.7519 3.8070 0.2588 0.2582 0.3850 0.3843
0.7503 0.9044 1.2133 0.7557 0.7554 3.8540 0.2551 0.2546 0.3815 0.3808
0.7516 0.9039 1.2254 0.7517 0.7520 3.7978 0.2551 0.2545 0.3810 0.3803
0.7388 0.9076 1.2094 0.7534 0.7526 3.8326 0.2562 0.2556 0.3823 0.3816
0.7341 0.9119 1.2085 0.7506 0.7495 3.8158 0.2595 0.2590 0.3857 0.3849
0.7339 0.9051 1.2143 0.7585 0.7583 3.8329 0.2575 0.2569 0.3845 0.3838
0.7261 0.9095 1.2111 0.7596 0.7595 3.8373 0.2548 0.2543 0.3816 0.3810
0.7376 0.9080 1.2008 0.7591 0.7588 3.8167 0.2551 0.2546 0.3819 0.3812
0.7344 0.9088 1.1936 0.7619 0.7618 3.8545 0.2545 0.2540 0.3815 0.3809
0.7298 0.9107 1.1884 0.7613 0.7609 3.8374 0.2585 0.2579 0.3860 0.3853
0.7274 0.9112 1.1890 0.7602 0.7613 3.8587 0.2545 0.2539 0.3813 0.3808
0.7184 0.9148 1.1933 0.7579 0.7580 3.8424 0.2555 0.2549 0.3821 0.3815
0.7223 0.9124 1.1922 0.7568 0.7578 3.8496 0.2551 0.2546 0.3816 0.3812
0.7253 0.9084 1.1941 0.7596 0.7604 3.8777 0.2531 0.2526 0.3797 0.3793
0.7156 0.9171 1.1859 0.7619 0.7632 3.8578 0.2531 0.2525 0.3800 0.3794
0.7098 0.9111 1.1995 0.7608 0.7610 3.8394 0.2548 0.2543 0.3817 0.3812
0.7198 0.9112 1.1711 0.7687 0.7697 3.8930 0.2508 0.2503 0.3782 0.3778
0.7187 0.9095 1.1696 0.7664 0.7669 3.8664 0.2558 0.2553 0.3836 0.3830
0.7154 0.9132 1.1869 0.7608 0.7610 3.8629 0.2565 0.2559 0.3836 0.3831
0.7148 0.9109 1.1816 0.7630 0.7640 3.8438 0.2497 0.2492 0.3763 0.3758
0.7110 0.9187 1.1632 0.7642 0.7646 3.8778 0.2528 0.2523 0.3799 0.3794
