5.7338 0.0156 6.7125 0.0000 0.0000 4.5452 0.0202 0.0200 0.0000 0.0000
5.1485 0.0611 5.9475 0.0000 0.0000 4.2927 0.0994 0.0991 0.0000 0.0000
4.6666 0.1325 5.6100 0.0000 0.0000 3.7761 0.1871 0.1865 0.0000 0.0000
4.1581 0.1951 5.2077 0.0000 0.0000 3.4462 0.2329 0.2330 0.0000 0.0000
3.7218 0.2731 4.7321 0.0068 0.0057 3.2946 0.2629 0.2625 0.0133 0.0112
3.3752 0.3377 4.3541 0.0198 0.0203 3.2235 0.2888 0.2891 0.0371 0.0380
3.1127 0.3736 3.9932 0.0720 0.0716 3.2110 0.2979 0.2978 0.1160 0.1154
2.8862 0.4249 3.7147 0.1213 0.1232 3.1795 0.3017 0.3011 0.1730 0.1749
2.6926 0.4601 3.4812 0.1593 0.1655 3.2157 0.3108 0.3095 0.2106 0.2157
2.5127 0.5072 3.2750 0.2046 0.2045 3.2312 0.3124 0.3120 0.2473 0.2471
2.4005 0.5324 3.1285 0.2398 0.2430 3.2238 0.3161 0.3159 0.2727 0.2747
2.2924 0.5496 2.9334 0.2687 0.2690 3.2181 0.3242 0.3244 0.2939 0.2941
2.1877 0.5777 2.8501 0.2999 0.2986 3.2761 0.3060 0.3052 0.3029 0.3018
2.1054 0.5987 2.7257 0.3277 0.3326 3.2930 0.3081 0.3082 0.3176 0.3199
2.0037 0.6120 2.6118 0.3690 0.3690 3.3251 0.2959 0.2958 0.3285 0.3283
1.9193 0.6339 2.4734 0.3889 0.3888 3.3505 0.2952 0.2945 0.3357 0.3351
1.8552 0.6527 2.3978 0.4127 0.4097 3.3827 0.3000 0.2994 0.3474 0.3460
1.7955 0.6693 2.3404 0.4320 0.4319 3.3873 0.2858 0.2850 0.3440 0.3434
1.7520 0.6729 2.2597 0.4649 0.4612 3.3793 0.3064 0.3055 0.3693 0.3676
1.6831 0.6876 2.2038 0.4773 0.4771 3.3263 0.2946 0.2943 0.3643 0.3640
1.6420 0.6996 2.1271 0.4779 0.4775 3.3455 0.2791 0.2778 0.3524 0.3512
1.5750 0.7145 2.0971 0.4960 0.4995 3.3778 0.2976 0.2966 0.3720 0.3722
1.5335 0.7267 2.0308 0.5295 0.5267 3.4015 0.2878 0.2868 0.3729 0.3714
1.4935 0.7339 1.9564 0.5420 0.5414 3.4481 0.2730 0.2723 0.3631 0.3623
1.4521 0.7405 1.9169 0.5448 0.5472 3.4468 0.2700 0.2686 0.3610 0.3603
1.4344 0.7435 1.8886 0.5618 0.5663 3.4149 0.2824 0.2818 0.3759 0.3763
1.3953 0.7568 1.7973 0.5924 0.5916 3.4416 0.2791 0.2793 0.3794 0.3795
1.3578 0.7671 1.7234 0.5941 0.5957 3.4861 0.2669 0.2667 0.3684 0.3685
1.3019 0.7780 1.7193 0.6032 0.6036 3.4672 0.2693 0.2689 0.3724 0.3721
1.2903 0.7841 1.6506 0.6378 0.6344 3.5070 0.2700 0.2689 0.3794 0.3777
1.2432 0.7944 1.6118 0.6417 0.6398 3.4883 0.2700 0.2691 0.3801 0.3789
1.2329 0.7947 1.6011 0.6553 0.6552 3.5213 0.2669 0.2662 0.3794 0.3786
1.2002 0.7996 1.5626 0.6599 0.6588 3.5278 0.2673 0.2667 0.3804 0.3797
1.1948 0.7988 1.5433 0.6695 0.6723 3.4802 0.2686 0.2675 0.3834 0.3827
1.1539 0.8136 1.5061 0.6865 0.6874 3.6166 0.2403 0.2391 0.3560 0.3548
1.1169 0.8237 1.4820 0.6780 0.6800 3.6385 0.2518 0.2518 0.3672 0.3675
1.0942 0.8249 1.4753 0.6978 0.6959 3.6036 0.2595 0.2591 0.3783 0.3776
1.0796 0.8305 1.4172 0.7126 0.7179 3.6791 0.2514 0.2512 0.3717 0.3722
1.0609 0.8377 1.3642 0.7234 0.7241 3.6717 0.2541 0.2530 0.3761 0.3749
1.0366 0.8411 1.3296 0.7217 0.7235 3.6893 0.2417 0.2412 0.3621 0.3617
1.0124 0.8497 1.3087 0.7449 0.7454 3.7612 0.2420 0.2412 0.3653 0.3645
1.0004 0.8467 1.3174 0.7336 0.7336 3.7386 0.2383 0.2376 0.3597 0.3589
0.9867 0.8521 1.2455 0.7534 0.7558 3.7621 0.2386 0.2382 0.3625 0.3622
0.9580 0.8559 1.2648 0.7511 0.7504 3.7450 0.2396 0.2386 0.3634 0.3621
0.9368 0.8643 1.2429 0.7613 0.7626 3.7764 0.2366 0.2362 0.3610 0.3607
0.9088 0.8729 1.2141 0.7608 0.7634 3.8020 0.2359 0.2353 0.3602 0.3597
0.8963 0.8757 1.1828 0.7800 0.7855 3.7687 0.2410 0.2399 0.3682 0.3675
0.8846 0.8744 1.1710 0.7710 0.7785 3.7394 0.2511 0.2505 0.3788 0.3790
0.8739 0.8835 1.1371 0.7954 0.8004 3.8398 0.2332 0.2327 0.3607 0.3606
0.8548 0.8801 1.1441 0.7993 0.8043 3.8176 0.2366 0.2365 0.3651 0.3656
0.8220 0.8927 1.1248 0.8061 0.8129 3.7968 0.2393 0.2390 0.3690 0.3693
0.8219 0.8989 1.0843 0.8124 0.8176 3.7999 0.2380 0.2375 0.3681 0.3680
0.8076 0.9017 1.0801 0.8118 0.8153 3.8193 0.2342 0.2339 0.3636 0.3635
0.8157 0.8972 1.0752 0.8135 0.8178 3.8022 0.2386 0.2382 0.3690 0.3690
0.8084 0.9037 1.0656 0.8118 0.8162 3.7975 0.2413 0.2408 0.3720 0.3719
0.8068 0.9024 1.0853 0.8158 0.8190 3.8029 0.2406 0.2402 0.3717 0.3715
0.8005 0.9048 1.0580 0.8169 0.8205 3.8050 0.2406 0.2401 0.3718 0.3715
0.8116 0.9031 1.0754 0.8163 0.8197 3.8072 0.2410 0.2405 0.3721 0.3719
0.7982 0.9009 1.0597 0.8175 0.8197 3.7973 0.2413 0.2409 0.3726 0.3724
0.7924 0.9021 1.0621 0.8186 0.8220 3.8140 0.2417 0.2413 0.3732 0.3731
0.8036 0.9004 1.0501 0.8226 0.8252 3.8074 0.2400 0.2396 0.3716 0.3714
0.7985 0.9019 1.0455 0.8214 0.8254 3.8155 0.2406 0.2402 0.3722 0.3722
0.7878 0.9089 1.0640 0.8209 0.8246 3.8061 0.2417 0.2411 0.3734 0.3731
0.7896 0.9004 1.0518 0.8175 0.8223 3.8133 0.2417 0.2413 0.3730 0.3731
0.7710 0.9141 1.0550 0.8203 0.8251 3.8157 0.2383 0.2379 0.3693 0.3693
0.7833 0.9047 1.0367 0.8260 0.8314 3.8238 0.2400 0.2397 0.3719 0.3721
0.7760 0.9123 1.0502 0.8214 0.8253 3.8266 0.2376 0.2374 0.3686 0.3687
0.7956 0.9003 1.0440 0.8243 0.8285 3.8324 0.2383 0.2378 0.3697 0.3696
0.7910 0.9001 1.0351 0.8260 0.8297 3.8390 0.2376 0.2372 0.3691 0.3689
0.7695 0.9137 1.0377 0.8248 0.8293 3.8246 0.2396 0.2392 0.3714 0.3713
0.7820 0.9069 1.0410 0.8265 0.8306 3.8130 0.2383 0.2378 0.3699 0.3698
0.7688 0.9175 1.0393 0.8282 0.8325 3.8238 0.2406 0.2402 0.3729 0.3729
0.7796 0.9085 1.0359 0.8277 0.8318 3.8179 0.2380 0.2376 0.3696 0.3696
0.7633 0.9123 1.0258 0.8299 0.8333 3.8260 0.2356 0.2352 0.3670 0.3669
0.7691 0.9109 1.0262 0.8282 0.8308 3.8408 0.2353 0.2348 0.3664 0.3662
0.7683 0.9137 1.0276 0.8282 0.8319 3.8253 0.2369 0.2365 0.3685 0.3683
0.7682 0.9072 1.0205 0.8294 0.8333 3.8512 0.2346 0.2343 0.3657 0.3658
0.7642 0.9055 1.0243 0.8333 0.8361 3.8651 0.2336 0.2333 0.3649 0.3648
0.7658 0.9127 1.0064 0.8265 0.8293 3.8466 0.2366 0.2363 0.3679 0.3678
0.7554 0.9137 1.0153 0.8299 0.8349 3.8111 0.2373 0.2369 0.3690 0.3691
0.7608 0.9099 1.0089 0.8294 0.8321 3.8436 0.2346 0.2341 0.3657 0.3655
0.7502 0.9113 1.0053 0.8322 0.8354 3.8363 0.2393 0.2388 0.3717 0.3714
0.7641 0.9145 1.0024 0.8328 0.8372 3.8674 0.2349 0.2345 0.3665 0.3664
0.7619 0.9137 1.0032 0.8328 0.8374 3.8443 0.2386 0.2382 0.3710 0.3709
0.7532 0.9125 1.0040 0.8396 0.8427 3.8683 0.2336 0.2333 0.3655 0.3654
0.7479 0.9112 0.9926 0.8356 0.8392 3.8475 0.2369 0.2366 0.3692 0.3691
0.7553 0.9104 0.9926 0.8356 0.8393 3.8336 0.2339 0.2334 0.3655 0.3652
0.7419 0.9180 1.0007 0.8362 0.8400 3.8539 0.2342 0.2339 0.3660 0.3660
0.7455 0.9173 0.9953 0.8339 0.8376 3.8696 0.2356 0.2353 0.3674 0.3674
0.7465 0.9176 0.9846 0.8356 0.8401 3.8587 0.2339 0.2334 0.3655 0.3653
0.7435 0.9200 0.9789 0.8390 0.8433 3.8686 0.2346 0.2342 0.3666 0.3666
0.7319 0.9219 0.9848 0.8367 0.8415 3.8483 0.2353 0.2349 0.3673 0.3673
0.7348 0.9227 0.9892 0.8356 0.8387 3.8576 0.2342 0.2339 0.3659 0.3658
0.7266 0.9181 0.9884 0.8350 0.8394 3.8552 0.2383 0.2379 0.3708 0.3707
0.7428 0.9168 0.9864 0.8390 0.8419 3.8834 0.2339 0.2336 0.3658 0.3658
0.7448 0.9160 0.9633 0.8424 0.8472 3.8594 0.2373 0.2369 0.3703 0.3703
0.7460 0.9128 0.9661 0.8475 0.8530 3.8835 0.2326 0.2322 0.3650 0.3651
0.7334 0.9183 0.9679 0.8413 0.8467 3.9010 0.2326 0.2322 0.3644 0.3644
0.7233 0.9207 0.9744 0.8430 0.8471 3.8798 0.2342 0.2339 0.3666 0.3666
0.7275 0.9192 0.9673 0.8447 0.8480 3.9105 0.2305 0.2302 0.3622 0.3621
