5.6438 0.0293 7.1945 0.0000 0.0000 4.4223 0.0576 0.0573 0.0000 0.0000
4.9711 0.0869 6.2400 0.0000 0.0000 4.1329 0.1436 0.1424 0.0000 0.0000
4.4630 0.1437 6.0578 0.0000 0.0000 3.5763 0.1736 0.1752 0.0000 0.0000
3.9332 0.2476 5.6804 0.0000 0.0000 3.2276 0.2447 0.2444 0.0000 0.0000
3.4951 0.3207 5.1638 0.0000 0.0000 3.1621 0.2784 0.2785 0.0000 0.0000
3.1839 0.3821 4.8443 0.0045 0.0057 3.0743 0.2706 0.2690 0.0089 0.0112
2.9211 0.4329 4.4282 0.0125 0.0120 3.0939 0.2986 0.2988 0.0239 0.0231
2.7275 0.4511 4.1555 0.0488 0.0474 3.0824 0.3124 0.3116 0.0843 0.0823
2.5801 0.4903 4.0067 0.0607 0.0613 3.0018 0.3428 0.3424 0.1031 0.1040
2.4503 0.5136 3.7158 0.1100 0.1081 3.1373 0.3313 0.3311 0.1651 0.1630
2.3210 0.5457 3.5810 0.1321 0.1305 3.1003 0.3482 0.3472 0.1915 0.1897
2.2025 0.5720 3.4194 0.1548 0.1570 3.1298 0.3485 0.3479 0.2143 0.2163
2.1053 0.5893 3.2617 0.1854 0.1832 3.1449 0.3515 0.3510 0.2427 0.2407
2.0154 0.6060 3.1486 0.2211 0.2204 3.1753 0.3478 0.3475 0.2703 0.2698
1.9496 0.6219 3.0614 0.2477 0.2421 3.2001 0.3414 0.3411 0.2871 0.2832
1.8799 0.6340 2.8687 0.2783 0.2848 3.2890 0.3151 0.3157 0.2956 0.2995
1.7949 0.6531 2.8501 0.2914 0.2888 3.1689 0.3401 0.3404 0.3139 0.3125
1.7511 0.6585 2.7303 0.3090 0.3069 3.2647 0.3364 0.3359 0.3221 0.3207
1.6824 0.6769 2.6633 0.3379 0.3360 3.2657 0.3286 0.3287 0.3332 0.3323
1.6199 0.6921 2.6062 0.3418 0.3432 3.2528 0.3330 0.3324 0.3374 0.3378
1.5867 0.7081 2.4930 0.3707 0.3675 3.3012 0.3313 0.3305 0.3499 0.3480
1.5363 0.7125 2.4329 0.3968 0.3949 3.3109 0.3232 0.3229 0.3563 0.3553
1.4941 0.7283 2.3687 0.3968 0.3934 3.3137 0.3273 0.3265 0.3587 0.3568
1.4492 0.7311 2.3051 0.4212 0.4190 3.3140 0.3199 0.3191 0.3636 0.3623
1.4098 0.7385 2.2741 0.4439 0.4467 3.3987 0.3229 0.3221 0.3738 0.3743
1.3725 0.7532 2.2061 0.4495 0.4458 3.4204 0.3091 0.3083 0.3663 0.3645
1.3487 0.7516 2.1061 0.4654 0.4627 3.4462 0.3155 0.3148 0.3760 0.3747
1.3155 0.7655 2.1114 0.4660 0.4666 3.3477 0.3124 0.3120 0.3741 0.3739
1.2905 0.7763 2.0463 0.4904 0.4927 3.4718 0.3118 0.3113 0.3812 0.3815
1.2578 0.7781 1.9641 0.5215 0.5169 3.4753 0.2959 0.2955 0.3776 0.3760
1.2283 0.7813 1.9297 0.5312 0.5334 3.5185 0.2835 0.2827 0.3696 0.3695
1.1981 0.7921 1.8729 0.5510 0.5488 3.4797 0.3010 0.3000 0.3893 0.3880
1.1650 0.8015 1.8869 0.5402 0.5417 3.5057 0.2868 0.2864 0.3747 0.3747
1.1337 0.8108 1.8205 0.5624 0.5590 3.5854 0.2895 0.2889 0.3822 0.3809
1.1247 0.8087 1.7626 0.5777 0.5814 3.6019 0.2713 0.2710 0.3692 0.3697
1.0856 0.8237 1.7658 0.5856 0.5842 3.5081 0.2936 0.2928 0.3911 0.3901
1.0699 0.8211 1.6736 0.6083 0.6078 3.6120 0.2828 0.2823 0.3861 0.3855
1.0405 0.8248 1.6453 0.6060 0.6086 3.5929 0.2787 0.2779 0.3818 0.3816
1.0096 0.8371 1.6610 0.6162 0.6185 3.6049 0.2797 0.2796 0.3848 0.3851
1.0106 0.8377 1.6323 0.6196 0.6199 3.6217 0.2781 0.2779 0.3839 0.3838
0.9830 0.8425 1.5595 0.6344 0.6353 3.7062 0.2713 0.2707 0.3801 0.3797
0.9597 0.8475 1.5595 0.6378 0.6417 3.6881 0.2774 0.2771 0.3866 0.3870
0.9441 0.8541 1.5207 0.6468 0.6477 3.6024 0.2740 0.2733 0.3850 0.3844
0.9278 0.8583 1.4930 0.6650 0.6660 3.7368 0.2642 0.2640 0.3782 0.3781
0.9129 0.8601 1.4630 0.6678 0.6686 3.6936 0.2599 0.2594 0.3741 0.3738
0.8994 0.8687 1.4419 0.6808 0.6829 3.7257 0.2602 0.2597 0.3765 0.3763
0.8789 0.8699 1.3989 0.6922 0.6952 3.7736 0.2588 0.2585 0.3768 0.3769
0.8460 0.8759 1.3881 0.6984 0.6986 3.7757 0.2653 0.2649 0.3845 0.3841
0.8425 0.8812 1.3814 0.7018 0.7062 3.7788 0.2683 0.2675 0.3882 0.3880
0.8208 0.8801 1.3630 0.6973 0.6974 3.8034 0.2612 0.2607 0.3800 0.3795
0.8116 0.8855 1.3286 0.7109 0.7110 3.7743 0.2599 0.2597 0.3806 0.3804
0.8008 0.8889 1.3191 0.7200 0.7221 3.7717 0.2588 0.2585 0.3808 0.3807
0.7891 0.8969 1.3082 0.7239 0.7247 3.7979 0.2588 0.2585 0.3813 0.3811
0.7968 0.8925 1.2998 0.7222 0.7235 3.7803 0.2636 0.2631 0.3862 0.3858
0.7957 0.8911 1.2865 0.7273 0.7280 3.7691 0.2592 0.2589 0.3822 0.3820
0.7875 0.8945 1.3011 0.7188 0.7177 3.7817 0.2595 0.2592 0.3814 0.3809
0.7770 0.8964 1.2959 0.7245 0.7256 3.7756 0.2636 0.2630 0.3865 0.3861
0.7779 0.8999 1.2779 0.7290 0.7301 3.7906 0.2555 0.2550 0.3784 0.3779
0.7726 0.8945 1.2902 0.7302 0.7319 3.7688 0.2619 0.2614 0.3855 0.3852
0.7789 0.8988 1.2623 0.7336 0.7330 3.7772 0.2636 0.2631 0.3878 0.3872
0.7712 0.8945 1.2746 0.7307 0.7321 3.7811 0.2622 0.2619 0.3859 0.3857
0.7763 0.8959 1.2704 0.7353 0.7352 3.7733 0.2609 0.2603 0.3851 0.3845
0.7684 0.9007 1.2637 0.7358 0.7380 3.7832 0.2639 0.2635 0.3885 0.3884
0.7746 0.8952 1.2771 0.7347 0.7381 3.7728 0.2666 0.2660 0.3912 0.3911
0.7651 0.9000 1.2570 0.7341 0.7352 3.8292 0.2568 0.2564 0.3805 0.3802
0.7629 0.8997 1.2545 0.7364 0.7385 3.7873 0.2605 0.2600 0.3849 0.3846
0.7608 0.9009 1.2651 0.7364 0.7375 3.7694 0.2656 0.2652 0.3904 0.3901
0.7617 0.9025 1.2437 0.7409 0.7433 3.7890 0.2622 0.2617 0.3874 0.3871
0.7551 0.9072 1.2610 0.7415 0.7437 3.8087 0.2551 0.2547 0.3796 0.3795
0.7633 0.8945 1.2596 0.7404 0.7431 3.7841 0.2588 0.2583 0.3836 0.3834
0.7633 0.8981 1.2502 0.7455 0.7469 3.8124 0.2535 0.2530 0.3783 0.3780
0.7597 0.8967 1.2312 0.7421 0.7442 3.8174 0.2551 0.2547 0.3797 0.3795
0.7584 0.9012 1.2508 0.7392 0.7430 3.8151 0.2578 0.2574 0.3823 0.3823
0.7507 0.9037 1.2306 0.7387 0.7403 3.7919 0.2619 0.2614 0.3867 0.3864
0.7414 0.9025 1.2403 0.7489 0.7509 3.7965 0.2599 0.2593 0.3858 0.3855
0.7511 0.8985 1.2249 0.7523 0.7551 3.7948 0.2568 0.2562 0.3829 0.3826
0.7530 0.8989 1.2297 0.7494 0.7521 3.8281 0.2558 0.2555 0.3814 0.3815
0.7422 0.9071 1.2437 0.7443 0.7458 3.7854 0.2585 0.2581 0.3837 0.3835
0.7543 0.8977 1.2374 0.7460 0.7479 3.7866 0.2615 0.2611 0.3873 0.3871
0.7346 0.9116 1.2184 0.7517 0.7548 3.8038 0.2619 0.2613 0.3884 0.3882
0.7360 0.9069 1.2332 0.7472 0.7513 3.7875 0.2636 0.2631 0.3897 0.3897
0.7445 0.9048 1.2139 0.7511 0.7531 3.8342 0.2555 0.2550 0.3813 0.3810
0.7298 0.9096 1.2178 0.7483 0.7518 3.8204 0.2551 0.2546 0.3805 0.3804
0.7460 0.9031 1.2108 0.7483 0.7496 3.8201 0.2565 0.2561 0.3820 0.3818
0.7296 0.9076 1.2044 0.7528 0.7546 3.8281 0.2575 0.2571 0.3837 0.3835
0.7311 0.9091 1.2082 0.7449 0.7462 3.8082 0.2588 0.2583 0.3842 0.3838
0.7258 0.9064 1.2029 0.7545 0.7557 3.7965 0.2612 0.2607 0.3881 0.3876
0.7325 0.9088 1.2112 0.7534 0.7538 3.8250 0.2599 0.2594 0.3864 0.3860
0.7228 0.9092 1.2008 0.7551 0.7554 3.8229 0.2565 0.2561 0.3829 0.3825
0.7191 0.9096 1.1969 0.7568 0.7572 3.8277 0.2555 0.2552 0.3820 0.3817
0.7229 0.9056 1.2014 0.7602 0.7613 3.8294 0.2565 0.2561 0.3836 0.3832
0.7115 0.9124 1.2023 0.7602 0.7623 3.8102 0.2639 0.2634 0.3918 0.3915
0.7173 0.9052 1.1847 0.7619 0.7621 3.8642 0.2578 0.2574 0.3853 0.3848
0.7185 0.9087 1.1852 0.7613 0.7624 3.8631 0.2585 0.2581 0.3860 0.3856
0.7183 0.9080 1.1875 0.7591 0.7606 3.8146 0.2568 0.2564 0.3838 0.3835
0.7219 0.9103 1.1866 0.7596 0.7605 3.8313 0.2582 0.2579 0.3854 0.3851
0.7052 0.9077 1.1701 0.7636 0.7639 3.8502 0.2508 0.2503 0.3775 0.3770
0.7260 0.9047 1.1779 0.7619 0.7622 3.8379 0.2545 0.2540 0.3815 0.3810
0.7188 0.9097 1.1617 0.7608 0.7632 3.8440 0.2535 0.2530 0.3802 0.3800
0.7050 0.9183 1.1676 0.7653 0.7668 3.8480 0.2555 0.2551 0.3831 0.3828
