5.5300 0.0283 7.9549 0.0000 0.0000 4.3177 0.0216 0.0217 0.0000 0.0000
4.7635 0.0665 6.5317 0.0000 0.0000 4.0834 0.1156 0.1168 0.0000 0.0000
4.2704 0.1727 6.4845 0.0000 0.0000 3.5408 0.2005 0.2003 0.0000 0.0000
3.7166 0.2803 6.2895 0.0000 0.0000 3.1501 0.2251 0.2238 0.0000 0.0000
3.2742 0.3717 5.9841 0.0000 0.0000 2.9933 0.2656 0.2657 0.0000 0.0000
2.9689 0.4280 5.5752 0.0000 0.0000 2.8580 0.3236 0.3231 0.0000 0.0000
2.7381 0.4757 5.2066 0.0028 0.0043 2.8455 0.3168 0.3152 0.0056 0.0085
2.5666 0.5091 4.9169 0.0062 0.0077 2.8708 0.3151 0.3149 0.0122 0.0151
2.4148 0.5371 4.7274 0.0159 0.0169 2.8485 0.3354 0.3345 0.0303 0.0322
2.2963 0.5621 4.4557 0.0266 0.0282 2.8553 0.3418 0.3404 0.0494 0.0521
2.1777 0.5721 4.3439 0.0437 0.0459 2.8558 0.3616 0.3606 0.0779 0.0814
2.0674 0.6152 4.1582 0.0612 0.0660 2.8963 0.3529 0.3519 0.1043 0.1111
1.9947 0.6135 3.9063 0.0850 0.0871 2.9761 0.3566 0.3563 0.1373 0.1400
1.9028 0.6437 3.8157 0.1083 0.1111 2.9505 0.3650 0.3639 0.1670 0.1702
1.8358 0.6615 3.6883 0.1298 0.1366 3.0104 0.3465 0.3457 0.1889 0.1959
1.7503 0.6739 3.5577 0.1468 0.1481 3.0583 0.3529 0.3522 0.2074 0.2085
1.7028 0.6817 3.4431 0.1655 0.1675 3.0599 0.3586 0.3574 0.2265 0.2281
1.6431 0.6961 3.3468 0.1876 0.1894 3.1074 0.3448 0.3441 0.2430 0.2443
1.5791 0.7141 3.2547 0.2075 0.2101 3.1517 0.3448 0.3442 0.2591 0.2609
1.5364 0.7209 3.0712 0.2290 0.2284 3.1965 0.3529 0.3525 0.2778 0.2772
1.5010 0.7311 3.0407 0.2409 0.2391 3.1716 0.3515 0.3510 0.2859 0.2844
1.4615 0.7367 2.9564 0.2421 0.2438 3.2249 0.3485 0.3475 0.2857 0.2865
1.4000 0.7449 2.8967 0.2625 0.2645 3.2348 0.3428 0.3420 0.2973 0.2983
1.3679 0.7533 2.8784 0.2761 0.2760 3.2197 0.3461 0.3451 0.3072 0.3067
1.3301 0.7585 2.7450 0.3033 0.3002 3.2840 0.3441 0.3436 0.3224 0.3204
1.2806 0.7765 2.7079 0.3146 0.3142 3.2937 0.3377 0.3368 0.3258 0.3251
1.2399 0.7813 2.6657 0.3316 0.3351 3.2623 0.3421 0.3414 0.3368 0.3382
1.2264 0.7813 2.5974 0.3288 0.3261 3.3247 0.3347 0.3339 0.3317 0.3300
1.1974 0.7880 2.5147 0.3696 0.3710 3.3131 0.3428 0.3418 0.3557 0.3558
1.1656 0.7961 2.4661 0.3702 0.3701 3.2831 0.3468 0.3458 0.3581 0.3575
1.1359 0.8085 2.3711 0.4042 0.4030 3.3715 0.3283 0.3273 0.3623 0.3612
1.1165 0.8039 2.3396 0.4031 0.4027 3.3703 0.3354 0.3345 0.3661 0.3654
1.0883 0.8163 2.3507 0.3895 0.3930 3.3683 0.3316 0.3310 0.3582 0.3593
1.0716 0.8125 2.3084 0.4201 0.4152 3.3711 0.3357 0.3348 0.3732 0.3707
1.0538 0.8208 2.2509 0.4212 0.4218 3.3722 0.3431 0.3423 0.3782 0.3779
1.0275 0.8283 2.1577 0.4478 0.4455 3.3750 0.3421 0.3416 0.3879 0.3867
0.9943 0.8361 2.1312 0.4626 0.4637 3.5305 0.3111 0.3101 0.3720 0.3716
0.9831 0.8357 2.0529 0.4728 0.4698 3.4960 0.3054 0.3044 0.3711 0.3694
0.9583 0.8432 2.0385 0.4875 0.4869 3.4977 0.3087 0.3080 0.3781 0.3774
0.9313 0.8501 1.9855 0.5017 0.5012 3.6501 0.3013 0.3008 0.3765 0.3759
0.9257 0.8524 1.9225 0.5119 0.5081 3.5857 0.3091 0.3082 0.3854 0.3837
0.8920 0.8637 1.9432 0.5136 0.5157 3.5759 0.3023 0.3016 0.3806 0.3806
0.8914 0.8593 1.8818 0.5198 0.5192 3.6037 0.3047 0.3037 0.3842 0.3832
0.8733 0.8655 1.8795 0.5210 0.5174 3.5740 0.3084 0.3076 0.3874 0.3858
0.8431 0.8705 1.8633 0.5232 0.5237 3.5899 0.3087 0.3082 0.3883 0.3881
0.8357 0.8689 1.8477 0.5346 0.5365 3.5778 0.3114 0.3104 0.3936 0.3933
0.8275 0.8711 1.7658 0.5686 0.5693 3.6673 0.3037 0.3034 0.3959 0.3959
0.8080 0.8787 1.7313 0.5669 0.5660 3.6427 0.3077 0.3073 0.3989 0.3983
0.7879 0.8840 1.6746 0.5862 0.5873 3.6461 0.2865 0.2857 0.3849 0.3844
0.7701 0.8861 1.6523 0.5947 0.5954 3.7158 0.2909 0.2902 0.3907 0.3903
0.7474 0.8952 1.6594 0.5924 0.5918 3.6759 0.3010 0.3002 0.3992 0.3984
0.7530 0.8925 1.6316 0.5896 0.5892 3.6793 0.2949 0.2944 0.3932 0.3926
0.7370 0.9000 1.6327 0.6043 0.6037 3.6879 0.2993 0.2987 0.4003 0.3996
0.7287 0.8997 1.6248 0.6037 0.6039 3.6771 0.2986 0.2979 0.3996 0.3990
0.7335 0.8999 1.6194 0.6083 0.6072 3.6962 0.2973 0.2966 0.3994 0.3985
0.7331 0.8969 1.5953 0.6077 0.6063 3.6805 0.2963 0.2955 0.3983 0.3974
0.7324 0.9056 1.5933 0.6060 0.6066 3.6918 0.2986 0.2979 0.4001 0.3996
0.7372 0.9011 1.5856 0.6117 0.6129 3.7267 0.2966 0.2959 0.3995 0.3991
0.7285 0.9013 1.5796 0.6077 0.6086 3.6892 0.2966 0.2959 0.3986 0.3982
0.7323 0.8975 1.5890 0.6094 0.6101 3.7431 0.2926 0.2919 0.3953 0.3948
0.7302 0.9012 1.5701 0.6071 0.6061 3.6940 0.2979 0.2973 0.3997 0.3989
0.7315 0.8957 1.5812 0.6060 0.6059 3.6877 0.2979 0.2973 0.3995 0.3989
0.7156 0.9047 1.5741 0.6117 0.6111 3.7197 0.2915 0.2909 0.3949 0.3942
0.7026 0.9087 1.5869 0.6083 0.6079 3.7014 0.2932 0.2926 0.3957 0.3951
0.7122 0.9085 1.5873 0.6122 0.6112 3.7340 0.2932 0.2925 0.3965 0.3956
0.7145 0.9033 1.5767 0.6122 0.6111 3.7116 0.2899 0.2892 0.3934 0.3926
0.7080 0.9095 1.5626 0.6111 0.6115 3.7074 0.2952 0.2946 0.3981 0.3977
0.7246 0.9007 1.5657 0.6202 0.6214 3.7335 0.2912 0.2906 0.3963 0.3961
0.7187 0.9015 1.5518 0.6207 0.6223 3.7351 0.2926 0.2918 0.3977 0.3973
0.7082 0.9073 1.5570 0.6196 0.6203 3.7018 0.2952 0.2944 0.3999 0.3993
0.7074 0.9051 1.5578 0.6196 0.6198 3.7170 0.2929 0.2923 0.3978 0.3972
0.7053 0.9045 1.5557 0.6207 0.6200 3.7451 0.2899 0.2892 0.3952 0.3944
0.7191 0.9048 1.5414 0.6185 0.6193 3.7412 0.2892 0.2884 0.3941 0.3936
0.7122 0.9037 1.5273 0.6293 0.6300 3.7634 0.2895 0.2888 0.3966 0.3960
0.6988 0.9063 1.5358 0.6230 0.6234 3.7135 0.2932 0.2926 0.3988 0.3983
0.7080 0.9035 1.5306 0.6310 0.6305 3.7466 0.2905 0.2898 0.3979 0.3971
0.7033 0.9053 1.5193 0.6270 0.6257 3.7523 0.2929 0.2923 0.3993 0.3984
0.6907 0.9076 1.5229 0.6224 0.6221 3.7336 0.2932 0.2925 0.3987 0.3979
0.7029 0.9048 1.5325 0.6276 0.6285 3.7290 0.2973 0.2966 0.4034 0.4030
0.7095 0.9032 1.5087 0.6327 0.6346 3.7597 0.2912 0.2906 0.3988 0.3986
0.7061 0.9063 1.5297 0.6287 0.6305 3.7413 0.2926 0.2920 0.3993 0.3991
0.6917 0.9088 1.5146 0.6304 0.6312 3.7469 0.2946 0.2941 0.4015 0.4012
0.6902 0.9044 1.5194 0.6298 0.6317 3.7420 0.2932 0.2926 0.4002 0.4000
0.7025 0.9059 1.5211 0.6355 0.6365 3.7895 0.2865 0.2858 0.3949 0.3945
0.6952 0.9088 1.5065 0.6383 0.6393 3.7587 0.2885 0.2879 0.3974 0.3970
0.6902 0.9079 1.5199 0.6366 0.6366 3.7533 0.2885 0.2879 0.3971 0.3965
0.6816 0.9088 1.5088 0.6389 0.6389 3.7489 0.2902 0.2896 0.3991 0.3985
0.6908 0.9088 1.4883 0.6355 0.6362 3.7719 0.2912 0.2906 0.3994 0.3990
0.6827 0.9068 1.4894 0.6361 0.6382 3.7906 0.2899 0.2893 0.3982 0.3981
0.6837 0.9144 1.4728 0.6383 0.6388 3.7843 0.2858 0.2853 0.3948 0.3945
0.6723 0.9153 1.5069 0.6423 0.6434 3.7902 0.2902 0.2895 0.3998 0.3993
0.6763 0.9160 1.4993 0.6344 0.6356 3.7605 0.2936 0.2929 0.4014 0.4010
0.6673 0.9151 1.4844 0.6400 0.6402 3.7931 0.2905 0.2899 0.3996 0.3991
0.6796 0.9127 1.4753 0.6446 0.6455 3.7723 0.2855 0.2849 0.3957 0.3953
0.6685 0.9160 1.4701 0.6463 0.6473 3.8031 0.2895 0.2889 0.3999 0.3995
0.6742 0.9091 1.4697 0.6514 0.6515 3.8062 0.2865 0.2859 0.3979 0.3974
0.6738 0.9111 1.4918 0.6480 0.6469 3.7933 0.2858 0.2853 0.3967 0.3959
0.6734 0.9121 1.4726 0.6434 0.6437 3.7896 0.2875 0.2869 0.3974 0.3969
0.6732 0.9133 1.4614 0.6531 0.6535 3.8263 0.2818 0.2812 0.3937 0.3932
0.6712 0.9147 1.4564 0.6497 0.6498 3.8307 0.2824 0.2818 0.3937 0.3931
