5.4377 0.0299 8.8872 0.0000 0.0000 4.3774 0.0677 0.0672 0.0000 0.0000
4.5150 0.0844 7.1252 0.0000 0.0000 3.9901 0.1287 0.1283 0.0000 0.0000
3.9433 0.1967 7.3061 0.0000 0.0000 3.4117 0.1813 0.1812 0.0000 0.0000
3.3686 0.3193 7.3410 0.0000 0.0000 3.0285 0.2400 0.2412 0.0000 0.0000
2.9071 0.4447 7.0896 0.0000 0.0000 2.8423 0.2720 0.2706 0.0000 0.0000
2.6032 0.5111 6.7918 0.0000 0.0000 2.7747 0.3111 0.3101 0.0000 0.0000
2.3724 0.5649 6.4276 0.0000 0.0000 2.7587 0.3178 0.3160 0.0000 0.0000
2.2180 0.5945 6.1531 0.0006 0.0010 2.7099 0.3424 0.3415 0.0011 0.0019
2.0769 0.6163 5.9163 0.0000 0.0000 2.6980 0.3512 0.3507 0.0000 0.0000
1.9769 0.6331 5.6953 0.0017 0.0016 2.7392 0.3546 0.3541 0.0034 0.0032
1.8667 0.6557 5.5362 0.0057 0.0048 2.7291 0.3657 0.3647 0.0112 0.0095
1.7843 0.6799 5.1792 0.0147 0.0144 2.8437 0.3485 0.3471 0.0283 0.0276
1.6873 0.6961 5.0822 0.0210 0.0199 2.8137 0.3593 0.3583 0.0396 0.0377
1.6161 0.7189 5.0462 0.0278 0.0275 2.8767 0.3680 0.3670 0.0517 0.0511
1.5611 0.7249 5.0045 0.0266 0.0258 2.8223 0.3866 0.3857 0.0499 0.0483
1.5078 0.7393 4.7761 0.0323 0.0334 2.8877 0.3829 0.3818 0.0596 0.0615
1.4570 0.7489 4.6096 0.0357 0.0340 2.8977 0.3873 0.3860 0.0654 0.0625
1.4001 0.7645 4.4973 0.0516 0.0504 2.9699 0.3751 0.3741 0.0907 0.0889
1.3578 0.7712 4.3823 0.0567 0.0554 3.0148 0.3792 0.3784 0.0986 0.0967
1.3098 0.7753 4.3334 0.0567 0.0554 2.9763 0.3893 0.3880 0.0990 0.0970
1.2730 0.7897 4.1513 0.0731 0.0737 2.9932 0.3876 0.3864 0.1230 0.1238
1.2264 0.7933 3.9972 0.0947 0.0950 3.0474 0.3889 0.3875 0.1523 0.1526
1.2020 0.8035 3.9869 0.1026 0.0986 3.0467 0.3819 0.3804 0.1618 0.1566
1.1710 0.8076 3.8497 0.1049 0.1032 3.0642 0.3977 0.3965 0.1660 0.1637
1.1252 0.8228 3.7448 0.1298 0.1289 3.0840 0.3819 0.3808 0.1938 0.1926
1.1121 0.8175 3.6963 0.1304 0.1301 3.0304 0.3960 0.3949 0.1962 0.1957
1.0607 0.8261 3.6641 0.1446 0.1366 3.0595 0.3964 0.3949 0.2119 0.2030
1.0589 0.8376 3.5254 0.1610 0.1592 3.1680 0.3768 0.3760 0.2256 0.2237
1.0073 0.8435 3.4122 0.1633 0.1662 3.1870 0.3809 0.3801 0.2286 0.2312
0.9936 0.8411 3.3369 0.1939 0.1943 3.2194 0.3775 0.3764 0.2562 0.2563
0.9700 0.8496 3.3515 0.1820 0.1817 3.1879 0.3842 0.3831 0.2470 0.2465
0.9492 0.8479 3.2415 0.2024 0.2012 3.2429 0.3755 0.3743 0.2630 0.2617
0.9178 0.8588 3.1820 0.2149 0.2096 3.2544 0.3792 0.3782 0.2743 0.2697
0.9006 0.8623 3.0906 0.2160 0.2139 3.2333 0.3829 0.3816 0.2762 0.2741
0.8714 0.8709 3.1715 0.2217 0.2222 3.2543 0.3778 0.3765 0.2794 0.2795
0.8572 0.8740 3.0721 0.2415 0.2407 3.3180 0.3805 0.3792 0.2955 0.2944
0.8324 0.8793 2.9079 0.2653 0.2645 3.3916 0.3633 0.3622 0.3067 0.3057
0.8192 0.8819 2.8938 0.2732 0.2733 3.3906 0.3616 0.3607 0.3113 0.3110
0.7994 0.8861 2.8720 0.2772 0.2768 3.3807 0.3620 0.3611 0.3140 0.3134
0.7804 0.8900 2.8638 0.2772 0.2751 3.4192 0.3694 0.3685 0.3167 0.3150
0.7636 0.8963 2.8006 0.2954 0.2908 3.4101 0.3640 0.3630 0.3261 0.3229
0.7570 0.8951 2.6458 0.3067 0.3024 3.4666 0.3633 0.3624 0.3326 0.3297
0.7295 0.9029 2.6490 0.3322 0.3288 3.5530 0.3448 0.3438 0.3384 0.3361
0.7257 0.8999 2.6327 0.3322 0.3292 3.5773 0.3576 0.3569 0.3444 0.3425
0.7210 0.9027 2.6392 0.3129 0.3136 3.4791 0.3549 0.3539 0.3326 0.3326
0.6874 0.9101 2.6121 0.3299 0.3320 3.5536 0.3475 0.3466 0.3385 0.3391
0.6875 0.9075 2.4578 0.3503 0.3477 3.6501 0.3330 0.3323 0.3414 0.3398
0.6740 0.9109 2.4705 0.3549 0.3532 3.5694 0.3532 0.3524 0.3540 0.3528
0.6670 0.9155 2.4559 0.3605 0.3590 3.5622 0.3536 0.3526 0.3570 0.3558
0.6619 0.9129 2.3718 0.3798 0.3791 3.6479 0.3330 0.3323 0.3549 0.3542
0.6316 0.9228 2.3544 0.3827 0.3807 3.5855 0.3411 0.3401 0.3607 0.3593
0.6336 0.9235 2.3394 0.3810 0.3785 3.6039 0.3438 0.3430 0.3614 0.3599
0.6235 0.9240 2.3435 0.3798 0.3778 3.5659 0.3488 0.3478 0.3637 0.3622
0.6203 0.9261 2.3027 0.3917 0.3897 3.5966 0.3451 0.3443 0.3670 0.3656
0.6140 0.9263 2.3188 0.3923 0.3885 3.5795 0.3414 0.3405 0.3651 0.3630
0.6227 0.9229 2.2658 0.4002 0.3980 3.6320 0.3391 0.3382 0.3671 0.3657
0.6201 0.9279 2.2985 0.3895 0.3879 3.5904 0.3445 0.3436 0.3656 0.3644
0.6208 0.9255 2.2732 0.3906 0.3882 3.5984 0.3418 0.3409 0.3645 0.3630
0.6089 0.9251 2.2907 0.3940 0.3944 3.5833 0.3448 0.3437 0.3678 0.3673
0.6170 0.9273 2.2711 0.3946 0.3958 3.6125 0.3418 0.3407 0.3663 0.3662
0.6106 0.9264 2.2892 0.3946 0.3939 3.5763 0.3468 0.3459 0.3691 0.3684
0.6187 0.9257 2.2603 0.4070 0.4056 3.6070 0.3438 0.3430 0.3727 0.3717
0.6186 0.9215 2.2398 0.4048 0.4028 3.6108 0.3424 0.3416 0.3710 0.3697
0.6041 0.9287 2.2518 0.4019 0.4006 3.6042 0.3468 0.3459 0.3723 0.3712
0.6071 0.9279 2.2385 0.4042 0.4027 3.6005 0.3421 0.3411 0.3706 0.3694
0.6118 0.9251 2.2469 0.4059 0.4039 3.6127 0.3424 0.3415 0.3715 0.3701
0.6031 0.9281 2.2230 0.4133 0.4117 3.6267 0.3445 0.3436 0.3757 0.3746
0.5974 0.9273 2.2496 0.4110 0.4102 3.6083 0.3482 0.3474 0.3770 0.3762
0.5962 0.9288 2.2384 0.4070 0.4073 3.6000 0.3424 0.3415 0.3719 0.3715
0.6006 0.9275 2.2128 0.4116 0.4110 3.6348 0.3411 0.3403 0.3730 0.3723
0.6155 0.9240 2.1958 0.4082 0.4068 3.6435 0.3411 0.3401 0.3716 0.3705
0.5941 0.9317 2.2074 0.4127 0.4119 3.6167 0.3381 0.3371 0.3717 0.3708
0.5914 0.9311 2.2087 0.4116 0.4098 3.6392 0.3407 0.3400 0.3728 0.3717
0.5984 0.9309 2.2056 0.4087 0.4053 3.6263 0.3428 0.3420 0.3729 0.3710
0.5978 0.9297 2.2045 0.4065 0.4036 3.6260 0.3428 0.3418 0.3719 0.3701
0.5830 0.9339 2.2093 0.4065 0.4062 3.6221 0.3418 0.3407 0.3713 0.3706
0.5922 0.9296 2.1945 0.4144 0.4141 3.6331 0.3434 0.3424 0.3756 0.3749
0.5864 0.9300 2.1762 0.4206 0.4203 3.6441 0.3434 0.3423 0.3781 0.3773
0.5895 0.9297 2.1826 0.4218 0.4212 3.6541 0.3387 0.3379 0.3757 0.3750
0.5870 0.9303 2.2120 0.4127 0.4117 3.6362 0.3451 0.3442 0.3759 0.3749
0.5826 0.9345 2.1804 0.4144 0.4143 3.6520 0.3391 0.3383 0.3730 0.3725
0.5793 0.9335 2.1803 0.4195 0.4199 3.6479 0.3391 0.3382 0.3750 0.3747
0.5850 0.9308 2.1646 0.4235 0.4230 3.6810 0.3320 0.3311 0.3722 0.3715
0.5822 0.9351 2.1830 0.4286 0.4279 3.6402 0.3381 0.3371 0.3780 0.3771
0.5886 0.9268 2.1608 0.4246 0.4241 3.6561 0.3404 0.3394 0.3779 0.3771
0.5760 0.9332 2.1393 0.4286 0.4289 3.6695 0.3381 0.3370 0.3780 0.3775
0.5737 0.9344 2.1588 0.4246 0.4253 3.6673 0.3397 0.3387 0.3775 0.3771
0.5735 0.9324 2.1635 0.4263 0.4269 3.6722 0.3418 0.3410 0.3794 0.3791
0.5732 0.9353 2.1838 0.4223 0.4231 3.6662 0.3384 0.3374 0.3757 0.3754
0.5793 0.9331 2.1521 0.4235 0.4236 3.6657 0.3387 0.3377 0.3764 0.3758
0.5746 0.9355 2.1415 0.4201 0.4189 3.6767 0.3404 0.3396 0.3761 0.3751
0.5758 0.9335 2.1355 0.4291 0.4290 3.6801 0.3411 0.3401 0.3801 0.3794
0.5705 0.9339 2.1271 0.4280 0.4288 3.6853 0.3370 0.3361 0.3771 0.3769
0.5756 0.9357 2.1157 0.4308 0.4315 3.7005 0.3340 0.3332 0.3763 0.3760
0.5815 0.9336 2.1475 0.4280 0.4291 3.6659 0.3370 0.3361 0.3771 0.3769
0.5611 0.9380 2.1379 0.4246 0.4266 3.6842 0.3374 0.3365 0.3760 0.3763
0.5675 0.9357 2.1342 0.4257 0.4287 3.6822 0.3418 0.3411 0.3792 0.3799
0.5630 0.9373 2.1092 0.4359 0.4383 3.6906 0.3394 0.3385 0.3817 0.3820
0.5592 0.9349 2.1042 0.4365 0.4387 3.7158 0.3367 0.3359 0.3802 0.3805
0.5738 0.9317 2.1153 0.4348 0.4355 3.7080 0.3404 0.3396 0.3819 0.3816
