5.6946 0.0229 6.7221 0.0000 0.0000 4.4727 0.0371 0.0373 0.0000 0.0000
5.1248 0.0497 5.9665 0.0000 0.0000 4.3237 0.0627 0.0623 0.0000 0.0000
4.7307 0.1199 5.6613 0.0000 0.0000 3.8144 0.2016 0.2028 0.0000 0.0000
4.2185 0.2017 5.2490 0.0000 0.0000 3.4525 0.2164 0.2174 0.0000 0.0000
3.7505 0.2756 4.7601 0.0023 0.0019 3.2513 0.2656 0.2659 0.0045 0.0038
3.3880 0.3223 4.3569 0.0249 0.0256 3.2088 0.2855 0.2847 0.0459 0.0470
3.1089 0.3719 4.0055 0.0686 0.0655 3.1870 0.3017 0.3006 0.1118 0.1076
2.8942 0.4051 3.7606 0.1020 0.1025 3.1653 0.3114 0.3105 0.1537 0.1542
2.7215 0.4461 3.5266 0.1519 0.1541 3.1741 0.3384 0.3381 0.2097 0.2117
2.5820 0.4827 3.2652 0.2132 0.2113 3.1520 0.3296 0.3293 0.2589 0.2574
2.4416 0.5148 3.1401 0.2319 0.2360 3.1496 0.3300 0.3295 0.2723 0.2751
2.3188 0.5337 2.9512 0.2755 0.2776 3.2194 0.3131 0.3131 0.2931 0.2943
2.2004 0.5744 2.8172 0.3067 0.3085 3.2590 0.3064 0.3054 0.3065 0.3069
2.1066 0.5829 2.7422 0.3288 0.3260 3.2483 0.3114 0.3102 0.3199 0.3179
2.0344 0.6060 2.6003 0.3679 0.3695 3.2847 0.3296 0.3290 0.3477 0.3481
1.9521 0.6295 2.5284 0.4002 0.4050 3.2997 0.3131 0.3133 0.3513 0.3533
1.8822 0.6383 2.4842 0.3997 0.4007 3.2728 0.3121 0.3120 0.3505 0.3508
1.8100 0.6545 2.3692 0.4240 0.4231 3.2639 0.3084 0.3080 0.3571 0.3565
1.7524 0.6733 2.3342 0.4354 0.4369 3.2616 0.3067 0.3061 0.3599 0.3600
1.7034 0.6875 2.2346 0.4688 0.4711 3.3600 0.2932 0.2926 0.3608 0.3610
1.6635 0.6941 2.1235 0.5051 0.5026 3.3551 0.2952 0.2954 0.3727 0.3721
1.6209 0.6989 2.0781 0.4932 0.4950 3.3334 0.3010 0.3003 0.3738 0.3738
1.5582 0.7153 2.0546 0.5062 0.5106 3.3109 0.2845 0.2838 0.3642 0.3648
1.5194 0.7243 1.9809 0.5295 0.5318 3.3397 0.2895 0.2890 0.3743 0.3745
1.4692 0.7405 1.9427 0.5567 0.5555 3.4062 0.2848 0.2841 0.3768 0.3760
1.4464 0.7449 1.8824 0.5771 0.5749 3.4701 0.2703 0.2704 0.3682 0.3678
1.4035 0.7547 1.8416 0.5697 0.5727 3.3982 0.2730 0.2724 0.3691 0.3692
1.3651 0.7629 1.8073 0.5896 0.5891 3.3602 0.2922 0.2923 0.3908 0.3907
1.3341 0.7676 1.7421 0.6049 0.6075 3.4586 0.2696 0.2691 0.3730 0.3730
1.2969 0.7789 1.7140 0.6264 0.6282 3.4651 0.2609 0.2608 0.3683 0.3686
1.2906 0.7827 1.6493 0.6378 0.6427 3.5334 0.2568 0.2559 0.3662 0.3660
1.2634 0.7845 1.6289 0.6429 0.6446 3.4789 0.2669 0.2667 0.3772 0.3773
1.2244 0.8003 1.5962 0.6491 0.6502 3.4968 0.2669 0.2659 0.3783 0.3774
1.1826 0.8073 1.5628 0.6616 0.6633 3.4963 0.2646 0.2642 0.3780 0.3779
1.1809 0.8068 1.5364 0.6627 0.6665 3.4961 0.2602 0.2600 0.3737 0.3741
1.1342 0.8216 1.4914 0.6848 0.6838 3.5211 0.2541 0.2535 0.3707 0.3699
1.1050 0.8285 1.4703 0.6995 0.6995 3.5270 0.2609 0.2600 0.3800 0.3791
1.0894 0.8277 1.4236 0.7018 0.7032 3.5713 0.2501 0.2496 0.3688 0.3684
1.0647 0.8407 1.4145 0.6944 0.6979 3.5606 0.2518 0.2507 0.3696 0.3689
1.0474 0.8392 1.3877 0.7143 0.7147 3.5522 0.2575 0.2570 0.3785 0.3780
1.0159 0.8456 1.3548 0.7296 0.7341 3.5993 0.2565 0.2562 0.3795 0.3799
1.0076 0.8500 1.3334 0.7211 0.7202 3.5188 0.2595 0.2593 0.3817 0.3813
0.9726 0.8564 1.2893 0.7477 0.7525 3.5498 0.2585 0.2577 0.3842 0.3840
0.9532 0.8696 1.2834 0.7472 0.7494 3.5452 0.2541 0.2537 0.3793 0.3790
0.9402 0.8609 1.2563 0.7574 0.7586 3.5687 0.2602 0.2592 0.3873 0.3864
0.9232 0.8747 1.2495 0.7489 0.7541 3.6044 0.2454 0.2446 0.3696 0.3693
0.9002 0.8752 1.1939 0.7670 0.7684 3.6688 0.2511 0.2502 0.3783 0.3775
0.8895 0.8731 1.1998 0.7693 0.7713 3.6172 0.2538 0.2531 0.3817 0.3811
0.8707 0.8775 1.1426 0.7897 0.7928 3.7666 0.2262 0.2257 0.3516 0.3514
0.8529 0.8855 1.1233 0.7880 0.7924 3.7411 0.2329 0.2328 0.3595 0.3599
0.8483 0.8868 1.1168 0.7954 0.7996 3.7315 0.2299 0.2296 0.3566 0.3568
0.8259 0.8965 1.1169 0.7988 0.8024 3.7052 0.2356 0.2351 0.3639 0.3637
0.8220 0.9011 1.0989 0.8044 0.8073 3.7108 0.2363 0.2358 0.3653 0.3649
0.8125 0.8997 1.0843 0.8073 0.8129 3.6997 0.2380 0.2374 0.3676 0.3675
0.8155 0.9017 1.0767 0.8073 0.8112 3.7462 0.2302 0.2299 0.3582 0.3582
0.8089 0.9011 1.0683 0.8084 0.8115 3.7453 0.2305 0.2300 0.3588 0.3584
0.8069 0.9012 1.0720 0.8112 0.8142 3.7101 0.2349 0.2344 0.3643 0.3639
0.8085 0.9015 1.0859 0.8112 0.8143 3.7560 0.2292 0.2288 0.3574 0.3572
0.7891 0.9059 1.0779 0.8112 0.8153 3.7209 0.2359 0.2353 0.3655 0.3651
0.8031 0.9053 1.0682 0.8146 0.8184 3.7546 0.2305 0.2300 0.3594 0.3591
0.8099 0.9001 1.0760 0.8118 0.8156 3.7703 0.2292 0.2288 0.3575 0.3573
0.8053 0.9036 1.0658 0.8107 0.8140 3.7489 0.2299 0.2293 0.3582 0.3578
0.7988 0.9015 1.0482 0.8197 0.8233 3.7517 0.2349 0.2344 0.3652 0.3648
0.8026 0.9005 1.0582 0.8163 0.8211 3.7501 0.2342 0.2338 0.3640 0.3640
0.7883 0.9060 1.0519 0.8175 0.8225 3.7614 0.2326 0.2321 0.3621 0.3620
0.7914 0.9052 1.0644 0.8169 0.8221 3.7153 0.2403 0.2397 0.3714 0.3712
0.7846 0.9068 1.0582 0.8135 0.8184 3.7484 0.2366 0.2362 0.3666 0.3666
0.7883 0.9104 1.0520 0.8175 0.8223 3.7507 0.2336 0.2332 0.3633 0.3633
0.7791 0.9064 1.0507 0.8180 0.8221 3.7374 0.2349 0.2344 0.3650 0.3648
0.7811 0.9128 1.0484 0.8163 0.8199 3.7584 0.2376 0.2372 0.3681 0.3679
0.7726 0.9093 1.0409 0.8129 0.8164 3.7541 0.2336 0.2333 0.3629 0.3629
0.7801 0.9107 1.0526 0.8186 0.8223 3.7590 0.2376 0.2372 0.3683 0.3682
0.7733 0.9103 1.0527 0.8209 0.8251 3.7598 0.2349 0.2346 0.3653 0.3653
0.7744 0.9099 1.0323 0.8237 0.8278 3.7770 0.2339 0.2335 0.3643 0.3642
0.7748 0.9108 1.0267 0.8237 0.8284 3.7462 0.2363 0.2357 0.3672 0.3670
0.7656 0.9145 1.0375 0.8260 0.8306 3.7704 0.2346 0.2340 0.3654 0.3651
0.7737 0.9061 1.0327 0.8231 0.8280 3.7714 0.2339 0.2333 0.3643 0.3640
0.7732 0.9103 1.0217 0.8243 0.8280 3.7539 0.2342 0.2337 0.3648 0.3645
0.7787 0.9100 1.0187 0.8282 0.8337 3.7928 0.2322 0.2317 0.3627 0.3627
0.7672 0.9113 1.0216 0.8277 0.8325 3.7766 0.2336 0.2330 0.3643 0.3641
0.7657 0.9096 1.0225 0.8282 0.8317 3.7959 0.2302 0.2297 0.3603 0.3600
0.7483 0.9192 1.0289 0.8277 0.8305 3.7633 0.2336 0.2330 0.3643 0.3639
0.7499 0.9169 1.0171 0.8271 0.8308 3.7783 0.2299 0.2293 0.3597 0.3594
0.7692 0.9105 1.0116 0.8305 0.8337 3.7699 0.2359 0.2354 0.3675 0.3671
0.7546 0.9135 1.0104 0.8350 0.8390 3.7904 0.2315 0.2311 0.3626 0.3624
0.7556 0.9156 1.0065 0.8345 0.8386 3.7756 0.2336 0.2330 0.3650 0.3647
0.7476 0.9157 1.0074 0.8333 0.8368 3.7863 0.2349 0.2345 0.3665 0.3663
0.7494 0.9168 0.9985 0.8350 0.8376 3.7923 0.2329 0.2324 0.3642 0.3639
0.7464 0.9152 1.0012 0.8362 0.8412 3.7817 0.2329 0.2323 0.3643 0.3641
0.7513 0.9148 1.0031 0.8311 0.8368 3.7617 0.2356 0.2349 0.3671 0.3668
0.7440 0.9187 0.9958 0.8322 0.8364 3.8056 0.2336 0.2328 0.3648 0.3642
0.7430 0.9155 0.9972 0.8333 0.8363 3.8092 0.2295 0.2289 0.3599 0.3594
0.7423 0.9156 0.9849 0.8356 0.8392 3.7917 0.2302 0.2298 0.3610 0.3608
0.7367 0.9165 0.9861 0.8396 0.8419 3.8056 0.2302 0.2298 0.3613 0.3611
0.7409 0.9141 0.9845 0.8367 0.8410 3.8067 0.2305 0.2300 0.3615 0.3612
0.7348 0.9165 0.9842 0.8367 0.8409 3.8109 0.2315 0.2311 0.3627 0.3625
0.7345 0.9171 0.9819 0.8345 0.8399 3.8013 0.2315 0.2310 0.3625 0.3623
0.7292 0.9200 0.9895 0.8390 0.8437 3.8194 0.2295 0.2292 0.3604 0.3605
0.7275 0.9184 0.9684 0.8401 0.8446 3.8390 0.2248 0.2244 0.3547 0.3546
0.7326 0.9200 0.9668 0.8424 0.8466 3.8260 0.2302 0.2296 0.3616 0.3612
