5.7858 0.0133 5.2983 0.0130 0.0155 6.8766 0.0000 0.0000 0.0000 0.0000
5.2718 0.0331 4.9866 0.0539 0.0556 6.0019 0.0000 0.0000 0.0000 0.0000
4.8795 0.0919 4.4646 0.1491 0.1532 6.1411 0.0000 0.0000 0.0000 0.0000
4.3865 0.1875 3.9361 0.2347 0.2424 5.8126 0.0000 0.0000 0.0000 0.0000
3.8540 0.2608 3.4008 0.3390 0.3538 5.6004 0.0000 0.0000 0.0000 0.0000
3.3504 0.3847 2.9977 0.4694 0.4792 5.3583 0.0000 0.0000 0.0000 0.0000
3.0160 0.4624 2.7103 0.5164 0.5243 5.1582 0.0000 0.0000 0.0000 0.0000
2.7528 0.5024 2.4659 0.5918 0.5981 4.9661 0.0003 0.0003 0.0007 0.0007
2.5472 0.5433 2.3052 0.6128 0.6197 4.9259 0.0000 0.0000 0.0000 0.0000
2.3727 0.5805 2.1318 0.6627 0.6643 4.7867 0.0013 0.0014 0.0027 0.0027
2.2315 0.6049 2.0223 0.6752 0.6805 4.7529 0.0081 0.0080 0.0160 0.0159
2.0928 0.6287 1.8869 0.6944 0.6980 4.7384 0.0000 0.0000 0.0000 0.0000
1.9905 0.6543 1.8074 0.7143 0.7204 4.6631 0.0047 0.0047 0.0094 0.0093
1.8911 0.6689 1.7123 0.7347 0.7397 4.5728 0.0142 0.0140 0.0278 0.0275
1.8003 0.6947 1.6163 0.7562 0.7602 4.5953 0.0148 0.0147 0.0291 0.0289
1.7364 0.6977 1.5635 0.7619 0.7640 4.5190 0.0084 0.0084 0.0167 0.0166
1.6734 0.7157 1.5112 0.7880 0.7931 4.5294 0.0162 0.0160 0.0317 0.0314
1.6292 0.7176 1.4526 0.7863 0.7889 4.4985 0.0074 0.0074 0.0147 0.0146
1.5744 0.7260 1.4023 0.7920 0.7962 4.4317 0.0162 0.0160 0.0317 0.0315
1.4993 0.7432 1.3671 0.8073 0.8108 4.4113 0.0138 0.0137 0.0272 0.0269
1.4781 0.7464 1.3059 0.8260 0.8267 4.4821 0.0152 0.0150 0.0298 0.0295
1.4059 0.7669 1.2599 0.8322 0.8360 4.4126 0.0199 0.0197 0.0388 0.0385
1.4010 0.7619 1.2299 0.8384 0.8426 4.3307 0.0121 0.0120 0.0239 0.0237
1.3210 0.7848 1.1844 0.8486 0.8549 4.3359 0.0212 0.0210 0.0414 0.0410
1.2978 0.7904 1.1488 0.8588 0.8636 4.2920 0.0199 0.0197 0.0389 0.0385
1.2488 0.7993 1.1088 0.8673 0.8692 4.3571 0.0088 0.0087 0.0174 0.0172
1.2353 0.8008 1.0772 0.8668 0.8701 4.3686 0.0209 0.0207 0.0408 0.0404
1.1900 0.8103 1.0399 0.8798 0.8837 4.2811 0.0179 0.0177 0.0350 0.0347
1.1552 0.8179 1.0262 0.8810 0.8844 4.2373 0.0256 0.0254 0.0498 0.0494
1.1159 0.8281 0.9980 0.8815 0.8851 4.2443 0.0195 0.0195 0.0382 0.0381
1.1064 0.8244 0.9601 0.8980 0.9013 4.2446 0.0175 0.0174 0.0344 0.0341
1.0642 0.8424 0.9275 0.9048 0.9081 4.3071 0.0297 0.0294 0.0574 0.0570
1.0484 0.8424 0.9067 0.9127 0.9161 4.2988 0.0219 0.0217 0.0428 0.0424
1.0308 0.8457 0.8822 0.9127 0.9165 4.2025 0.0270 0.0267 0.0524 0.0520
0.9907 0.8575 0.8504 0.9167 0.9178 4.3059 0.0317 0.0316 0.0612 0.0611
0.9720 0.8617 0.8450 0.9286 0.9313 4.2566 0.0260 0.0258 0.0505 0.0502
0.9473 0.8673 0.8229 0.9269 0.9271 4.2298 0.0273 0.0272 0.0530 0.0528
0.9323 0.8664 0.8009 0.9354 0.9379 4.1862 0.0367 0.0365 0.0707 0.0704
0.9089 0.8716 0.7643 0.9388 0.9397 4.2347 0.0297 0.0294 0.0575 0.0571
0.8944 0.8781 0.7564 0.9427 0.9454 4.1363 0.0280 0.0278 0.0543 0.0539
0.8637 0.8849 0.7340 0.9461 0.9475 4.1438 0.0324 0.0322 0.0626 0.0622
0.8350 0.8947 0.7137 0.9473 0.9489 4.1475 0.0344 0.0341 0.0663 0.0659
0.8317 0.8933 0.6925 0.9563 0.9577 4.2244 0.0418 0.0416 0.0801 0.0797
0.8049 0.8980 0.6864 0.9490 0.9509 4.2058 0.0344 0.0341 0.0664 0.0658
0.7915 0.9056 0.6672 0.9569 0.9584 4.2136 0.0367 0.0366 0.0708 0.0705
0.7755 0.9061 0.6532 0.9586 0.9606 4.1630 0.0401 0.0398 0.0770 0.0765
0.7525 0.9131 0.6329 0.9649 0.9656 4.2199 0.0468 0.0465 0.0894 0.0886
0.7375 0.9203 0.6161 0.9649 0.9664 4.1778 0.0384 0.0381 0.0739 0.0734
0.7205 0.9243 0.6089 0.9688 0.9702 4.1757 0.0492 0.0490 0.0937 0.0933
0.7091 0.9233 0.5941 0.9700 0.9705 4.1555 0.0468 0.0466 0.0894 0.0889
0.7012 0.9255 0.5815 0.9728 0.9743 4.1148 0.0492 0.0489 0.0937 0.0932
0.6913 0.9280 0.5742 0.9751 0.9756 4.1049 0.0489 0.0486 0.0931 0.0926
0.6801 0.9367 0.5725 0.9768 0.9772 4.1018 0.0495 0.0493 0.0943 0.0938
0.6765 0.9340 0.5761 0.9790 0.9792 4.0969 0.0506 0.0502 0.0961 0.0956
0.6807 0.9373 0.5745 0.9773 0.9772 4.0755 0.0499 0.0496 0.0949 0.0944
0.6680 0.9387 0.5663 0.9768 0.9770 4.1039 0.0512 0.0509 0.0974 0.0967
0.6743 0.9311 0.5661 0.9779 0.9787 4.0938 0.0533 0.0529 0.1010 0.1004
0.6691 0.9367 0.5645 0.9762 0.9762 4.0843 0.0543 0.0539 0.1028 0.1021
0.6679 0.9360 0.5613 0.9768 0.9765 4.0843 0.0546 0.0543 0.1034 0.1028
0.6607 0.9397 0.5639 0.9773 0.9772 4.0752 0.0516 0.0513 0.0980 0.0974
0.6664 0.9387 0.5636 0.9762 0.9768 4.0710 0.0512 0.0509 0.0974 0.0968
0.6679 0.9331 0.5614 0.9779 0.9788 4.0741 0.0519 0.0516 0.0986 0.0980
0.6673 0.9389 0.5548 0.9773 0.9782 4.0723 0.0468 0.0466 0.0894 0.0889
0.6519 0.9397 0.5604 0.9785 0.9789 4.0755 0.0485 0.0482 0.0925 0.0919
0.6646 0.9385 0.5556 0.9796 0.9801 4.0981 0.0475 0.0472 0.0906 0.0901
0.6599 0.9387 0.5560 0.9802 0.9810 4.1111 0.0458 0.0456 0.0876 0.0871
0.6531 0.9404 0.5553 0.9790 0.9800 4.0951 0.0489 0.0486 0.0931 0.0926
0.6543 0.9420 0.5510 0.9796 0.9809 4.0878 0.0502 0.0499 0.0955 0.0950
0.6513 0.9371 0.5508 0.9807 0.9819 4.0957 0.0533 0.0529 0.1010 0.1004
0.6440 0.9439 0.5491 0.9807 0.9813 4.0908 0.0506 0.0502 0.0962 0.0956
0.6442 0.9475 0.5483 0.9807 0.9811 4.0842 0.0516 0.0512 0.0980 0.0974
0.6488 0.9428 0.5448 0.9785 0.9789 4.0757 0.0526 0.0522 0.0998 0.0992
0.6467 0.9415 0.5382 0.9807 0.9812 4.0894 0.0519 0.0516 0.0986 0.0980
0.6455 0.9387 0.5423 0.9802 0.9808 4.0829 0.0533 0.0529 0.1010 0.1004
0.6546 0.9376 0.5421 0.9819 0.9824 4.0877 0.0533 0.0529 0.1010 0.1005
0.6412 0.9445 0.5395 0.9819 0.9825 4.0824 0.0533 0.0529 0.1010 0.1004
0.6443 0.9409 0.5405 0.9819 0.9821 4.0863 0.0539 0.0536 0.1022 0.1017
0.6430 0.9436 0.5404 0.9836 0.9845 4.0811 0.0539 0.0536 0.1022 0.1017
0.6370 0.9445 0.5365 0.9836 0.9838 4.0977 0.0553 0.0549 0.1047 0.1041
0.6323 0.9440 0.5335 0.9841 0.9851 4.0722 0.0539 0.0536 0.1023 0.1017
0.6352 0.9464 0.5375 0.9841 0.9848 4.0752 0.0516 0.0513 0.0980 0.0975
0.6352 0.9447 0.5330 0.9836 0.9839 4.0704 0.0536 0.0533 0.1016 0.1011
0.6279 0.9448 0.5347 0.9807 0.9813 4.0764 0.0502 0.0500 0.0955 0.0951
0.6313 0.9463 0.5311 0.9841 0.9848 4.0844 0.0509 0.0506 0.0968 0.0963
0.6232 0.9447 0.5300 0.9830 0.9842 4.0917 0.0526 0.0523 0.0998 0.0993
0.6289 0.9428 0.5244 0.9836 0.9844 4.1018 0.0509 0.0506 0.0968 0.0962
0.6297 0.9457 0.5262 0.9824 0.9835 4.0911 0.0526 0.0522 0.0998 0.0992
0.6251 0.9427 0.5272 0.9830 0.9837 4.1031 0.0536 0.0533 0.1016 0.1010
0.6230 0.9471 0.5258 0.9836 0.9841 4.0709 0.0549 0.0546 0.1041 0.1035
0.6152 0.9467 0.5214 0.9847 0.9859 4.0673 0.0556 0.0553 0.1053 0.1046
0.6167 0.9507 0.5188 0.9841 0.9851 4.0764 0.0556 0.0553 0.1053 0.1047
0.6092 0.9519 0.5203 0.9836 0.9847 4.0633 0.0536 0.0533 0.1016 0.1011
0.6175 0.9471 0.5158 0.9853 0.9861 4.0837 0.0549 0.0546 0.1041 0.1035
0.6182 0.9500 0.5163 0.9847 0.9855 4.0952 0.0563 0.0560 0.1065 0.1059
0.6110 0.9477 0.5171 0.9858 0.9868 4.0957 0.0563 0.0559 0.1065 0.1058
0.6092 0.9483 0.5118 0.9858 0.9863 4.0853 0.0573 0.0570 0.1083 0.1077
0.6044 0.9495 0.5128 0.9847 0.9857 4.0792 0.0553 0.0549 0.1047 0.1041
0.6128 0.9505 0.5122 0.9858 0.9872 4.0798 0.0556 0.0553 0.1053 0.1048
0.6103 0.9483 0.5080 0.9892 0.9902 4.0861 0.0519 0.0515 0.0986 0.0980
0.6080 0.9497 0.5062 0.9875 0.9885 4.0946 0.0522 0.0519 0.0992 0.0986
