5.8233 0.0139 5.9456 0.0000 0.0000 4.9294 0.0297 0.0294 0.0000 0.0000
5.3285 0.0335 5.3858 0.0000 0.0000 4.7988 0.0873 0.0873 0.0000 0.0000
4.9327 0.0531 5.0401 0.0011 0.0008 4.2797 0.1753 0.1751 0.0023 0.0017
4.4579 0.1173 4.5616 0.0255 0.0251 3.9368 0.1982 0.1969 0.0452 0.0445
3.9749 0.1949 4.0839 0.0726 0.0735 3.7546 0.2686 0.2673 0.1143 0.1153
3.5583 0.2696 3.6657 0.1672 0.1716 3.6740 0.2487 0.2475 0.2000 0.2027
3.2592 0.3281 3.3171 0.2710 0.2725 3.6631 0.2464 0.2458 0.2581 0.2585
2.9911 0.4119 3.0858 0.3214 0.3270 3.6018 0.2292 0.2286 0.2676 0.2691
2.7821 0.4621 2.8384 0.3781 0.3816 3.5874 0.2380 0.2372 0.2921 0.2925
2.5999 0.4996 2.6641 0.4348 0.4337 3.5946 0.2069 0.2062 0.2804 0.2795
2.4642 0.5267 2.5251 0.4558 0.4634 3.5375 0.2319 0.2311 0.3074 0.3084
2.3349 0.5649 2.3871 0.5028 0.5034 3.5765 0.2194 0.2191 0.3055 0.3053
2.2369 0.5748 2.2584 0.5255 0.5257 3.5407 0.2198 0.2187 0.3099 0.3089
2.1363 0.6137 2.1865 0.5510 0.5527 3.5260 0.2059 0.2048 0.2998 0.2989
2.0391 0.6431 2.1059 0.5675 0.5705 3.5780 0.2076 0.2076 0.3040 0.3045
1.9613 0.6479 2.0135 0.6049 0.6015 3.5134 0.2083 0.2073 0.3099 0.3083
1.8930 0.6659 1.9421 0.6179 0.6199 3.5711 0.1958 0.1955 0.2974 0.2972
1.8322 0.6813 1.8878 0.6321 0.6341 3.5854 0.1820 0.1820 0.2826 0.2829
1.7743 0.6863 1.8064 0.6587 0.6585 3.5829 0.1820 0.1815 0.2852 0.2846
1.7066 0.7001 1.7553 0.6684 0.6708 3.5418 0.1951 0.1943 0.3021 0.3013
1.6543 0.7235 1.7016 0.6718 0.6726 3.5483 0.1911 0.1902 0.2976 0.2965
1.6162 0.7217 1.6308 0.7103 0.7151 3.6195 0.1844 0.1838 0.2927 0.2924
1.5781 0.7399 1.6014 0.7069 0.7067 3.6032 0.1884 0.1883 0.2975 0.2974
1.5271 0.7444 1.5646 0.7262 0.7280 3.5980 0.1887 0.1880 0.2996 0.2988
1.4827 0.7641 1.5370 0.7285 0.7332 3.6471 0.1705 0.1702 0.2764 0.2763
1.4527 0.7695 1.4884 0.7290 0.7313 3.5585 0.2016 0.2011 0.3158 0.3154
1.4016 0.7807 1.4264 0.7387 0.7435 3.6064 0.1776 0.1775 0.2864 0.2866
1.3812 0.7805 1.4174 0.7562 0.7585 3.5641 0.1901 0.1894 0.3038 0.3032
1.3237 0.8036 1.3727 0.7698 0.7736 3.5666 0.1891 0.1888 0.3036 0.3036
1.3150 0.7959 1.3145 0.7766 0.7801 3.6523 0.1807 0.1805 0.2931 0.2932
1.2812 0.8056 1.3242 0.7647 0.7676 3.5626 0.2144 0.2139 0.3349 0.3345
1.2535 0.8165 1.2692 0.7863 0.7889 3.6718 0.1874 0.1871 0.3027 0.3024
1.2079 0.8264 1.2403 0.7954 0.7968 3.6645 0.1884 0.1882 0.3046 0.3045
1.1707 0.8307 1.2305 0.7942 0.7966 3.6392 0.1925 0.1920 0.3098 0.3094
1.1475 0.8383 1.1871 0.7988 0.8038 3.6194 0.2029 0.2024 0.3236 0.3234
1.1144 0.8463 1.1590 0.8124 0.8177 3.7344 0.1780 0.1777 0.2920 0.2919
1.1245 0.8352 1.1328 0.8197 0.8220 3.7690 0.1823 0.1816 0.2983 0.2975
1.0997 0.8392 1.1129 0.8220 0.8254 3.6775 0.1844 0.1843 0.3012 0.3013
1.0870 0.8401 1.0785 0.8260 0.8282 3.6415 0.1975 0.1971 0.3188 0.3185
1.0333 0.8617 1.0804 0.8328 0.8371 3.7887 0.1749 0.1744 0.2891 0.2887
1.0046 0.8684 1.0397 0.8379 0.8402 3.6760 0.2086 0.2083 0.3341 0.3339
1.0118 0.8680 1.0153 0.8435 0.8451 3.7445 0.1928 0.1919 0.3138 0.3127
0.9812 0.8731 0.9836 0.8469 0.8504 3.7276 0.1850 0.1845 0.3037 0.3032
0.9585 0.8819 0.9674 0.8645 0.8698 3.7600 0.1847 0.1843 0.3044 0.3041
0.9437 0.8793 0.9448 0.8702 0.8713 3.8072 0.1813 0.1806 0.3001 0.2992
0.9159 0.8835 0.9407 0.8571 0.8603 3.8284 0.1958 0.1954 0.3188 0.3185
0.9096 0.8851 0.8885 0.8861 0.8871 3.8434 0.1678 0.1671 0.2822 0.2812
0.8875 0.8945 0.8852 0.8759 0.8777 3.8104 0.1810 0.1803 0.3000 0.2991
0.8605 0.9068 0.8891 0.8736 0.8779 3.7654 0.1989 0.1988 0.3240 0.3242
0.8535 0.8980 0.8534 0.8895 0.8937 3.8039 0.1867 0.1861 0.3086 0.3081
0.8315 0.9101 0.8471 0.8968 0.8999 3.8194 0.1817 0.1810 0.3021 0.3014
0.8191 0.9213 0.8265 0.8991 0.9025 3.7850 0.1867 0.1862 0.3092 0.3087
0.8041 0.9273 0.8204 0.9014 0.9034 3.7976 0.1850 0.1846 0.3070 0.3065
0.7955 0.9237 0.8229 0.9008 0.9032 3.7935 0.1884 0.1878 0.3116 0.3110
0.8069 0.9220 0.8104 0.9014 0.9032 3.7972 0.1844 0.1838 0.3061 0.3055
0.7951 0.9248 0.8114 0.9014 0.9042 3.8005 0.1820 0.1815 0.3029 0.3023
0.7949 0.9256 0.8125 0.9014 0.9039 3.7950 0.1887 0.1881 0.3121 0.3113
0.7932 0.9269 0.8081 0.9025 0.9048 3.8060 0.1904 0.1898 0.3145 0.3137
0.7856 0.9345 0.8114 0.9025 0.9045 3.7974 0.1871 0.1864 0.3099 0.3091
0.7849 0.9275 0.8122 0.8997 0.9018 3.8121 0.1867 0.1861 0.3093 0.3086
0.7831 0.9269 0.8169 0.9014 0.9042 3.7960 0.1898 0.1892 0.3135 0.3129
0.7893 0.9291 0.8103 0.9008 0.9038 3.7946 0.1887 0.1882 0.3121 0.3115
0.7916 0.9241 0.8037 0.9059 0.9086 3.8077 0.1874 0.1869 0.3105 0.3100
0.7830 0.9271 0.7933 0.9059 0.9087 3.8108 0.1877 0.1871 0.3110 0.3104
0.7881 0.9267 0.8000 0.9059 0.9084 3.8208 0.1857 0.1852 0.3082 0.3077
0.7859 0.9249 0.7907 0.9076 0.9095 3.8005 0.1911 0.1906 0.3157 0.3151
0.7702 0.9345 0.7937 0.9059 0.9082 3.8236 0.1877 0.1871 0.3110 0.3103
0.7889 0.9217 0.7884 0.9082 0.9112 3.8078 0.1837 0.1831 0.3056 0.3049
0.7716 0.9295 0.7929 0.9014 0.9038 3.7926 0.1894 0.1888 0.3130 0.3124
0.7739 0.9291 0.7877 0.9025 0.9046 3.8127 0.1860 0.1854 0.3085 0.3077
0.7700 0.9319 0.7797 0.9059 0.9078 3.8112 0.1827 0.1821 0.3040 0.3033
0.7682 0.9327 0.7836 0.9059 0.9078 3.8287 0.1810 0.1804 0.3017 0.3010
0.7678 0.9328 0.7784 0.9076 0.9092 3.8103 0.1837 0.1831 0.3055 0.3048
0.7658 0.9308 0.7744 0.9082 0.9101 3.8415 0.1823 0.1818 0.3037 0.3031
0.7597 0.9345 0.7768 0.9093 0.9106 3.8308 0.1871 0.1866 0.3103 0.3097
0.7651 0.9328 0.7662 0.9093 0.9116 3.8261 0.1847 0.1842 0.3070 0.3064
0.7655 0.9328 0.7761 0.9065 0.9086 3.8379 0.1854 0.1847 0.3078 0.3070
0.7581 0.9367 0.7749 0.9104 0.9126 3.8249 0.1830 0.1825 0.3048 0.3041
0.7518 0.9381 0.7716 0.9127 0.9157 3.8241 0.1840 0.1836 0.3063 0.3058
0.7502 0.9359 0.7698 0.9093 0.9119 3.8363 0.1884 0.1879 0.3121 0.3116
0.7588 0.9341 0.7697 0.9104 0.9135 3.8498 0.1837 0.1832 0.3057 0.3052
0.7533 0.9367 0.7700 0.9093 0.9129 3.8128 0.1860 0.1855 0.3089 0.3083
0.7535 0.9300 0.7663 0.9104 0.9126 3.8453 0.1793 0.1788 0.2996 0.2990
0.7505 0.9337 0.7682 0.9070 0.9095 3.8554 0.1820 0.1815 0.3032 0.3026
0.7492 0.9341 0.7604 0.9116 0.9132 3.8532 0.1810 0.1804 0.3020 0.3013
0.7466 0.9307 0.7624 0.9144 0.9173 3.8751 0.1766 0.1761 0.2960 0.2955
0.7438 0.9389 0.7558 0.9121 0.9152 3.8742 0.1786 0.1780 0.2988 0.2981
0.7413 0.9396 0.7605 0.9144 0.9174 3.8572 0.1830 0.1825 0.3050 0.3044
0.7409 0.9384 0.7540 0.9155 0.9181 3.8589 0.1796 0.1791 0.3004 0.2997
0.7392 0.9385 0.7472 0.9127 0.9157 3.8667 0.1786 0.1781 0.2988 0.2983
0.7319 0.9391 0.7453 0.9167 0.9198 3.8544 0.1813 0.1809 0.3028 0.3023
0.7274 0.9431 0.7520 0.9138 0.9155 3.8480 0.1837 0.1832 0.3059 0.3053
0.7377 0.9377 0.7344 0.9150 0.9161 3.8614 0.1786 0.1781 0.2989 0.2983
0.7324 0.9391 0.7490 0.9161 0.9176 3.8735 0.1810 0.1804 0.3023 0.3016
0.7338 0.9391 0.7349 0.9189 0.9204 3.8668 0.1780 0.1775 0.2982 0.2975
0.7253 0.9417 0.7375 0.9189 0.9213 3.8607 0.1817 0.1811 0.3034 0.3027
0.7274 0.9423 0.7408 0.9195 0.9214 3.8933 0.1796 0.1791 0.3006 0.2999
0.7256 0.9389 0.7362 0.9167 0.9187 3.8823 0.1820 0.1815 0.3037 0.3031
0.7125 0.9445 0.7368 0.9167 0.9190 3.8559 0.1877 0.1872 0.3116 0.3110
0.7185 0.9437 0.7325 0.9218 0.9233 3.8665 0.1844 0.1838 0.3073 0.3066
