5.7641 0.0181 6.2666 0.0000 0.0000 4.6553 0.0266 0.0263 0.0000 0.0000
5.2190 0.0437 5.5849 0.0000 0.0000 4.4707 0.1328 0.1354 0.0000 0.0000
4.7849 0.0997 5.2968 0.0000 0.0000 3.9980 0.1925 0.1917 0.0000 0.0000
4.3258 0.1712 4.8357 0.0028 0.0048 3.6713 0.2238 0.2269 0.0056 0.0093
3.8639 0.2248 4.3638 0.0346 0.0349 3.5374 0.2464 0.2476 0.0606 0.0612
3.4812 0.2860 3.9313 0.0952 0.0933 3.4392 0.2669 0.2670 0.1404 0.1383
3.1868 0.3463 3.5896 0.1616 0.1620 3.4254 0.3070 0.3062 0.2117 0.2119
2.9526 0.4004 3.3230 0.2098 0.2101 3.3805 0.2713 0.2720 0.2366 0.2371
2.7671 0.4477 3.1386 0.2506 0.2520 3.3569 0.2909 0.2914 0.2692 0.2702
2.5978 0.4801 2.9488 0.2942 0.2924 3.3793 0.2959 0.2953 0.2951 0.2939
2.4562 0.5123 2.7669 0.3622 0.3610 3.3834 0.2939 0.2939 0.3245 0.3240
2.3268 0.5477 2.6240 0.3985 0.4013 3.4129 0.2939 0.2934 0.3383 0.3389
2.2320 0.5763 2.5076 0.4167 0.4231 3.4414 0.2642 0.2640 0.3234 0.3251
2.1359 0.5848 2.3986 0.4427 0.4423 3.4331 0.2642 0.2635 0.3310 0.3303
2.0408 0.6156 2.3244 0.4847 0.4853 3.4400 0.2740 0.2740 0.3501 0.3503
1.9734 0.6325 2.2059 0.5057 0.5070 3.4659 0.2440 0.2437 0.3292 0.3292
1.8952 0.6483 2.1477 0.5300 0.5332 3.5537 0.2514 0.2509 0.3411 0.3412
1.8335 0.6639 2.0985 0.5289 0.5291 3.4035 0.2673 0.2667 0.3551 0.3546
1.7792 0.6771 2.0159 0.5550 0.5589 3.4311 0.2497 0.2490 0.3445 0.3445
1.7143 0.6883 1.9445 0.5743 0.5725 3.4302 0.2676 0.2672 0.3651 0.3643
1.6771 0.6993 1.8930 0.5845 0.5891 3.4615 0.2481 0.2472 0.3483 0.3483
1.6440 0.7092 1.8690 0.5913 0.5936 3.4277 0.2508 0.2497 0.3522 0.3515
1.5724 0.7269 1.7871 0.6276 0.6270 3.4546 0.2494 0.2489 0.3570 0.3563
1.5278 0.7352 1.7370 0.6355 0.6387 3.5340 0.2393 0.2379 0.3477 0.3467
1.4899 0.7453 1.6697 0.6587 0.6580 3.5346 0.2346 0.2344 0.3460 0.3457
1.4494 0.7595 1.6786 0.6417 0.6450 3.4391 0.2575 0.2571 0.3675 0.3676
1.4251 0.7663 1.6023 0.6803 0.6803 3.5707 0.2285 0.2281 0.3421 0.3417
1.3844 0.7743 1.5562 0.6871 0.6925 3.5052 0.2386 0.2377 0.3542 0.3539
1.3401 0.7859 1.5259 0.6978 0.6950 3.5984 0.2353 0.2343 0.3519 0.3505
1.3164 0.7820 1.4957 0.6973 0.6979 3.5849 0.2332 0.2325 0.3495 0.3488
1.2784 0.7957 1.4730 0.7041 0.7080 3.5334 0.2373 0.2365 0.3549 0.3546
1.2567 0.8032 1.4623 0.7080 0.7117 3.6254 0.2251 0.2249 0.3416 0.3418
1.2304 0.8088 1.3992 0.7313 0.7333 3.5774 0.2390 0.2382 0.3602 0.3596
1.1835 0.8168 1.3729 0.7449 0.7478 3.6681 0.2171 0.2160 0.3362 0.3352
1.1821 0.8161 1.3496 0.7392 0.7440 3.6131 0.2285 0.2273 0.3491 0.3482
1.1503 0.8237 1.3266 0.7421 0.7428 3.5896 0.2386 0.2384 0.3611 0.3609
1.1270 0.8305 1.2958 0.7568 0.7606 3.6095 0.2194 0.2186 0.3402 0.3396
1.1022 0.8380 1.2699 0.7602 0.7605 3.6330 0.2251 0.2240 0.3474 0.3461
1.0858 0.8387 1.2135 0.7812 0.7824 3.6421 0.2248 0.2241 0.3491 0.3484
1.0507 0.8476 1.1927 0.7937 0.7947 3.7252 0.2063 0.2056 0.3274 0.3267
1.0324 0.8508 1.1697 0.7834 0.7882 3.6987 0.2181 0.2174 0.3412 0.3409
1.0152 0.8568 1.1584 0.7948 0.7945 3.7657 0.2167 0.2160 0.3406 0.3397
0.9958 0.8597 1.1111 0.8061 0.8083 3.7297 0.2221 0.2211 0.3483 0.3473
0.9516 0.8719 1.1246 0.8016 0.8057 3.6886 0.2241 0.2233 0.3503 0.3496
0.9413 0.8699 1.0841 0.8061 0.8095 3.7777 0.2224 0.2221 0.3487 0.3485
0.9211 0.8732 1.0539 0.8214 0.8242 3.8286 0.2046 0.2039 0.3276 0.3270
0.9116 0.8816 1.0339 0.8254 0.8274 3.8244 0.2002 0.1993 0.3222 0.3212
0.8853 0.8873 1.0159 0.8350 0.8370 3.7815 0.2120 0.2116 0.3381 0.3377
0.8614 0.8947 0.9865 0.8390 0.8425 3.8596 0.2066 0.2063 0.3316 0.3314
0.8486 0.8945 0.9761 0.8413 0.8437 3.8595 0.2036 0.2027 0.3278 0.3269
0.8330 0.9049 0.9531 0.8469 0.8490 3.8213 0.2107 0.2098 0.3374 0.3365
0.8377 0.8991 0.9361 0.8543 0.8557 3.8458 0.2100 0.2093 0.3371 0.3364
0.8288 0.9035 0.9422 0.8549 0.8561 3.8209 0.2096 0.2089 0.3367 0.3359
0.8292 0.9085 0.9412 0.8560 0.8584 3.8271 0.2093 0.2085 0.3364 0.3356
0.8132 0.9093 0.9384 0.8577 0.8609 3.8234 0.2117 0.2109 0.3395 0.3388
0.8141 0.9111 0.9382 0.8594 0.8615 3.8100 0.2154 0.2145 0.3444 0.3435
0.8046 0.9123 0.9365 0.8611 0.8636 3.8317 0.2100 0.2092 0.3376 0.3368
0.8019 0.9125 0.9358 0.8605 0.8625 3.8354 0.2076 0.2069 0.3345 0.3338
0.8099 0.9105 0.9252 0.8605 0.8623 3.8075 0.2127 0.2120 0.3411 0.3403
0.7950 0.9191 0.9160 0.8583 0.8609 3.8196 0.2083 0.2077 0.3352 0.3346
0.8088 0.9089 0.9206 0.8611 0.8635 3.8069 0.2096 0.2090 0.3372 0.3366
0.8050 0.9124 0.9209 0.8617 0.8625 3.8480 0.2093 0.2088 0.3368 0.3362
0.7932 0.9171 0.9255 0.8611 0.8632 3.8081 0.2107 0.2101 0.3385 0.3379
0.7949 0.9128 0.9306 0.8605 0.8634 3.8092 0.2137 0.2129 0.3424 0.3416
0.8010 0.9109 0.9175 0.8645 0.8666 3.8161 0.2117 0.2110 0.3401 0.3394
0.7985 0.9149 0.9153 0.8656 0.8680 3.8306 0.2086 0.2080 0.3362 0.3356
0.7890 0.9196 0.9080 0.8639 0.8677 3.7917 0.2113 0.2106 0.3396 0.3389
0.7897 0.9153 0.9134 0.8651 0.8669 3.8376 0.2063 0.2056 0.3331 0.3324
0.7892 0.9140 0.9001 0.8679 0.8716 3.8655 0.2012 0.2005 0.3267 0.3261
0.7917 0.9163 0.9064 0.8662 0.8695 3.8222 0.2093 0.2086 0.3371 0.3364
0.7840 0.9179 0.9045 0.8656 0.8690 3.8259 0.2080 0.2073 0.3353 0.3348
0.7837 0.9152 0.9120 0.8702 0.8737 3.8297 0.2103 0.2098 0.3388 0.3384
0.7781 0.9181 0.8988 0.8690 0.8719 3.8293 0.2113 0.2106 0.3400 0.3393
0.7744 0.9168 0.8958 0.8713 0.8737 3.8325 0.2066 0.2058 0.3340 0.3332
0.7739 0.9240 0.8950 0.8713 0.8751 3.8739 0.2076 0.2070 0.3353 0.3348
0.7671 0.9224 0.9028 0.8713 0.8757 3.8388 0.2096 0.2091 0.3380 0.3376
0.7836 0.9173 0.8920 0.8719 0.8751 3.8547 0.2063 0.2056 0.3336 0.3330
0.7815 0.9204 0.8839 0.8736 0.8769 3.8487 0.2073 0.2067 0.3351 0.3345
0.7741 0.9196 0.8768 0.8747 0.8772 3.8315 0.2076 0.2068 0.3356 0.3347
0.7586 0.9221 0.8905 0.8753 0.8781 3.8558 0.2100 0.2094 0.3387 0.3381
0.7667 0.9239 0.8773 0.8741 0.8768 3.8290 0.2123 0.2119 0.3417 0.3414
0.7727 0.9221 0.8787 0.8713 0.8727 3.8651 0.2113 0.2108 0.3402 0.3396
0.7556 0.9256 0.8789 0.8673 0.8703 3.8239 0.2160 0.2154 0.3459 0.3454
0.7532 0.9260 0.8775 0.8747 0.8780 3.8624 0.2093 0.2088 0.3378 0.3373
0.7502 0.9297 0.8814 0.8713 0.8746 3.8357 0.2127 0.2121 0.3419 0.3414
0.7572 0.9245 0.8593 0.8798 0.8827 3.8661 0.2086 0.2081 0.3373 0.3368
0.7545 0.9220 0.8654 0.8793 0.8821 3.8529 0.2093 0.2087 0.3381 0.3376
0.7492 0.9273 0.8655 0.8736 0.8767 3.8627 0.2137 0.2131 0.3434 0.3429
0.7453 0.9289 0.8518 0.8793 0.8836 3.8644 0.2107 0.2099 0.3399 0.3392
0.7507 0.9276 0.8621 0.8781 0.8822 3.8787 0.2090 0.2082 0.3376 0.3369
0.7451 0.9265 0.8561 0.8798 0.8846 3.8677 0.2056 0.2049 0.3333 0.3328
0.7390 0.9329 0.8667 0.8793 0.8826 3.8531 0.2117 0.2111 0.3412 0.3407
0.7391 0.9297 0.8450 0.8855 0.8884 3.8790 0.2059 0.2054 0.3342 0.3337
0.7393 0.9308 0.8531 0.8838 0.8876 3.8850 0.2036 0.2030 0.3309 0.3305
0.7419 0.9300 0.8517 0.8821 0.8838 3.8896 0.2073 0.2066 0.3357 0.3349
0.7231 0.9363 0.8584 0.8798 0.8828 3.8915 0.2123 0.2117 0.3421 0.3415
0.7350 0.9292 0.8618 0.8793 0.8833 3.8681 0.2080 0.2074 0.3364 0.3359
0.7429 0.9244 0.8389 0.8844 0.8870 3.8861 0.2107 0.2101 0.3403 0.3397
0.7338 0.9305 0.8453 0.8849 0.8881 3.9023 0.2053 0.2047 0.3332 0.3327
0.7288 0.9307 0.8465 0.8832 0.8865 3.8824 0.2083 0.2077 0.3371 0.3365
