5.6478 0.0264 7.2087 0.0000 0.0000 4.4049 0.0404 0.0401 0.0000 0.0000
4.9553 0.0721 6.2235 0.0000 0.0000 4.1189 0.1072 0.1077 0.0000 0.0000
4.4600 0.1619 5.9484 0.0000 0.0000 3.6293 0.1999 0.1993 0.0000 0.0000
3.9593 0.2471 5.5928 0.0000 0.0000 3.2596 0.2275 0.2276 0.0000 0.0000
3.5154 0.3365 5.2186 0.0000 0.0000 3.0932 0.2423 0.2445 0.0000 0.0000
3.1910 0.3875 4.8504 0.0040 0.0038 3.0481 0.2828 0.2813 0.0078 0.0076
2.9582 0.4145 4.5017 0.0181 0.0175 3.0397 0.2899 0.2891 0.0341 0.0330
2.7607 0.4709 4.1904 0.0397 0.0408 3.0691 0.2963 0.2962 0.0700 0.0718
2.6057 0.5041 3.9641 0.0731 0.0741 3.0282 0.3320 0.3316 0.1199 0.1212
2.4612 0.5308 3.7908 0.1066 0.1052 3.0466 0.3387 0.3375 0.1621 0.1604
2.3282 0.5433 3.6476 0.1219 0.1230 3.0304 0.3414 0.3408 0.1796 0.1808
2.2205 0.5611 3.4500 0.1661 0.1635 3.0500 0.3448 0.3439 0.2242 0.2216
2.1317 0.5863 3.2965 0.1984 0.1995 3.1228 0.3323 0.3314 0.2485 0.2491
2.0480 0.5977 3.1733 0.2336 0.2339 3.1439 0.3455 0.3450 0.2787 0.2788
1.9636 0.6217 3.0839 0.2449 0.2451 3.1632 0.3472 0.3464 0.2872 0.2871
1.9065 0.6292 2.9491 0.2630 0.2699 3.1360 0.3438 0.3435 0.2980 0.3023
1.8193 0.6517 2.8508 0.2948 0.2985 3.1611 0.3414 0.3410 0.3164 0.3183
1.7599 0.6683 2.7993 0.3061 0.3066 3.1718 0.3421 0.3416 0.3231 0.3231
1.6970 0.6815 2.6760 0.3322 0.3314 3.1912 0.3381 0.3376 0.3351 0.3345
1.6514 0.6923 2.5604 0.3634 0.3630 3.2684 0.3303 0.3296 0.3461 0.3455
1.5924 0.6995 2.5553 0.3730 0.3725 3.2370 0.3239 0.3231 0.3467 0.3461
1.5311 0.7176 2.4181 0.3883 0.3871 3.3553 0.3033 0.3031 0.3406 0.3400
1.5052 0.7224 2.3427 0.4093 0.4069 3.3875 0.3081 0.3077 0.3515 0.3504
1.4660 0.7289 2.3085 0.4201 0.4191 3.3833 0.3077 0.3072 0.3552 0.3545
1.4349 0.7396 2.2443 0.4422 0.4441 3.3723 0.3064 0.3058 0.3620 0.3622
1.3882 0.7464 2.1744 0.4666 0.4608 3.4417 0.3047 0.3044 0.3686 0.3666
1.3749 0.7547 2.1366 0.4790 0.4812 3.3316 0.3168 0.3157 0.3814 0.3813
1.3220 0.7648 2.1587 0.4660 0.4662 3.3397 0.3067 0.3063 0.3699 0.3697
1.2851 0.7707 2.0484 0.4932 0.4927 3.4523 0.2936 0.2929 0.3681 0.3674
1.2500 0.7827 2.0156 0.5011 0.5014 3.4433 0.3074 0.3069 0.3810 0.3807
1.2250 0.7840 1.9628 0.5244 0.5251 3.4930 0.2814 0.2807 0.3663 0.3658
1.1832 0.7969 1.9020 0.5420 0.5441 3.4595 0.2993 0.2989 0.3856 0.3859
1.1542 0.8005 1.8748 0.5550 0.5512 3.5947 0.2791 0.2787 0.3714 0.3702
1.1476 0.8016 1.8335 0.5697 0.5690 3.5430 0.2865 0.2863 0.3813 0.3810
1.1225 0.8091 1.7732 0.5873 0.5895 3.5813 0.2774 0.2768 0.3768 0.3768
1.0843 0.8185 1.7514 0.5924 0.5925 3.6718 0.2666 0.2664 0.3677 0.3675
1.0773 0.8228 1.7474 0.5845 0.5870 3.6159 0.2757 0.2749 0.3747 0.3745
1.0598 0.8289 1.6954 0.5969 0.5991 3.6080 0.2875 0.2867 0.3881 0.3878
1.0405 0.8335 1.6675 0.6071 0.6049 3.6020 0.2757 0.2752 0.3792 0.3783
1.0193 0.8331 1.6074 0.6366 0.6363 3.6361 0.2676 0.2669 0.3768 0.3761
0.9986 0.8361 1.5865 0.6344 0.6398 3.6406 0.2703 0.2699 0.3791 0.3797
0.9708 0.8483 1.5696 0.6361 0.6334 3.6214 0.2814 0.2806 0.3902 0.3889
0.9425 0.8540 1.5154 0.6485 0.6496 3.6809 0.2760 0.2760 0.3872 0.3874
0.9292 0.8601 1.5148 0.6644 0.6680 3.6925 0.2690 0.2684 0.3829 0.3829
0.9118 0.8656 1.4686 0.6650 0.6663 3.7714 0.2676 0.2670 0.3816 0.3812
0.9043 0.8631 1.4128 0.6814 0.6855 3.6900 0.2703 0.2698 0.3871 0.3872
0.8774 0.8704 1.4249 0.6814 0.6827 3.7272 0.2626 0.2617 0.3791 0.3783
0.8515 0.8756 1.4595 0.6695 0.6776 3.6672 0.2851 0.2848 0.3999 0.4010
0.8436 0.8813 1.3731 0.6995 0.7005 3.7861 0.2676 0.2671 0.3871 0.3867
0.8326 0.8799 1.3150 0.7086 0.7086 3.7905 0.2642 0.2638 0.3849 0.3845
0.8090 0.8889 1.3215 0.7188 0.7208 3.7885 0.2676 0.2672 0.3900 0.3899
0.8109 0.8855 1.3063 0.7228 0.7240 3.7457 0.2713 0.2709 0.3945 0.3942
0.8002 0.8865 1.3026 0.7245 0.7274 3.7790 0.2656 0.2650 0.3887 0.3885
0.8006 0.8927 1.2874 0.7296 0.7331 3.7909 0.2582 0.2577 0.3814 0.3814
0.7948 0.8963 1.2926 0.7296 0.7319 3.7825 0.2609 0.2605 0.3843 0.3842
0.7809 0.8972 1.2865 0.7341 0.7376 3.7984 0.2592 0.2587 0.3831 0.3831
0.7916 0.8885 1.2807 0.7336 0.7368 3.7834 0.2599 0.2594 0.3838 0.3837
0.7899 0.8932 1.2802 0.7358 0.7385 3.7718 0.2636 0.2631 0.3881 0.3880
0.7913 0.8925 1.2591 0.7398 0.7421 3.8038 0.2588 0.2583 0.3835 0.3832
0.7886 0.8951 1.2669 0.7364 0.7383 3.8097 0.2595 0.2591 0.3838 0.3836
0.7794 0.8957 1.2768 0.7313 0.7324 3.7820 0.2629 0.2624 0.3868 0.3864
0.7789 0.8929 1.2545 0.7375 0.7394 3.8089 0.2605 0.2601 0.3850 0.3849
0.7748 0.8979 1.2476 0.7353 0.7372 3.8010 0.2622 0.2619 0.3866 0.3865
0.7723 0.8996 1.2479 0.7387 0.7400 3.7849 0.2636 0.2631 0.3885 0.3882
0.7761 0.8944 1.2612 0.7398 0.7421 3.8249 0.2582 0.2575 0.3828 0.3824
0.7641 0.9056 1.2545 0.7353 0.7373 3.7820 0.2632 0.2625 0.3877 0.3872
0.7642 0.9037 1.2523 0.7387 0.7410 3.7972 0.2642 0.2638 0.3892 0.3891
0.7665 0.8953 1.2602 0.7392 0.7414 3.8085 0.2619 0.2614 0.3868 0.3865
0.7741 0.8984 1.2421 0.7455 0.7480 3.8224 0.2602 0.2599 0.3857 0.3858
0.7636 0.9005 1.2568 0.7353 0.7391 3.7887 0.2642 0.2639 0.3888 0.3890
0.7664 0.8983 1.2415 0.7438 0.7472 3.8243 0.2588 0.2583 0.3840 0.3839
0.7609 0.8980 1.2335 0.7432 0.7463 3.8118 0.2585 0.2581 0.3836 0.3835
0.7493 0.9021 1.2341 0.7443 0.7476 3.8276 0.2622 0.2619 0.3878 0.3879
0.7511 0.9028 1.2304 0.7477 0.7509 3.8271 0.2562 0.2559 0.3816 0.3817
0.7716 0.8945 1.2372 0.7500 0.7520 3.8153 0.2626 0.2621 0.3889 0.3887
0.7599 0.9023 1.2359 0.7455 0.7476 3.8324 0.2615 0.2612 0.3872 0.3872
0.7650 0.8972 1.2279 0.7466 0.7492 3.8169 0.2568 0.2563 0.3822 0.3820
0.7446 0.9040 1.2209 0.7500 0.7527 3.8196 0.2612 0.2608 0.3875 0.3873
0.7441 0.9047 1.2261 0.7523 0.7546 3.8222 0.2656 0.2653 0.3926 0.3926
0.7523 0.8996 1.2122 0.7511 0.7542 3.8280 0.2642 0.2639 0.3909 0.3910
0.7396 0.9055 1.2233 0.7517 0.7546 3.8341 0.2588 0.2585 0.3851 0.3851
0.7373 0.9000 1.2169 0.7523 0.7542 3.8202 0.2582 0.2579 0.3844 0.3843
0.7437 0.9061 1.2075 0.7574 0.7591 3.8546 0.2548 0.2544 0.3813 0.3811
0.7397 0.9049 1.1984 0.7540 0.7569 3.8569 0.2538 0.2533 0.3798 0.3796
0.7448 0.9051 1.2163 0.7545 0.7574 3.8521 0.2545 0.2541 0.3806 0.3805
0.7390 0.9085 1.1973 0.7562 0.7594 3.8477 0.2558 0.2554 0.3823 0.3823
0.7365 0.9069 1.1992 0.7574 0.7599 3.8624 0.2582 0.2578 0.3851 0.3850
0.7326 0.9052 1.1879 0.7579 0.7602 3.8675 0.2565 0.2561 0.3833 0.3831
0.7400 0.9060 1.1879 0.7619 0.7643 3.8528 0.2565 0.2560 0.3838 0.3835
0.7253 0.9125 1.2004 0.7574 0.7599 3.8401 0.2585 0.2582 0.3855 0.3854
0.7321 0.9079 1.1915 0.7585 0.7606 3.8415 0.2585 0.2582 0.3856 0.3855
0.7355 0.9060 1.1867 0.7608 0.7632 3.8534 0.2649 0.2645 0.3930 0.3929
0.7128 0.9147 1.1936 0.7585 0.7611 3.8491 0.2572 0.2568 0.3841 0.3840
0.7386 0.9039 1.1802 0.7613 0.7635 3.8349 0.2636 0.2631 0.3916 0.3914
0.7248 0.9083 1.1810 0.7596 0.7611 3.8534 0.2595 0.2589 0.3869 0.3864
0.7148 0.9113 1.1765 0.7681 0.7714 3.8724 0.2538 0.2531 0.3815 0.3812
0.7085 0.9116 1.1820 0.7647 0.7666 3.8492 0.2626 0.2622 0.3909 0.3907
0.7132 0.9125 1.1744 0.7613 0.7632 3.8678 0.2605 0.2600 0.3882 0.3878
0.7218 0.9080 1.1693 0.7659 0.7676 3.8781 0.2588 0.2584 0.3869 0.3867
0.7218 0.9099 1.1622 0.7670 0.7694 3.8811 0.2592 0.2586 0.3874 0.3871
