5.8295 0.0080 5.4358 0.0142 0.0138 5.9001 0.0000 0.0000 0.0000 0.0000
5.3588 0.0257 5.1102 0.0488 0.0447 5.4310 0.0145 0.0143 0.0223 0.0217
4.9868 0.0571 4.6358 0.1117 0.1135 5.2499 0.0003 0.0003 0.0007 0.0007
4.5189 0.1228 4.1734 0.2052 0.2044 4.8711 0.0030 0.0030 0.0060 0.0059
4.0113 0.2104 3.6590 0.3254 0.3181 4.6552 0.0040 0.0041 0.0080 0.0081
3.5618 0.3113 3.2399 0.4195 0.4276 4.5151 0.0111 0.0122 0.0217 0.0237
3.1945 0.3975 2.9515 0.4943 0.5060 4.3800 0.0074 0.0074 0.0146 0.0146
2.9149 0.4404 2.6745 0.5317 0.5313 4.3317 0.0111 0.0110 0.0218 0.0216
2.6875 0.4997 2.4908 0.5879 0.5874 4.2086 0.0273 0.0272 0.0522 0.0519
2.5182 0.5337 2.2846 0.6213 0.6230 4.2287 0.0169 0.0170 0.0328 0.0331
2.3756 0.5535 2.1899 0.6514 0.6627 4.1397 0.0347 0.0344 0.0659 0.0654
2.2562 0.5789 2.0674 0.6808 0.6836 4.0695 0.0300 0.0299 0.0575 0.0572
2.1425 0.6115 1.9626 0.6956 0.6999 4.0243 0.0384 0.0382 0.0728 0.0724
2.0274 0.6287 1.8666 0.7160 0.7212 4.0005 0.0492 0.0490 0.0921 0.0917
1.9387 0.6444 1.7943 0.7296 0.7302 3.9908 0.0377 0.0376 0.0718 0.0716
1.8819 0.6639 1.7179 0.7483 0.7513 3.9343 0.0499 0.0498 0.0935 0.0935
1.7870 0.6824 1.6659 0.7568 0.7588 3.9038 0.0637 0.0633 0.1175 0.1168
1.7638 0.6825 1.5814 0.7744 0.7787 3.9499 0.0553 0.0550 0.1032 0.1027
1.6769 0.7063 1.5251 0.7868 0.7889 3.9067 0.0667 0.0665 0.1230 0.1226
1.6440 0.7085 1.5007 0.7942 0.8027 3.8532 0.0822 0.0818 0.1490 0.1484
1.5898 0.7212 1.4249 0.7999 0.8007 3.9054 0.0607 0.0603 0.1128 0.1122
1.5324 0.7339 1.4066 0.7931 0.7984 3.9097 0.0617 0.0614 0.1145 0.1139
1.4734 0.7549 1.3527 0.8175 0.8174 3.9427 0.0600 0.0599 0.1118 0.1115
1.4441 0.7563 1.3194 0.8231 0.8273 3.8755 0.0637 0.0634 0.1183 0.1178
1.4062 0.7645 1.2803 0.8163 0.8199 3.8825 0.0832 0.0829 0.1511 0.1506
1.3687 0.7673 1.2506 0.8282 0.8347 3.8861 0.0725 0.0722 0.1333 0.1328
1.3327 0.7780 1.2013 0.8418 0.8462 3.8332 0.0812 0.0807 0.1482 0.1473
1.2844 0.7983 1.1652 0.8492 0.8517 3.7906 0.0806 0.0804 0.1471 0.1469
1.2522 0.8027 1.1379 0.8594 0.8619 3.8380 0.0775 0.0771 0.1422 0.1416
1.2234 0.8116 1.1056 0.8634 0.8643 3.8753 0.0782 0.0779 0.1434 0.1430
1.2033 0.8137 1.0707 0.8713 0.8731 3.9180 0.0745 0.0743 0.1372 0.1370
1.1574 0.8335 1.0376 0.8861 0.8890 3.8841 0.0836 0.0835 0.1528 0.1527
1.1480 0.8349 1.0264 0.8690 0.8703 3.9047 0.0927 0.0923 0.1675 0.1669
1.1183 0.8409 0.9931 0.9008 0.9035 3.9993 0.0725 0.0721 0.1341 0.1336
1.0951 0.8445 0.9918 0.8900 0.8900 3.8651 0.1041 0.1036 0.1865 0.1857
1.0545 0.8616 0.9438 0.9031 0.9053 3.8734 0.0903 0.0899 0.1642 0.1635
1.0352 0.8623 0.9246 0.9048 0.9057 3.8938 0.0832 0.0828 0.1525 0.1518
1.0169 0.8613 0.9031 0.9099 0.9122 3.8688 0.1004 0.0998 0.1809 0.1799
0.9937 0.8652 0.8804 0.9093 0.9109 3.9030 0.0853 0.0849 0.1559 0.1553
0.9762 0.8757 0.8586 0.9178 0.9196 3.9199 0.0913 0.0915 0.1661 0.1665
0.9547 0.8761 0.8417 0.9167 0.9184 3.9019 0.0994 0.0989 0.1794 0.1785
0.9298 0.8839 0.8387 0.9133 0.9168 3.8906 0.0954 0.0949 0.1727 0.1721
0.9152 0.8847 0.8062 0.9257 0.9273 3.8423 0.0903 0.0902 0.1646 0.1644
0.8806 0.8980 0.7923 0.9297 0.9324 3.9367 0.0994 0.0988 0.1796 0.1786
0.8605 0.9055 0.7652 0.9354 0.9370 3.8876 0.1008 0.1004 0.1819 0.1813
0.8495 0.9021 0.7472 0.9337 0.9371 3.9060 0.0974 0.0968 0.1764 0.1755
0.8197 0.9184 0.7290 0.9473 0.9484 3.8726 0.1058 0.1054 0.1904 0.1897
0.8060 0.9147 0.7233 0.9399 0.9412 3.9087 0.1052 0.1049 0.1892 0.1887
0.7945 0.9200 0.6962 0.9410 0.9423 3.9321 0.1048 0.1042 0.1886 0.1876
0.7705 0.9284 0.6816 0.9501 0.9505 3.9823 0.1001 0.1001 0.1811 0.1812
0.7631 0.9281 0.6751 0.9563 0.9581 3.9142 0.1031 0.1032 0.1862 0.1863
0.7420 0.9373 0.6632 0.9552 0.9564 3.9139 0.1038 0.1037 0.1873 0.1870
0.7545 0.9336 0.6635 0.9569 0.9580 3.8929 0.1075 0.1072 0.1933 0.1928
0.7507 0.9385 0.6575 0.9609 0.9618 3.8953 0.1072 0.1066 0.1928 0.1920
0.7467 0.9364 0.6499 0.9586 0.9598 3.9070 0.1055 0.1050 0.1901 0.1893
0.7447 0.9395 0.6566 0.9592 0.9600 3.8898 0.1068 0.1063 0.1923 0.1914
0.7391 0.9372 0.6509 0.9580 0.9590 3.8992 0.1062 0.1058 0.1912 0.1905
0.7526 0.9368 0.6539 0.9592 0.9603 3.9078 0.1041 0.1039 0.1879 0.1875
0.7419 0.9423 0.6505 0.9592 0.9604 3.9008 0.1014 0.1010 0.1835 0.1829
0.7329 0.9443 0.6470 0.9598 0.9609 3.8844 0.1055 0.1051 0.1901 0.1894
0.7247 0.9456 0.6439 0.9580 0.9590 3.8780 0.1058 0.1054 0.1906 0.1899
0.7353 0.9424 0.6441 0.9592 0.9603 3.8982 0.1052 0.1046 0.1895 0.1887
0.7316 0.9429 0.6440 0.9592 0.9605 3.8954 0.1062 0.1056 0.1912 0.1902
0.7226 0.9485 0.6418 0.9626 0.9638 3.9155 0.1068 0.1062 0.1923 0.1914
0.7192 0.9463 0.6354 0.9592 0.9604 3.8865 0.1089 0.1083 0.1955 0.1946
0.7207 0.9449 0.6367 0.9609 0.9618 3.8979 0.1035 0.1031 0.1868 0.1862
0.7288 0.9405 0.6348 0.9598 0.9611 3.9024 0.1052 0.1047 0.1895 0.1889
0.7224 0.9456 0.6319 0.9603 0.9611 3.8957 0.1035 0.1029 0.1868 0.1859
0.7139 0.9481 0.6364 0.9615 0.9627 3.9001 0.1028 0.1023 0.1857 0.1850
0.7188 0.9484 0.6291 0.9615 0.9625 3.8986 0.1004 0.1000 0.1819 0.1812
0.7144 0.9523 0.6254 0.9632 0.9637 3.8839 0.1072 0.1068 0.1929 0.1923
0.7087 0.9476 0.6255 0.9615 0.9626 3.9052 0.1025 0.1020 0.1852 0.1845
0.7133 0.9464 0.6249 0.9609 0.9619 3.8938 0.1041 0.1038 0.1879 0.1873
0.7042 0.9531 0.6273 0.9620 0.9633 3.9015 0.1075 0.1071 0.1934 0.1927
0.7090 0.9511 0.6245 0.9654 0.9668 3.8841 0.1018 0.1013 0.1842 0.1833
0.7079 0.9493 0.6161 0.9615 0.9622 3.8919 0.1038 0.1032 0.1874 0.1864
0.7034 0.9491 0.6210 0.9620 0.9629 3.8950 0.1075 0.1069 0.1934 0.1925
0.7058 0.9495 0.6157 0.9643 0.9648 3.8863 0.1048 0.1043 0.1891 0.1882
0.6920 0.9528 0.6183 0.9637 0.9648 3.8823 0.1102 0.1096 0.1978 0.1969
0.7002 0.9495 0.6178 0.9660 0.9668 3.9149 0.1048 0.1044 0.1891 0.1885
0.7037 0.9480 0.6140 0.9654 0.9663 3.8851 0.1055 0.1051 0.1902 0.1896
0.6873 0.9564 0.6131 0.9643 0.9651 3.9069 0.1062 0.1055 0.1913 0.1903
0.6963 0.9555 0.6136 0.9643 0.9652 3.9002 0.1065 0.1059 0.1918 0.1909
0.6915 0.9533 0.6051 0.9654 0.9663 3.8991 0.1068 0.1062 0.1924 0.1914
0.6892 0.9556 0.6111 0.9643 0.9652 3.8967 0.1089 0.1083 0.1956 0.1948
0.6874 0.9575 0.6012 0.9671 0.9679 3.9049 0.1072 0.1067 0.1930 0.1922
0.6896 0.9523 0.6049 0.9666 0.9675 3.9059 0.1085 0.1080 0.1951 0.1943
0.6819 0.9540 0.5988 0.9660 0.9669 3.9192 0.1035 0.1031 0.1869 0.1864
0.6777 0.9583 0.5962 0.9660 0.9672 3.8981 0.1058 0.1054 0.1908 0.1901
0.6795 0.9563 0.5956 0.9671 0.9683 3.9272 0.1062 0.1057 0.1913 0.1905
0.6732 0.9573 0.5945 0.9666 0.9679 3.9170 0.1041 0.1037 0.1880 0.1873
0.6821 0.9524 0.5910 0.9683 0.9695 3.9162 0.1079 0.1073 0.1941 0.1932
0.6771 0.9584 0.5882 0.9683 0.9693 3.8878 0.1112 0.1106 0.1995 0.1986
0.6727 0.9559 0.5901 0.9694 0.9706 3.9389 0.1058 0.1053 0.1908 0.1899
0.6753 0.9549 0.5903 0.9700 0.9712 3.8980 0.1075 0.1069 0.1936 0.1927
0.6639 0.9564 0.5847 0.9683 0.9690 3.9195 0.1041 0.1037 0.1881 0.1873
0.6705 0.9549 0.5870 0.9683 0.9693 3.8997 0.1102 0.1098 0.1979 0.1972
0.6707 0.9552 0.5847 0.9677 0.9688 3.8957 0.1105 0.1099 0.1984 0.1974
0.6618 0.9571 0.5828 0.9694 0.9705 3.9326 0.1089 0.1083 0.1957 0.1949
0.6713 0.9593 0.5806 0.9688 0.9697 3.8898 0.1139 0.1133 0.2039 0.2028
