5.8331 0.0096 5.6533 0.0028 0.0026 5.2753 0.0371 0.0370 0.0053 0.0049
5.3502 0.0187 5.2305 0.0283 0.0320 5.1150 0.0718 0.0711 0.0406 0.0441
4.9813 0.0641 4.7932 0.0737 0.0744 4.6506 0.1254 0.1246 0.0928 0.0932
4.4862 0.1165 4.3035 0.1298 0.1314 4.3475 0.1021 0.1017 0.1143 0.1147
3.9833 0.1957 3.8171 0.2183 0.2298 4.1247 0.1432 0.1439 0.1730 0.1770
3.5327 0.3008 3.4221 0.3203 0.3290 4.0187 0.1186 0.1183 0.1731 0.1740
3.2362 0.3724 3.0853 0.4252 0.4354 3.9938 0.1267 0.1270 0.1953 0.1967
2.9659 0.4255 2.8878 0.4388 0.4483 3.9014 0.1365 0.1382 0.2082 0.2113
2.7719 0.4716 2.6614 0.5210 0.5287 3.8865 0.1274 0.1270 0.2047 0.2048
2.5820 0.5156 2.5144 0.5448 0.5531 3.8730 0.1126 0.1128 0.1866 0.1873
2.4523 0.5501 2.3529 0.5703 0.5712 3.7987 0.1153 0.1147 0.1918 0.1910
2.3257 0.5725 2.2483 0.5941 0.6017 3.7474 0.1375 0.1377 0.2233 0.2241
2.2088 0.6028 2.1374 0.6270 0.6312 3.7682 0.1291 0.1283 0.2141 0.2133
2.1257 0.6209 2.0385 0.6451 0.6513 3.7122 0.1429 0.1431 0.2340 0.2346
2.0278 0.6419 1.9540 0.6763 0.6763 3.7671 0.1227 0.1220 0.2077 0.2067
1.9531 0.6541 1.8565 0.6956 0.7012 3.7371 0.1227 0.1225 0.2086 0.2086
1.8899 0.6732 1.8258 0.6786 0.6830 3.7454 0.1480 0.1479 0.2429 0.2432
1.8167 0.6857 1.7634 0.7075 0.7119 3.7251 0.1237 0.1232 0.2106 0.2100
1.7734 0.6848 1.6866 0.7364 0.7376 3.8056 0.1250 0.1251 0.2138 0.2139
1.7079 0.7076 1.6368 0.7477 0.7514 3.7476 0.1267 0.1264 0.2167 0.2164
1.6536 0.7199 1.5790 0.7438 0.7483 3.6579 0.1372 0.1367 0.2316 0.2312
1.6017 0.7320 1.5138 0.7608 0.7597 3.7327 0.1190 0.1182 0.2058 0.2046
1.5410 0.7551 1.4851 0.7727 0.7754 3.7132 0.1355 0.1358 0.2306 0.2311
1.5273 0.7507 1.4393 0.7834 0.7863 3.7965 0.1132 0.1125 0.1979 0.1968
1.4987 0.7516 1.4107 0.7874 0.7876 3.7737 0.1358 0.1355 0.2317 0.2313
1.4504 0.7709 1.3546 0.7965 0.7984 3.7751 0.1395 0.1387 0.2375 0.2364
1.4023 0.7713 1.3327 0.7988 0.8010 3.7390 0.1378 0.1375 0.2351 0.2347
1.3517 0.7937 1.2735 0.8169 0.8160 3.7386 0.1271 0.1266 0.2199 0.2193
1.3238 0.8037 1.2837 0.8027 0.8024 3.6931 0.1416 0.1410 0.2407 0.2398
1.3054 0.7987 1.2323 0.8203 0.8231 3.7105 0.1385 0.1378 0.2370 0.2361
1.2595 0.8049 1.2278 0.8248 0.8240 3.8455 0.1237 0.1235 0.2151 0.2148
1.2407 0.8136 1.1743 0.8260 0.8271 3.7613 0.1446 0.1436 0.2461 0.2447
1.2103 0.8236 1.1273 0.8396 0.8431 3.7755 0.1325 0.1323 0.2288 0.2286
1.1750 0.8359 1.1056 0.8435 0.8462 3.7689 0.1385 0.1376 0.2380 0.2367
1.1380 0.8428 1.0837 0.8560 0.8592 3.8098 0.1399 0.1396 0.2405 0.2402
1.1370 0.8340 1.0639 0.8452 0.8487 3.7706 0.1352 0.1344 0.2330 0.2321
1.1040 0.8509 1.0287 0.8679 0.8706 3.7592 0.1483 0.1476 0.2533 0.2524
1.0593 0.8591 1.0157 0.8690 0.8723 3.8824 0.1345 0.1339 0.2329 0.2321
1.0585 0.8544 0.9817 0.8639 0.8651 3.8303 0.1352 0.1351 0.2337 0.2337
1.0326 0.8655 0.9714 0.8719 0.8742 3.8170 0.1352 0.1347 0.2340 0.2334
1.0141 0.8635 0.9361 0.8849 0.8843 3.8016 0.1389 0.1383 0.2401 0.2393
0.9864 0.8721 0.9212 0.8855 0.8896 3.8017 0.1557 0.1554 0.2649 0.2646
0.9612 0.8795 0.9001 0.8906 0.8913 3.8751 0.1402 0.1396 0.2423 0.2414
0.9469 0.8884 0.8816 0.8968 0.8992 3.8780 0.1480 0.1471 0.2540 0.2529
0.9172 0.8965 0.8582 0.9036 0.9061 3.9198 0.1314 0.1307 0.2295 0.2285
0.9141 0.8953 0.8393 0.9036 0.9053 3.8867 0.1405 0.1402 0.2433 0.2428
0.8914 0.9013 0.8205 0.9093 0.9104 3.8779 0.1443 0.1436 0.2490 0.2480
0.8661 0.9037 0.8221 0.9036 0.9096 3.9094 0.1382 0.1377 0.2397 0.2392
0.8466 0.9095 0.7926 0.9178 0.9196 3.9149 0.1412 0.1408 0.2448 0.2442
0.8361 0.9113 0.7747 0.9189 0.9213 3.9014 0.1456 0.1452 0.2514 0.2509
0.8216 0.9208 0.7544 0.9252 0.9290 3.8723 0.1409 0.1404 0.2445 0.2439
0.8045 0.9305 0.7497 0.9269 0.9309 3.8474 0.1466 0.1461 0.2532 0.2525
0.8059 0.9287 0.7452 0.9325 0.9357 3.8524 0.1436 0.1430 0.2488 0.2480
0.7864 0.9352 0.7400 0.9303 0.9334 3.8565 0.1449 0.1443 0.2508 0.2499
0.7880 0.9291 0.7369 0.9314 0.9349 3.8540 0.1412 0.1406 0.2453 0.2445
0.7892 0.9379 0.7424 0.9297 0.9329 3.8501 0.1490 0.1484 0.2568 0.2560
0.7916 0.9355 0.7300 0.9320 0.9349 3.8669 0.1466 0.1460 0.2534 0.2526
0.7914 0.9308 0.7349 0.9342 0.9379 3.8745 0.1503 0.1496 0.2590 0.2581
0.7821 0.9353 0.7317 0.9331 0.9364 3.8568 0.1480 0.1473 0.2554 0.2546
0.7798 0.9404 0.7261 0.9405 0.9434 3.8698 0.1469 0.1463 0.2542 0.2533
0.7849 0.9347 0.7256 0.9371 0.9400 3.8598 0.1500 0.1494 0.2586 0.2578
0.7699 0.9395 0.7192 0.9371 0.9395 3.8747 0.1443 0.1437 0.2500 0.2492
0.7736 0.9385 0.7292 0.9371 0.9404 3.8525 0.1459 0.1453 0.2525 0.2517
0.7774 0.9391 0.7144 0.9371 0.9398 3.8755 0.1490 0.1484 0.2571 0.2563
0.7657 0.9427 0.7158 0.9371 0.9398 3.8913 0.1469 0.1463 0.2541 0.2532
0.7708 0.9364 0.7219 0.9399 0.9426 3.8539 0.1496 0.1490 0.2582 0.2573
0.7598 0.9416 0.7176 0.9359 0.9382 3.8802 0.1456 0.1451 0.2520 0.2513
0.7688 0.9411 0.7126 0.9410 0.9430 3.8622 0.1493 0.1487 0.2577 0.2569
0.7673 0.9404 0.7107 0.9416 0.9448 3.8707 0.1456 0.1451 0.2522 0.2515
0.7657 0.9416 0.7146 0.9410 0.9436 3.8690 0.1469 0.1464 0.2542 0.2535
0.7658 0.9403 0.7090 0.9405 0.9432 3.8739 0.1490 0.1484 0.2572 0.2565
0.7530 0.9453 0.7098 0.9405 0.9421 3.8965 0.1459 0.1454 0.2527 0.2520
0.7614 0.9437 0.7034 0.9393 0.9411 3.8665 0.1486 0.1479 0.2567 0.2557
0.7519 0.9451 0.6985 0.9461 0.9487 3.9099 0.1476 0.1471 0.2554 0.2547
0.7620 0.9416 0.7013 0.9456 0.9483 3.8638 0.1493 0.1487 0.2579 0.2571
0.7597 0.9413 0.6970 0.9450 0.9476 3.8690 0.1500 0.1493 0.2589 0.2579
0.7515 0.9429 0.7012 0.9422 0.9458 3.8777 0.1436 0.1431 0.2492 0.2486
0.7463 0.9476 0.6960 0.9410 0.9446 3.8721 0.1469 0.1463 0.2542 0.2534
0.7490 0.9448 0.6883 0.9422 0.9454 3.9034 0.1439 0.1433 0.2497 0.2488
0.7549 0.9431 0.6853 0.9433 0.9464 3.9021 0.1476 0.1471 0.2553 0.2547
0.7447 0.9431 0.6947 0.9456 0.9483 3.9106 0.1449 0.1444 0.2513 0.2506
0.7408 0.9455 0.6848 0.9467 0.9494 3.8946 0.1463 0.1458 0.2534 0.2528
0.7392 0.9473 0.6826 0.9478 0.9501 3.9091 0.1483 0.1477 0.2565 0.2557
0.7336 0.9493 0.6805 0.9450 0.9478 3.8955 0.1466 0.1461 0.2538 0.2532
0.7404 0.9464 0.6835 0.9467 0.9478 3.9079 0.1449 0.1444 0.2514 0.2507
0.7397 0.9444 0.6777 0.9473 0.9499 3.9161 0.1426 0.1421 0.2478 0.2472
0.7337 0.9456 0.6779 0.9473 0.9498 3.8959 0.1503 0.1496 0.2595 0.2585
0.7260 0.9487 0.6740 0.9473 0.9496 3.9065 0.1409 0.1403 0.2453 0.2446
0.7217 0.9504 0.6781 0.9484 0.9510 3.8879 0.1422 0.1417 0.2474 0.2466
0.7191 0.9525 0.6722 0.9501 0.9524 3.8976 0.1426 0.1421 0.2479 0.2474
0.7191 0.9519 0.6762 0.9473 0.9498 3.8988 0.1490 0.1484 0.2575 0.2566
0.7157 0.9513 0.6747 0.9478 0.9505 3.9205 0.1496 0.1490 0.2585 0.2576
0.7205 0.9493 0.6675 0.9490 0.9513 3.9076 0.1510 0.1504 0.2605 0.2597
0.7214 0.9492 0.6675 0.9473 0.9498 3.9126 0.1480 0.1473 0.2559 0.2551
0.7144 0.9508 0.6631 0.9518 0.9539 3.9132 0.1503 0.1498 0.2596 0.2589
0.7168 0.9472 0.6610 0.9501 0.9529 3.9199 0.1443 0.1437 0.2505 0.2498
0.7063 0.9493 0.6664 0.9501 0.9525 3.9237 0.1496 0.1491 0.2586 0.2579
0.7145 0.9543 0.6602 0.9518 0.9539 3.9284 0.1463 0.1458 0.2536 0.2529
0.7104 0.9515 0.6608 0.9507 0.9528 3.8924 0.1456 0.1450 0.2525 0.2517
0.7140 0.9500 0.6612 0.9495 0.9518 3.9135 0.1453 0.1448 0.2520 0.2513
