5.5347 0.0463 7.9533 0.0000 0.0000 4.3844 0.0253 0.0251 0.0000 0.0000
4.7909 0.0797 6.6425 0.0000 0.0000 4.0915 0.1008 0.0998 0.0000 0.0000
4.2809 0.1471 6.4987 0.0000 0.0000 3.5603 0.1469 0.1454 0.0000 0.0000
3.7211 0.2716 6.2747 0.0000 0.0000 3.1613 0.2245 0.2235 0.0000 0.0000
3.2904 0.3731 5.9209 0.0000 0.0000 2.9590 0.2585 0.2587 0.0000 0.0000
2.9640 0.4391 5.5565 0.0006 0.0005 2.8759 0.2929 0.2917 0.0011 0.0010
2.7252 0.4851 5.1377 0.0045 0.0043 2.9009 0.3070 0.3059 0.0089 0.0085
2.5486 0.5185 4.8549 0.0159 0.0178 2.9087 0.3236 0.3226 0.0303 0.0337
2.4176 0.5383 4.7297 0.0170 0.0167 2.9004 0.3313 0.3300 0.0324 0.0318
2.2831 0.5636 4.4531 0.0283 0.0287 2.8844 0.3367 0.3357 0.0523 0.0529
2.1615 0.5904 4.2443 0.0539 0.0574 2.8727 0.3472 0.3462 0.0932 0.0985
2.0545 0.6164 4.0262 0.0743 0.0734 3.0058 0.3377 0.3372 0.1218 0.1206
1.9805 0.6260 3.9136 0.1037 0.1016 2.9987 0.3519 0.3511 0.1602 0.1576
1.8924 0.6484 3.8196 0.1190 0.1213 3.0366 0.3397 0.3390 0.1763 0.1787
1.8003 0.6656 3.5977 0.1332 0.1343 3.0093 0.3583 0.3573 0.1942 0.1953
1.7293 0.6813 3.6176 0.1480 0.1539 3.0054 0.3566 0.3561 0.2091 0.2149
1.6855 0.7003 3.4910 0.1757 0.1764 3.0711 0.3519 0.3508 0.2344 0.2347
1.6276 0.6933 3.3053 0.1893 0.1901 3.0694 0.3556 0.3556 0.2471 0.2478
1.5651 0.7116 3.2304 0.2296 0.2258 3.1378 0.3448 0.3441 0.2756 0.2727
1.5433 0.7164 3.1052 0.2387 0.2361 3.1785 0.3525 0.3516 0.2846 0.2825
1.4884 0.7289 2.9694 0.2591 0.2594 3.1985 0.3563 0.3552 0.3000 0.2998
1.4210 0.7420 2.8936 0.2897 0.2854 3.2123 0.3478 0.3474 0.3161 0.3133
1.3804 0.7553 2.8769 0.2937 0.2947 3.2373 0.3354 0.3349 0.3131 0.3135
1.3595 0.7617 2.8075 0.3039 0.3081 3.2497 0.3502 0.3498 0.3254 0.3276
1.3101 0.7675 2.7073 0.3322 0.3358 3.3120 0.3367 0.3361 0.3344 0.3360
1.2915 0.7681 2.6378 0.3418 0.3371 3.3148 0.3451 0.3443 0.3435 0.3406
1.2417 0.7887 2.6267 0.3447 0.3411 3.2744 0.3448 0.3442 0.3447 0.3426
1.2171 0.7880 2.5635 0.3600 0.3591 3.3076 0.3505 0.3503 0.3552 0.3547
1.1673 0.7985 2.4903 0.3736 0.3756 3.3983 0.3354 0.3347 0.3534 0.3540
1.1566 0.8007 2.4363 0.3849 0.3849 3.3451 0.3434 0.3423 0.3630 0.3624
1.1184 0.8116 2.3292 0.4104 0.4052 3.4225 0.3391 0.3379 0.3713 0.3685
1.1032 0.8097 2.3277 0.4155 0.4152 3.3447 0.3441 0.3432 0.3765 0.3758
1.0639 0.8180 2.2773 0.4229 0.4234 3.4030 0.3384 0.3375 0.3760 0.3756
1.0545 0.8259 2.2189 0.4535 0.4602 3.3854 0.3306 0.3301 0.3824 0.3844
1.0126 0.8351 2.2134 0.4484 0.4490 3.4192 0.3283 0.3273 0.3791 0.3786
0.9886 0.8432 2.1298 0.4649 0.4671 3.4927 0.3199 0.3189 0.3790 0.3790
0.9793 0.8404 2.0913 0.4728 0.4692 3.5199 0.3104 0.3102 0.3748 0.3735
0.9741 0.8436 2.0346 0.4875 0.4838 3.6369 0.3037 0.3030 0.3742 0.3726
0.9509 0.8421 2.0063 0.4943 0.4940 3.5329 0.3209 0.3201 0.3891 0.3885
0.9255 0.8525 1.9774 0.5210 0.5200 3.5174 0.3141 0.3136 0.3919 0.3912
0.9044 0.8620 1.9250 0.5198 0.5175 3.5959 0.3013 0.3008 0.3815 0.3804
0.8943 0.8601 1.8446 0.5295 0.5314 3.6727 0.2996 0.2993 0.3827 0.3829
0.8601 0.8679 1.8489 0.5385 0.5399 3.6323 0.3064 0.3057 0.3906 0.3903
0.8459 0.8724 1.8220 0.5527 0.5537 3.6157 0.3033 0.3029 0.3917 0.3916
0.8368 0.8773 1.8292 0.5459 0.5455 3.6307 0.2929 0.2922 0.3812 0.3805
0.8014 0.8867 1.8097 0.5499 0.5536 3.6378 0.3097 0.3089 0.3963 0.3965
0.8023 0.8860 1.7620 0.5658 0.5706 3.6268 0.3128 0.3119 0.4028 0.4033
0.7897 0.8840 1.7212 0.5771 0.5756 3.6639 0.3006 0.2997 0.3953 0.3941
0.7536 0.8944 1.7600 0.5505 0.5534 3.5429 0.3145 0.3134 0.4003 0.4001
0.7626 0.8912 1.6817 0.5862 0.5885 3.7626 0.2922 0.2917 0.3900 0.3901
0.7499 0.8937 1.6540 0.5986 0.6003 3.6751 0.3020 0.3013 0.4015 0.4012
0.7299 0.9028 1.6436 0.6032 0.6043 3.6613 0.3013 0.3005 0.4019 0.4014
0.7317 0.8977 1.6106 0.6066 0.6063 3.6954 0.3017 0.3009 0.4029 0.4022
0.7397 0.8985 1.6161 0.6060 0.6076 3.6809 0.3010 0.3002 0.4022 0.4019
0.7230 0.8995 1.6079 0.6117 0.6151 3.6638 0.3033 0.3025 0.4056 0.4055
0.7242 0.9024 1.5994 0.6128 0.6162 3.7095 0.2976 0.2969 0.4006 0.4007
0.7124 0.9040 1.5959 0.6100 0.6113 3.6830 0.3033 0.3025 0.4052 0.4047
0.7167 0.9035 1.5890 0.6219 0.6240 3.6735 0.3003 0.2996 0.4050 0.4049
0.7195 0.9055 1.5863 0.6219 0.6237 3.6778 0.3047 0.3039 0.4090 0.4086
0.7222 0.9016 1.5759 0.6310 0.6314 3.7216 0.2973 0.2965 0.4041 0.4035
0.7160 0.9107 1.5777 0.6224 0.6229 3.7018 0.2993 0.2987 0.4042 0.4037
0.7063 0.9089 1.5712 0.6162 0.6170 3.6827 0.3003 0.2996 0.4038 0.4034
0.7056 0.9119 1.5768 0.6207 0.6220 3.6899 0.3013 0.3006 0.4057 0.4054
0.7176 0.9053 1.5765 0.6145 0.6157 3.7049 0.2976 0.2969 0.4010 0.4006
0.7120 0.9035 1.5879 0.6190 0.6198 3.7108 0.2986 0.2980 0.4029 0.4025
0.6988 0.9121 1.5673 0.6281 0.6282 3.7298 0.2919 0.2912 0.3986 0.3980
0.7112 0.9049 1.5600 0.6236 0.6239 3.7290 0.2969 0.2962 0.4023 0.4017
0.7117 0.9059 1.5607 0.6213 0.6216 3.7076 0.2993 0.2985 0.4040 0.4034
0.6955 0.9105 1.5525 0.6327 0.6335 3.7314 0.2963 0.2955 0.4035 0.4030
0.7004 0.9060 1.5554 0.6287 0.6303 3.7167 0.2969 0.2962 0.4034 0.4030
0.7063 0.9047 1.5589 0.6247 0.6273 3.7029 0.3033 0.3026 0.4084 0.4082
0.6949 0.9115 1.5331 0.6344 0.6358 3.7569 0.2929 0.2921 0.4007 0.4003
0.6865 0.9113 1.5411 0.6298 0.6321 3.7153 0.2963 0.2955 0.4030 0.4027
0.7028 0.9101 1.5307 0.6361 0.6368 3.7406 0.2915 0.2909 0.3998 0.3994
0.7019 0.9093 1.5323 0.6383 0.6398 3.7373 0.2973 0.2965 0.4056 0.4052
0.6940 0.9083 1.5202 0.6355 0.6372 3.7441 0.2966 0.2958 0.4044 0.4040
0.6867 0.9115 1.5304 0.6355 0.6390 3.7127 0.2969 0.2962 0.4047 0.4048
0.6878 0.9135 1.5291 0.6310 0.6342 3.7110 0.3030 0.3021 0.4094 0.4093
0.6868 0.9124 1.5259 0.6423 0.6458 3.7504 0.2939 0.2932 0.4033 0.4032
0.6862 0.9113 1.5049 0.6389 0.6401 3.7584 0.2932 0.2925 0.4020 0.4015
0.6740 0.9152 1.5155 0.6383 0.6390 3.7351 0.2952 0.2946 0.4037 0.4032
0.6831 0.9152 1.5212 0.6327 0.6346 3.7163 0.2979 0.2971 0.4051 0.4047
0.6842 0.9132 1.5191 0.6451 0.6463 3.7450 0.2952 0.2945 0.4051 0.4046
0.6830 0.9149 1.5090 0.6406 0.6423 3.7152 0.2990 0.2982 0.4077 0.4073
0.6706 0.9188 1.4922 0.6412 0.6427 3.7453 0.2996 0.2988 0.4084 0.4079
0.6727 0.9139 1.5180 0.6372 0.6386 3.7223 0.3000 0.2992 0.4079 0.4074
0.6813 0.9153 1.4829 0.6446 0.6466 3.7699 0.2895 0.2888 0.3996 0.3993
0.6758 0.9087 1.5067 0.6395 0.6424 3.7492 0.2946 0.2940 0.4033 0.4033
0.6714 0.9161 1.4693 0.6491 0.6503 3.7844 0.2872 0.2865 0.3982 0.3978
0.6675 0.9175 1.5058 0.6463 0.6483 3.7366 0.2942 0.2934 0.4044 0.4039
0.6615 0.9177 1.4961 0.6429 0.6439 3.7471 0.2936 0.2927 0.4031 0.4024
0.6656 0.9165 1.4765 0.6485 0.6495 3.7578 0.2919 0.2912 0.4026 0.4021
0.6586 0.9215 1.4791 0.6485 0.6496 3.7597 0.2949 0.2942 0.4054 0.4050
0.6577 0.9167 1.4713 0.6485 0.6503 3.7511 0.2939 0.2932 0.4045 0.4042
0.6648 0.9160 1.4772 0.6531 0.6550 3.7804 0.2872 0.2864 0.3989 0.3985
0.6676 0.9156 1.4756 0.6553 0.6570 3.7874 0.2845 0.2837 0.3967 0.3963
0.6645 0.9207 1.4707 0.6525 0.6538 3.7924 0.2892 0.2884 0.4008 0.4003
0.6556 0.9187 1.4666 0.6519 0.6541 3.7880 0.2939 0.2930 0.4052 0.4047
0.6600 0.9217 1.4670 0.6548 0.6555 3.8045 0.2909 0.2901 0.4028 0.4022
0.6549 0.9175 1.4674 0.6508 0.6539 3.7696 0.2915 0.2907 0.4027 0.4025
