3.7815 0.1046 3.7843 0.0813 0.0772 3.3319 0.1873 0.2301 0.1134 0.1157
3.3316 0.2605 3.3562 0.2695 0.2624 3.1946 0.2454 0.3135 0.2569 0.2857
2.9771 0.4197 2.9295 0.4300 0.4119 3.1094 0.2519 0.3244 0.3177 0.3629
2.6866 0.5096 2.5312 0.5557 0.5280 3.0895 0.2640 0.3376 0.3580 0.4119
2.4537 0.5796 2.2775 0.6287 0.6015 3.0402 0.2726 0.3393 0.3803 0.4338
2.3040 0.6212 2.1131 0.6700 0.6415 2.9973 0.2628 0.3276 0.3775 0.4337
2.1799 0.6655 1.9933 0.7140 0.6854 2.9454 0.2799 0.3374 0.4021 0.4522
2.0997 0.6896 1.9123 0.7348 0.7054 2.9286 0.2800 0.3407 0.4055 0.4595
2.0507 0.7004 1.8585 0.7568 0.7284 2.9469 0.2480 0.3055 0.3736 0.4305
2.0029 0.7247 1.8433 0.7521 0.7288 2.8808 0.2598 0.3058 0.3862 0.4308
1.9802 0.7269 1.8096 0.7660 0.7384 2.8855 0.2785 0.3380 0.4084 0.4637
1.9551 0.7354 1.7949 0.7725 0.7495 2.8727 0.2728 0.3150 0.4032 0.4436
1.9420 0.7380 1.8018 0.7654 0.7398 2.8197 0.2959 0.3523 0.4268 0.4773
1.9286 0.7496 1.7789 0.7797 0.7533 2.8339 0.2846 0.3270 0.4170 0.4560
1.9198 0.7521 1.7874 0.7727 0.7467 2.7906 0.2960 0.3399 0.4281 0.4671
1.9307 0.7551 1.7878 0.7791 0.7546 2.8050 0.2776 0.3246 0.4093 0.4539
1.9259 0.7570 1.8018 0.7755 0.7502 2.7715 0.3027 0.3502 0.4355 0.4775
1.9208 0.7524 1.8084 0.7648 0.7361 2.7473 0.3210 0.3563 0.4522 0.4802
1.9299 0.7493 1.8040 0.7713 0.7459 2.7766 0.2983 0.3396 0.4302 0.4667
1.9306 0.7539 1.8221 0.7689 0.7418 2.7469 0.3036 0.3440 0.4353 0.4701
1.9309 0.7533 1.8244 0.7725 0.7459 2.7586 0.2999 0.3402 0.4321 0.4673
1.9275 0.7629 1.8334 0.7685 0.7413 2.7508 0.3077 0.3537 0.4394 0.4789
1.9411 0.7533 1.8555 0.7537 0.7260 2.7211 0.3103 0.3548 0.4396 0.4766
1.9436 0.7564 1.8692 0.7493 0.7219 2.7047 0.3244 0.3653 0.4527 0.4851
1.9448 0.7539 1.8716 0.7531 0.7250 2.7210 0.3128 0.3552 0.4420 0.4768
1.9561 0.7537 1.8877 0.7428 0.7142 2.6938 0.3187 0.3626 0.4461 0.4810
1.9668 0.7439 1.8949 0.7447 0.7155 2.7180 0.3172 0.3595 0.4448 0.4785
1.9714 0.7450 1.9165 0.7380 0.7102 2.6800 0.3325 0.3711 0.4584 0.4875
1.9692 0.7468 1.9256 0.7394 0.7096 2.6794 0.3281 0.3675 0.4545 0.4843
1.9795 0.7411 1.9393 0.7344 0.7054 2.6637 0.3277 0.3637 0.4532 0.4800
1.9869 0.7490 1.9443 0.7338 0.7033 2.6902 0.3351 0.3704 0.4601 0.4853
1.9863 0.7454 1.9617 0.7205 0.6917 2.6654 0.3434 0.3906 0.4651 0.4993
1.9963 0.7370 1.9691 0.7194 0.6911 2.6634 0.3400 0.3849 0.4618 0.4945
2.0057 0.7278 1.9816 0.7203 0.6903 2.6536 0.3363 0.3686 0.4585 0.4806
2.0090 0.7297 1.9871 0.7162 0.6854 2.6809 0.3414 0.3894 0.4624 0.4967
2.0170 0.7254 1.9992 0.7182 0.6872 2.6686 0.3347 0.3742 0.4567 0.4846
2.0172 0.7255 1.9983 0.7198 0.6912 2.6613 0.3381 0.3780 0.4601 0.4888
2.0127 0.7362 2.0092 0.7100 0.6816 2.6764 0.3571 0.4116 0.4752 0.5133
2.0298 0.7242 2.0202 0.7116 0.6823 2.6536 0.3430 0.3879 0.4629 0.4946
2.0292 0.7329 2.0271 0.7063 0.6736 2.6634 0.3425 0.3818 0.4613 0.4873
2.0307 0.7228 2.0434 0.6916 0.6621 2.6564 0.3544 0.3980 0.4687 0.4971
2.0370 0.7157 2.0502 0.6900 0.6619 2.6253 0.3560 0.3976 0.4697 0.4968
2.0452 0.7138 2.0519 0.6969 0.6649 2.6423 0.3553 0.3947 0.4707 0.4954
2.0423 0.7109 2.0718 0.6821 0.6511 2.6079 0.3680 0.4102 0.4781 0.5033
2.0441 0.7137 2.0676 0.6874 0.6577 2.6206 0.3604 0.4001 0.4729 0.4975
2.0460 0.7192 2.0726 0.6880 0.6590 2.6112 0.3645 0.4050 0.4765 0.5017
2.0525 0.7118 2.0830 0.6831 0.6525 2.6122 0.3712 0.4179 0.4810 0.5095
2.0558 0.7108 2.0884 0.6769 0.6471 2.6184 0.3629 0.4081 0.4725 0.5005
2.0523 0.7158 2.0875 0.6773 0.6490 2.6165 0.3546 0.3922 0.4655 0.4889
2.0628 0.7020 2.0982 0.6739 0.6455 2.6126 0.3645 0.4085 0.4731 0.5004
2.0647 0.7078 2.1037 0.6632 0.6337 2.6232 0.3731 0.4202 0.4775 0.5053
2.0729 0.6998 2.1061 0.6636 0.6343 2.5981 0.3745 0.4162 0.4788 0.5026
2.0749 0.6980 2.1062 0.6674 0.6377 2.6088 0.3648 0.4083 0.4718 0.4979
2.0672 0.7099 2.1107 0.6628 0.6344 2.6104 0.3680 0.4213 0.4732 0.5064
2.0705 0.6988 2.1262 0.6499 0.6222 2.5853 0.3882 0.4460 0.4861 0.5196
2.0790 0.7014 2.1155 0.6616 0.6349 2.6241 0.3722 0.4224 0.4764 0.5073
2.0808 0.7020 2.1225 0.6622 0.6343 2.6090 0.3604 0.4004 0.4668 0.4909
2.0799 0.6975 2.1233 0.6640 0.6359 2.6073 0.3757 0.4208 0.4799 0.5064
2.0860 0.7001 2.1300 0.6571 0.6294 2.6009 0.3701 0.4142 0.4735 0.4996
2.0833 0.6958 2.1408 0.6464 0.6180 2.5850 0.3741 0.4202 0.4740 0.5002
2.0828 0.6906 2.1336 0.6511 0.6223 2.5962 0.3748 0.4186 0.4758 0.5005
2.0798 0.6959 2.1364 0.6482 0.6203 2.5815 0.3814 0.4271 0.4802 0.5059
2.0834 0.6956 2.1343 0.6513 0.6224 2.5810 0.3785 0.4249 0.4788 0.5050
2.0809 0.6996 2.1345 0.6517 0.6231 2.5891 0.3794 0.4270 0.4796 0.5068
2.0827 0.6943 2.1365 0.6509 0.6228 2.5871 0.3773 0.4219 0.4777 0.5031
2.0792 0.7051 2.1370 0.6501 0.6222 2.5858 0.3768 0.4215 0.4771 0.5025
2.0769 0.6999 2.1368 0.6503 0.6226 2.5856 0.3799 0.4251 0.4796 0.5052
2.0832 0.6926 2.1347 0.6523 0.6242 2.5926 0.3780 0.4243 0.4786 0.5052
2.0792 0.6960 2.1358 0.6509 0.6231 2.5892 0.3784 0.4252 0.4785 0.5055
2.0816 0.7008 2.1350 0.6521 0.6244 2.5932 0.3766 0.4230 0.4775 0.5044
2.0856 0.7002 2.1373 0.6478 0.6203 2.5917 0.3777 0.4236 0.4772 0.5034
2.0849 0.7045 2.1375 0.6482 0.6209 2.5886 0.3778 0.4230 0.4774 0.5032
2.0897 0.6969 2.1392 0.6474 0.6199 2.5856 0.3817 0.4293 0.4803 0.5073
2.0821 0.6945 2.1380 0.6478 0.6204 2.5944 0.3768 0.4264 0.4765 0.5054
2.0871 0.6942 2.1382 0.6499 0.6223 2.5898 0.3791 0.4274 0.4788 0.5068
2.0795 0.6992 2.1408 0.6474 0.6199 2.5934 0.3810 0.4321 0.4797 0.5092
2.0784 0.7015 2.1420 0.6452 0.6180 2.5874 0.3791 0.4277 0.4776 0.5055
2.0801 0.7006 2.1377 0.6491 0.6214 2.5843 0.3807 0.4289 0.4799 0.5075
2.0806 0.6987 2.1406 0.6424 0.6149 2.5886 0.3775 0.4281 0.4755 0.5047
2.0828 0.7003 2.1404 0.6462 0.6179 2.5843 0.3817 0.4284 0.4799 0.5060
2.0865 0.6931 2.1413 0.6448 0.6170 2.5905 0.3808 0.4293 0.4788 0.5063
2.0876 0.6924 2.1405 0.6456 0.6181 2.5885 0.3773 0.4249 0.4763 0.5036
2.0881 0.6946 2.1403 0.6454 0.6188 2.5878 0.3812 0.4286 0.4793 0.5064
2.0830 0.6995 2.1450 0.6450 0.6181 2.5837 0.3796 0.4266 0.4779 0.5048
2.0803 0.6993 2.1443 0.6422 0.6157 2.5878 0.3814 0.4296 0.4785 0.5061
2.0810 0.6979 2.1454 0.6440 0.6167 2.5881 0.3817 0.4291 0.4793 0.5060
2.0853 0.6923 2.1450 0.6436 0.6170 2.5847 0.3819 0.4295 0.4793 0.5065
2.0808 0.6978 2.1453 0.6466 0.6195 2.5820 0.3807 0.4269 0.4792 0.5055
2.0886 0.6980 2.1452 0.6458 0.6189 2.5911 0.3770 0.4227 0.4761 0.5023
2.0913 0.6940 2.1453 0.6462 0.6184 2.5922 0.3796 0.4284 0.4783 0.5061
2.0842 0.6980 2.1442 0.6464 0.6188 2.5875 0.3812 0.4296 0.4796 0.5071
2.0825 0.7021 2.1473 0.6408 0.6146 2.5916 0.3808 0.4296 0.4777 0.5057
2.0890 0.6938 2.1454 0.6452 0.6177 2.5898 0.3803 0.4282 0.4785 0.5058
2.0903 0.6896 2.1491 0.6442 0.6168 2.5825 0.3803 0.4255 0.4783 0.5036
2.0886 0.6961 2.1451 0.6476 0.6199 2.5943 0.3748 0.4196 0.4749 0.5005
2.0820 0.6997 2.1485 0.6392 0.6113 2.5934 0.3741 0.4214 0.4720 0.4989
2.0875 0.6959 2.1480 0.6412 0.6145 2.5876 0.3771 0.4222 0.4749 0.5005
2.0887 0.6937 2.1500 0.6394 0.6128 2.5902 0.3773 0.4234 0.4746 0.5008
2.0857 0.6962 2.1491 0.6440 0.6171 2.5901 0.3831 0.4311 0.4804 0.5076
2.0848 0.6984 2.1502 0.6402 0.6134 2.5883 0.3815 0.4314 0.4781 0.5065
