3.8526 0.1082 3.7565 0.1033 0.0925 3.5083 0.1736 0.2038 0.1295 0.1272
3.3943 0.2691 3.3073 0.3027 0.2749 3.2053 0.2528 0.2605 0.2755 0.2675
2.9996 0.4054 2.8689 0.4421 0.4015 3.0496 0.2765 0.2799 0.3402 0.3298
2.6941 0.4958 2.5308 0.5413 0.5038 3.0078 0.2834 0.2889 0.3720 0.3673
2.4760 0.5627 2.3087 0.6117 0.5749 2.9730 0.2908 0.2941 0.3942 0.3892
2.3316 0.6278 2.1704 0.6535 0.6251 2.9315 0.2955 0.3000 0.4070 0.4054
2.2341 0.6674 2.0636 0.6805 0.6527 2.8809 0.2962 0.3100 0.4128 0.4204
2.1523 0.6903 1.9783 0.7112 0.6812 2.9002 0.3001 0.3206 0.4221 0.4360
2.0880 0.7157 1.9233 0.7241 0.7009 2.8761 0.2774 0.2957 0.4011 0.4159
2.0467 0.7285 1.8942 0.7299 0.7071 2.8442 0.3059 0.3325 0.4311 0.4523
2.0123 0.7381 1.8713 0.7346 0.7120 2.8113 0.2931 0.3175 0.4190 0.4392
1.9799 0.7506 1.8522 0.7418 0.7202 2.8077 0.3142 0.3363 0.4414 0.4585
1.9714 0.7458 1.8390 0.7441 0.7233 2.7676 0.3117 0.3321 0.4393 0.4552
1.9536 0.7486 1.8323 0.7436 0.7203 2.7173 0.3337 0.3574 0.4607 0.4777
1.9578 0.7483 1.8083 0.7543 0.7327 2.7308 0.3013 0.3213 0.4306 0.4467
1.9358 0.7595 1.8116 0.7527 0.7270 2.7427 0.2985 0.3278 0.4275 0.4519
1.9296 0.7597 1.8100 0.7523 0.7303 2.7222 0.3187 0.3419 0.4478 0.4657
1.9316 0.7572 1.8250 0.7501 0.7279 2.6875 0.3191 0.3449 0.4477 0.4681
1.9323 0.7569 1.8194 0.7588 0.7390 2.7196 0.3150 0.3416 0.4452 0.4673
1.9339 0.7643 1.8380 0.7447 0.7203 2.6937 0.3346 0.3665 0.4617 0.4858
1.9373 0.7587 1.8488 0.7424 0.7199 2.6828 0.3370 0.3589 0.4636 0.4790
1.9449 0.7557 1.8655 0.7378 0.7145 2.6557 0.3490 0.3764 0.4738 0.4931
1.9529 0.7542 1.8696 0.7390 0.7181 2.6926 0.3312 0.3611 0.4574 0.4806
1.9565 0.7497 1.8840 0.7317 0.7072 2.6674 0.3409 0.3701 0.4651 0.4859
1.9605 0.7493 1.8930 0.7344 0.7096 2.6509 0.3421 0.3624 0.4668 0.4798
1.9718 0.7489 1.9090 0.7271 0.7012 2.6566 0.3390 0.3606 0.4624 0.4763
1.9827 0.7491 1.9203 0.7223 0.6975 2.6601 0.3507 0.3793 0.4722 0.4914
1.9827 0.7470 1.9316 0.7227 0.6940 2.6549 0.3618 0.3971 0.4822 0.5052
1.9971 0.7444 1.9450 0.7160 0.6900 2.6483 0.3594 0.3949 0.4785 0.5024
2.0004 0.7379 1.9616 0.7118 0.6843 2.6683 0.3546 0.3911 0.4734 0.4977
2.0054 0.7428 1.9610 0.7142 0.6843 2.6566 0.3476 0.3843 0.4676 0.4922
2.0117 0.7367 1.9767 0.7114 0.6800 2.6691 0.3527 0.3830 0.4716 0.4900
2.0234 0.7287 1.9947 0.7053 0.6750 2.6501 0.3500 0.3844 0.4679 0.4899
2.0178 0.7358 1.9990 0.7003 0.6695 2.6482 0.3574 0.3967 0.4733 0.4982
2.0239 0.7328 2.0139 0.6892 0.6575 2.6228 0.3736 0.4097 0.4846 0.5048
2.0296 0.7275 2.0125 0.6997 0.6651 2.6384 0.3657 0.3958 0.4803 0.4962
2.0358 0.7267 2.0266 0.6900 0.6550 2.6341 0.3617 0.3956 0.4746 0.4933
2.0430 0.7265 2.0364 0.6888 0.6591 2.6266 0.3668 0.4032 0.4786 0.5003
2.0498 0.7179 2.0489 0.6811 0.6457 2.6269 0.3662 0.4027 0.4763 0.4960
2.0435 0.7188 2.0444 0.6890 0.6539 2.6415 0.3661 0.3996 0.4781 0.4960
2.0522 0.7173 2.0554 0.6829 0.6505 2.6297 0.3631 0.3920 0.4741 0.4892
2.0597 0.7125 2.0710 0.6698 0.6386 2.6215 0.3798 0.4174 0.4847 0.5048
2.0586 0.7170 2.0730 0.6763 0.6457 2.6199 0.3722 0.4036 0.4802 0.4967
2.0678 0.7205 2.0867 0.6664 0.6362 2.6186 0.3664 0.3944 0.4728 0.4869
2.0705 0.7166 2.0873 0.6745 0.6436 2.6173 0.3729 0.4076 0.4803 0.4991
2.0744 0.7164 2.0925 0.6704 0.6378 2.6266 0.3710 0.4065 0.4776 0.4965
2.0730 0.7138 2.1046 0.6561 0.6224 2.6270 0.3653 0.4045 0.4693 0.4903
2.0777 0.7066 2.1069 0.6547 0.6206 2.6299 0.3699 0.4051 0.4727 0.4902
2.0792 0.7064 2.1102 0.6581 0.6259 2.6299 0.3648 0.4014 0.4694 0.4891
2.0796 0.7145 2.1127 0.6565 0.6235 2.6442 0.3594 0.3909 0.4645 0.4805
2.0875 0.7051 2.1209 0.6624 0.6311 2.6283 0.3562 0.3837 0.4633 0.4772
2.0888 0.7078 2.1224 0.6664 0.6349 2.6234 0.3646 0.3933 0.4714 0.4857
2.0873 0.7117 2.1313 0.6543 0.6265 2.6083 0.3659 0.3941 0.4693 0.4838
2.0820 0.7087 2.1301 0.6519 0.6231 2.6072 0.3768 0.4075 0.4775 0.4928
2.0921 0.6986 2.1296 0.6553 0.6248 2.6314 0.3594 0.3872 0.4642 0.4781
2.0869 0.7064 2.1395 0.6434 0.6145 2.6178 0.3655 0.3936 0.4662 0.4798
2.0942 0.7040 2.1394 0.6450 0.6139 2.6240 0.3655 0.3986 0.4666 0.4834
2.0965 0.6931 2.1412 0.6430 0.6121 2.6355 0.3690 0.4050 0.4689 0.4874
2.0926 0.6962 2.1531 0.6376 0.6066 2.6081 0.3697 0.4039 0.4680 0.4849
2.0881 0.7027 2.1481 0.6374 0.6077 2.6062 0.3639 0.3953 0.4633 0.4790
2.0906 0.6963 2.1468 0.6420 0.6125 2.6239 0.3580 0.3901 0.4596 0.4766
2.0950 0.6999 2.1439 0.6384 0.6095 2.6159 0.3604 0.3929 0.4607 0.4778
2.0980 0.7004 2.1457 0.6402 0.6108 2.6194 0.3638 0.3965 0.4639 0.4809
2.0877 0.7024 2.1456 0.6416 0.6112 2.6181 0.3622 0.3935 0.4630 0.4787
2.0946 0.6989 2.1464 0.6416 0.6114 2.6180 0.3594 0.3916 0.4607 0.4774
2.0973 0.6996 2.1457 0.6408 0.6109 2.6232 0.3595 0.3904 0.4606 0.4763
2.0939 0.7034 2.1474 0.6406 0.6112 2.6131 0.3632 0.3945 0.4636 0.4795
2.0894 0.7012 2.1483 0.6390 0.6093 2.6243 0.3608 0.3948 0.4612 0.4792
2.0933 0.7013 2.1452 0.6404 0.6101 2.6277 0.3588 0.3928 0.4599 0.4779
2.0922 0.7001 2.1479 0.6402 0.6094 2.6239 0.3560 0.3872 0.4576 0.4735
2.0963 0.7007 2.1459 0.6416 0.6114 2.6213 0.3573 0.3906 0.4590 0.4766
2.0911 0.7022 2.1482 0.6412 0.6112 2.6157 0.3650 0.3959 0.4652 0.4806
2.0935 0.6970 2.1479 0.6384 0.6080 2.6198 0.3588 0.3934 0.4594 0.4777
2.0950 0.6964 2.1462 0.6396 0.6101 2.6241 0.3611 0.3937 0.4616 0.4785
2.0996 0.6968 2.1484 0.6388 0.6093 2.6224 0.3611 0.3947 0.4614 0.4791
2.0877 0.7056 2.1500 0.6412 0.6121 2.6181 0.3627 0.3938 0.4633 0.4793
2.0961 0.6989 2.1496 0.6402 0.6106 2.6205 0.3627 0.3965 0.4631 0.4808
2.0899 0.6990 2.1494 0.6412 0.6119 2.6163 0.3632 0.3965 0.4638 0.4812
2.0948 0.7022 2.1479 0.6406 0.6109 2.6211 0.3618 0.3951 0.4624 0.4799
2.0903 0.6996 2.1501 0.6390 0.6090 2.6216 0.3629 0.3947 0.4629 0.4790
2.0952 0.7058 2.1487 0.6380 0.6079 2.6184 0.3613 0.3948 0.4613 0.4787
2.0945 0.7013 2.1521 0.6376 0.6084 2.6161 0.3595 0.3917 0.4598 0.4766
2.0914 0.7071 2.1502 0.6414 0.6114 2.6112 0.3602 0.3922 0.4614 0.4779
2.0895 0.7060 2.1468 0.6416 0.6126 2.6292 0.3587 0.3904 0.4601 0.4769
2.0916 0.6993 2.1520 0.6428 0.6145 2.6170 0.3613 0.3910 0.4626 0.4779
2.0945 0.6974 2.1498 0.6398 0.6103 2.6205 0.3606 0.3922 0.4612 0.4775
2.0948 0.7025 2.1520 0.6392 0.6105 2.6138 0.3618 0.3924 0.4621 0.4777
2.0911 0.7043 2.1529 0.6376 0.6089 2.6131 0.3595 0.3928 0.4598 0.4775
2.0948 0.7045 2.1513 0.6388 0.6087 2.6208 0.3618 0.3952 0.4620 0.4792
2.0907 0.7026 2.1520 0.6382 0.6092 2.6161 0.3606 0.3926 0.4608 0.4775
2.0990 0.6980 2.1523 0.6408 0.6126 2.6125 0.3585 0.3885 0.4598 0.4755
2.0952 0.6990 2.1536 0.6384 0.6088 2.6235 0.3638 0.3962 0.4634 0.4800
2.0978 0.6983 2.1540 0.6388 0.6103 2.6204 0.3609 0.3923 0.4613 0.4777
2.0944 0.7024 2.1530 0.6390 0.6104 2.6190 0.3620 0.3935 0.4622 0.4785
2.1008 0.6944 2.1559 0.6398 0.6105 2.6187 0.3636 0.3977 0.4637 0.4816
2.0968 0.7012 2.1550 0.6398 0.6118 2.6274 0.3624 0.3958 0.4627 0.4806
2.0978 0.6969 2.1568 0.6376 0.6085 2.6217 0.3625 0.3971 0.4622 0.4805
2.0946 0.6967 2.1573 0.6372 0.6089 2.6108 0.3639 0.3960 0.4633 0.4799
2.0952 0.6959 2.1553 0.6372 0.6078 2.6250 0.3662 0.4017 0.4651 0.4837
2.1016 0.6956 2.1562 0.6372 0.6088 2.6209 0.3638 0.3977 0.4631 0.4811
