3.7715 0.1254 3.8378 0.0575 0.0495 3.3906 0.1930 0.2204 0.0886 0.0808
3.3060 0.3003 3.4892 0.2009 0.1755 2.9804 0.3172 0.3360 0.2460 0.2306
2.9348 0.4224 3.0860 0.3386 0.3019 2.8152 0.3558 0.3865 0.3470 0.3390
2.6323 0.5152 2.7248 0.4425 0.3951 2.7619 0.3537 0.3919 0.3932 0.3935
2.4196 0.5705 2.4762 0.5175 0.4677 2.7323 0.3516 0.3967 0.4188 0.4293
2.2812 0.6203 2.3225 0.5551 0.5048 2.7181 0.3719 0.4192 0.4454 0.4580
2.1851 0.6379 2.2104 0.5918 0.5425 2.6890 0.3835 0.4281 0.4654 0.4786
2.1195 0.6615 2.1100 0.6289 0.5822 2.6864 0.3724 0.4255 0.4678 0.4916
2.0676 0.6837 2.0722 0.6289 0.5871 2.6930 0.3850 0.4441 0.4776 0.5057
2.0377 0.6942 2.0459 0.6454 0.6068 2.6531 0.3759 0.4268 0.4751 0.5011
2.0032 0.6976 2.0115 0.6565 0.6163 2.6336 0.3826 0.4396 0.4834 0.5132
1.9716 0.7076 1.9897 0.6595 0.6189 2.6363 0.3889 0.4443 0.4893 0.5173
1.9603 0.7097 1.9914 0.6519 0.6086 2.6004 0.3791 0.4365 0.4794 0.5084
1.9503 0.7109 1.9949 0.6616 0.6247 2.5927 0.3745 0.4216 0.4783 0.5035
1.9451 0.7134 2.0111 0.6412 0.6032 2.5590 0.3782 0.4335 0.4758 0.5045
1.9465 0.7167 2.0124 0.6448 0.6129 2.5455 0.3775 0.4261 0.4762 0.5027
1.9327 0.7147 2.0089 0.6359 0.5918 2.5642 0.3967 0.4563 0.4886 0.5153
1.9376 0.7067 2.0234 0.6394 0.6047 2.5452 0.3910 0.4422 0.4853 0.5109
1.9389 0.7114 2.0392 0.6347 0.5935 2.5471 0.3954 0.4519 0.4873 0.5131
1.9491 0.7090 2.0406 0.6327 0.5918 2.5272 0.3956 0.4535 0.4868 0.5135
1.9546 0.6985 2.0520 0.6335 0.5918 2.5031 0.3935 0.4502 0.4855 0.5114
1.9468 0.7149 2.0675 0.6240 0.5828 2.5182 0.3840 0.4428 0.4754 0.5032
1.9619 0.6995 2.0829 0.6156 0.5774 2.5220 0.4004 0.4601 0.4852 0.5121
1.9651 0.7074 2.0973 0.6138 0.5750 2.5118 0.4007 0.4637 0.4849 0.5134
1.9684 0.7015 2.1067 0.6073 0.5665 2.4907 0.4083 0.4609 0.4883 0.5083
1.9677 0.6974 2.1318 0.5946 0.5479 2.5061 0.4025 0.4575 0.4800 0.4986
1.9811 0.6932 2.1546 0.5849 0.5390 2.4470 0.4074 0.4634 0.4803 0.4984
1.9917 0.6850 2.1649 0.5819 0.5371 2.4442 0.4157 0.4675 0.4849 0.4999
1.9937 0.6845 2.1748 0.5752 0.5316 2.5004 0.4137 0.4723 0.4813 0.5002
2.0038 0.6841 2.1836 0.5732 0.5272 2.4715 0.4171 0.4704 0.4828 0.4972
2.0108 0.6780 2.2072 0.5651 0.5192 2.4561 0.4097 0.4654 0.4750 0.4908
2.0161 0.6774 2.2116 0.5656 0.5190 2.4786 0.4186 0.4761 0.4811 0.4966
2.0228 0.6679 2.2338 0.5559 0.5084 2.4818 0.4025 0.4577 0.4669 0.4817
2.0290 0.6712 2.2533 0.5397 0.4902 2.4483 0.4072 0.4626 0.4642 0.4760
2.0398 0.6591 2.2592 0.5418 0.4909 2.4842 0.4083 0.4653 0.4656 0.4778
2.0451 0.6561 2.2735 0.5415 0.4915 2.4631 0.4111 0.4647 0.4674 0.4777
2.0496 0.6598 2.2880 0.5357 0.4839 2.4647 0.4139 0.4704 0.4670 0.4771
2.0477 0.6586 2.3027 0.5313 0.4830 2.4375 0.4276 0.4838 0.4738 0.4834
2.0613 0.6548 2.2992 0.5339 0.4868 2.4514 0.4183 0.4714 0.4691 0.4790
2.0631 0.6541 2.3231 0.5222 0.4727 2.4639 0.4091 0.4700 0.4588 0.4713
2.0742 0.6492 2.3350 0.5180 0.4679 2.4304 0.4179 0.4722 0.4626 0.4700
2.0699 0.6520 2.3358 0.5184 0.4681 2.4528 0.4090 0.4628 0.4572 0.4654
2.0765 0.6466 2.3482 0.5204 0.4706 2.4333 0.4114 0.4662 0.4595 0.4684
2.0796 0.6494 2.3533 0.5097 0.4596 2.4462 0.4111 0.4653 0.4551 0.4625
2.0808 0.6460 2.3653 0.5050 0.4547 2.4468 0.4109 0.4684 0.4531 0.4614
2.0879 0.6443 2.3656 0.5079 0.4598 2.4463 0.4051 0.4608 0.4507 0.4603
2.0851 0.6448 2.3783 0.4994 0.4536 2.4520 0.4169 0.4774 0.4544 0.4652
2.0891 0.6390 2.3838 0.4994 0.4528 2.4322 0.4199 0.4765 0.4562 0.4644
2.0940 0.6463 2.3963 0.4968 0.4522 2.4283 0.4127 0.4691 0.4508 0.4605
2.0974 0.6435 2.4073 0.4861 0.4427 2.4408 0.4153 0.4704 0.4479 0.4561
2.0962 0.6432 2.4100 0.4855 0.4415 2.4334 0.4216 0.4750 0.4513 0.4576
2.1049 0.6314 2.4135 0.4778 0.4363 2.4339 0.4193 0.4776 0.4467 0.4560
2.1121 0.6296 2.4133 0.4825 0.4414 2.4324 0.4223 0.4743 0.4504 0.4573
2.1092 0.6327 2.4282 0.4760 0.4334 2.4564 0.4172 0.4771 0.4447 0.4542
2.1074 0.6321 2.4381 0.4712 0.4281 2.4226 0.4199 0.4735 0.4440 0.4496
2.1137 0.6295 2.4359 0.4730 0.4311 2.4334 0.4188 0.4741 0.4443 0.4516
2.1137 0.6292 2.4365 0.4716 0.4289 2.4327 0.4137 0.4630 0.4408 0.4453
2.1153 0.6308 2.4439 0.4647 0.4242 2.4402 0.4121 0.4680 0.4368 0.4451
2.1124 0.6341 2.4446 0.4699 0.4300 2.4318 0.4192 0.4728 0.4431 0.4504
2.1110 0.6277 2.4525 0.4605 0.4193 2.4161 0.4237 0.4807 0.4413 0.4479
2.1120 0.6258 2.4551 0.4625 0.4218 2.4250 0.4209 0.4808 0.4407 0.4494
2.1115 0.6281 2.4544 0.4637 0.4239 2.4160 0.4213 0.4748 0.4415 0.4479
2.1097 0.6273 2.4571 0.4611 0.4211 2.4180 0.4255 0.4816 0.4426 0.4494
2.1238 0.6188 2.4523 0.4637 0.4235 2.4217 0.4199 0.4748 0.4407 0.4477
2.1132 0.6317 2.4544 0.4623 0.4229 2.4251 0.4201 0.4746 0.4402 0.4473
2.1172 0.6290 2.4575 0.4613 0.4220 2.4160 0.4197 0.4743 0.4395 0.4466
2.1160 0.6309 2.4555 0.4619 0.4229 2.4167 0.4199 0.4740 0.4399 0.4470
2.1132 0.6280 2.4545 0.4623 0.4226 2.4220 0.4241 0.4786 0.4424 0.4489
2.1183 0.6262 2.4573 0.4609 0.4212 2.4222 0.4199 0.4746 0.4394 0.4463
2.1178 0.6238 2.4532 0.4615 0.4213 2.4230 0.4211 0.4754 0.4404 0.4467
2.1158 0.6273 2.4583 0.4613 0.4212 2.4139 0.4206 0.4754 0.4400 0.4467
2.1182 0.6238 2.4553 0.4613 0.4218 2.4268 0.4211 0.4766 0.4403 0.4475
2.1173 0.6290 2.4565 0.4617 0.4219 2.4226 0.4206 0.4744 0.4402 0.4466
2.1178 0.6260 2.4560 0.4623 0.4228 2.4209 0.4236 0.4785 0.4421 0.4489
2.1210 0.6200 2.4568 0.4625 0.4229 2.4181 0.4222 0.4752 0.4414 0.4476
2.1140 0.6264 2.4619 0.4587 0.4192 2.4174 0.4209 0.4751 0.4390 0.4454
2.1199 0.6293 2.4605 0.4621 0.4225 2.4199 0.4211 0.4752 0.4406 0.4473
2.1154 0.6252 2.4620 0.4585 0.4189 2.4303 0.4218 0.4764 0.4394 0.4458
2.1121 0.6339 2.4594 0.4611 0.4220 2.4168 0.4222 0.4751 0.4408 0.4470
2.1183 0.6292 2.4614 0.4591 0.4201 2.4160 0.4216 0.4746 0.4396 0.4456
2.1142 0.6248 2.4599 0.4615 0.4226 2.4270 0.4223 0.4775 0.4410 0.4484
2.1153 0.6293 2.4607 0.4629 0.4240 2.4205 0.4239 0.4788 0.4425 0.4497
2.1148 0.6327 2.4611 0.4591 0.4204 2.4258 0.4234 0.4783 0.4405 0.4475
2.1174 0.6280 2.4622 0.4589 0.4204 2.4224 0.4236 0.4783 0.4405 0.4475
2.1141 0.6299 2.4618 0.4587 0.4194 2.4276 0.4225 0.4760 0.4398 0.4459
2.1152 0.6308 2.4631 0.4566 0.4182 2.4187 0.4215 0.4747 0.4383 0.4447
2.1149 0.6292 2.4597 0.4595 0.4203 2.4273 0.4215 0.4749 0.4396 0.4459
2.1149 0.6273 2.4656 0.4582 0.4194 2.4078 0.4232 0.4759 0.4400 0.4459
2.1158 0.6268 2.4628 0.4597 0.4212 2.4219 0.4243 0.4784 0.4413 0.4480
2.1091 0.6238 2.4673 0.4587 0.4196 2.4169 0.4250 0.4797 0.4412 0.4477
2.1134 0.6262 2.4644 0.4619 0.4235 2.4190 0.4225 0.4759 0.4413 0.4482
2.1135 0.6323 2.4664 0.4605 0.4213 2.4142 0.4229 0.4762 0.4409 0.4471
2.1215 0.6240 2.4662 0.4597 0.4208 2.4229 0.4232 0.4759 0.4407 0.4467
2.1137 0.6313 2.4650 0.4603 0.4216 2.4206 0.4253 0.4790 0.4421 0.4485
2.1138 0.6303 2.4709 0.4574 0.4178 2.4084 0.4255 0.4798 0.4409 0.4467
2.1182 0.6264 2.4642 0.4603 0.4219 2.4220 0.4208 0.4723 0.4396 0.4457
2.1176 0.6319 2.4663 0.4601 0.4210 2.4180 0.4278 0.4830 0.4433 0.4499
2.1176 0.6266 2.4697 0.4562 0.4171 2.4150 0.4245 0.4781 0.4398 0.4455
2.1165 0.6313 2.4685 0.4570 0.4188 2.4184 0.4239 0.4771 0.4399 0.4461
2.1231 0.6286 2.4687 0.4574 0.4193 2.4233 0.4266 0.4818 0.4415 0.4484
