3.7752 0.1086 3.9750 0.0351 0.0384 3.1610 0.2545 0.2400 0.0617 0.0662
3.3179 0.2576 3.6461 0.1269 0.1386 2.8303 0.3481 0.3612 0.1860 0.2003
2.9610 0.3885 3.2357 0.2557 0.2555 2.7199 0.3664 0.3832 0.3012 0.3066
2.6836 0.4799 2.8671 0.3667 0.3536 2.7402 0.3761 0.4053 0.3713 0.3777
2.4813 0.5399 2.6243 0.4401 0.4194 2.6933 0.3662 0.3950 0.3998 0.4068
2.3436 0.5843 2.4437 0.4909 0.4616 2.6697 0.3733 0.4030 0.4241 0.4303
2.2387 0.6064 2.3153 0.5305 0.4989 2.6389 0.3766 0.4011 0.4405 0.4447
2.1576 0.6268 2.2207 0.5589 0.5290 2.5798 0.3870 0.4187 0.4573 0.4674
2.0971 0.6573 2.1473 0.5783 0.5470 2.6015 0.3935 0.4236 0.4683 0.4775
2.0475 0.6639 2.1119 0.6017 0.5691 2.5546 0.4056 0.4375 0.4846 0.4947
2.0161 0.6722 2.0567 0.6248 0.5969 2.5619 0.3814 0.4079 0.4736 0.4846
1.9905 0.6838 2.0505 0.6134 0.5880 2.5482 0.3995 0.4218 0.4838 0.4912
1.9627 0.6941 2.0249 0.6232 0.5972 2.5201 0.4113 0.4364 0.4955 0.5043
1.9544 0.7051 2.0043 0.6313 0.6046 2.5176 0.4088 0.4379 0.4962 0.5079
1.9432 0.7023 1.9975 0.6265 0.6003 2.5000 0.4004 0.4054 0.4885 0.4839
1.9374 0.7008 2.0021 0.6230 0.5957 2.4940 0.4040 0.4230 0.4902 0.4947
1.9317 0.7067 2.0017 0.6222 0.5964 2.4935 0.4151 0.4304 0.4980 0.5000
1.9376 0.6961 2.0001 0.6315 0.6062 2.5086 0.4004 0.4238 0.4900 0.4988
1.9212 0.7086 1.9956 0.6337 0.6033 2.5106 0.4065 0.4277 0.4953 0.5005
1.9264 0.7091 2.0049 0.6257 0.5977 2.4805 0.4100 0.4354 0.4954 0.5038
1.9296 0.6956 2.0473 0.6033 0.5739 2.4425 0.4383 0.4587 0.5078 0.5099
1.9383 0.6980 2.0457 0.6210 0.5959 2.4526 0.4271 0.4437 0.5061 0.5086
1.9411 0.6976 2.0522 0.6111 0.5800 2.4450 0.4132 0.4260 0.4930 0.4912
1.9520 0.6886 2.0816 0.5926 0.5594 2.4230 0.4477 0.4640 0.5100 0.5072
1.9495 0.6931 2.0933 0.5879 0.5596 2.4198 0.4426 0.4733 0.5050 0.5129
1.9517 0.6895 2.1108 0.5869 0.5576 2.3996 0.4626 0.4706 0.5174 0.5104
1.9561 0.6882 2.1231 0.5821 0.5513 2.4097 0.4454 0.4669 0.5046 0.5056
1.9644 0.6953 2.1302 0.5869 0.5558 2.4228 0.4329 0.4510 0.4983 0.4979
1.9581 0.6941 2.1498 0.5783 0.5450 2.4095 0.4296 0.4568 0.4929 0.4970
1.9805 0.6851 2.1630 0.5680 0.5334 2.4181 0.4348 0.4639 0.4926 0.4963
1.9901 0.6777 2.1823 0.5647 0.5324 2.3758 0.4503 0.4588 0.5011 0.4929
1.9973 0.6752 2.1873 0.5569 0.5216 2.4094 0.4477 0.4844 0.4963 0.5023
1.9967 0.6778 2.2034 0.5571 0.5257 2.3854 0.4528 0.4756 0.4995 0.4994
2.0107 0.6663 2.2284 0.5361 0.5023 2.3828 0.4496 0.4786 0.4891 0.4902
2.0124 0.6657 2.2292 0.5418 0.5072 2.4139 0.4542 0.4954 0.4941 0.5012
2.0261 0.6677 2.2392 0.5411 0.5034 2.3957 0.4457 0.4854 0.4888 0.4942
2.0222 0.6648 2.2545 0.5351 0.4954 2.3825 0.4522 0.4852 0.4902 0.4902
2.0231 0.6662 2.2576 0.5315 0.4920 2.3822 0.4420 0.4787 0.4826 0.4853
2.0376 0.6565 2.2844 0.5254 0.4892 2.3906 0.4466 0.4981 0.4828 0.4936
2.0389 0.6576 2.2845 0.5286 0.4901 2.3785 0.4528 0.4978 0.4878 0.4939
2.0515 0.6555 2.2958 0.5264 0.4894 2.3561 0.4686 0.5012 0.4958 0.4952
2.0523 0.6613 2.3024 0.5198 0.4862 2.3782 0.4544 0.4965 0.4849 0.4913
2.0580 0.6514 2.3147 0.5075 0.4739 2.3615 0.4593 0.5016 0.4822 0.4874
2.0631 0.6462 2.3243 0.5052 0.4712 2.3620 0.4748 0.5073 0.4895 0.4886
2.0721 0.6404 2.3404 0.5052 0.4717 2.3619 0.4670 0.5136 0.4854 0.4918
2.0654 0.6555 2.3468 0.5024 0.4672 2.3722 0.4647 0.5115 0.4828 0.4883
2.0745 0.6432 2.3584 0.4929 0.4596 2.3676 0.4616 0.5076 0.4767 0.4824
2.0779 0.6421 2.3568 0.4944 0.4591 2.3673 0.4668 0.5127 0.4802 0.4844
2.0807 0.6383 2.3712 0.4970 0.4643 2.3597 0.4624 0.5117 0.4791 0.4869
2.0745 0.6500 2.3752 0.4946 0.4589 2.3712 0.4602 0.5106 0.4767 0.4834
2.0858 0.6403 2.3830 0.5004 0.4688 2.3568 0.4646 0.5059 0.4818 0.4866
2.0870 0.6404 2.3929 0.4907 0.4561 2.3645 0.4640 0.5135 0.4770 0.4831
2.0915 0.6452 2.4016 0.4823 0.4491 2.3508 0.4668 0.5143 0.4744 0.4795
2.0953 0.6393 2.3995 0.4746 0.4400 2.3729 0.4623 0.5189 0.4683 0.4762
2.0895 0.6399 2.4169 0.4762 0.4466 2.3414 0.4619 0.5167 0.4689 0.4791
2.0995 0.6403 2.4159 0.4701 0.4339 2.3571 0.4614 0.5145 0.4657 0.4708
2.0928 0.6391 2.4319 0.4603 0.4245 2.3332 0.4605 0.5146 0.4604 0.4653
2.0959 0.6402 2.4298 0.4611 0.4290 2.3345 0.4649 0.5166 0.4630 0.4687
2.1008 0.6345 2.4223 0.4675 0.4349 2.3543 0.4667 0.5199 0.4671 0.4736
2.1070 0.6341 2.4347 0.4746 0.4424 2.3398 0.4742 0.5281 0.4744 0.4814
2.1067 0.6350 2.4343 0.4691 0.4356 2.3595 0.4672 0.5274 0.4682 0.4771
2.1087 0.6360 2.4346 0.4687 0.4365 2.3501 0.4698 0.5260 0.4693 0.4771
2.1045 0.6350 2.4334 0.4701 0.4376 2.3514 0.4695 0.5249 0.4698 0.4773
2.1038 0.6385 2.4341 0.4699 0.4365 2.3456 0.4684 0.5216 0.4692 0.4752
2.1012 0.6430 2.4344 0.4699 0.4366 2.3581 0.4649 0.5216 0.4674 0.4753
2.0954 0.6420 2.4329 0.4683 0.4346 2.3562 0.4660 0.5228 0.4671 0.4746
2.1037 0.6354 2.4315 0.4706 0.4373 2.3572 0.4682 0.5234 0.4694 0.4765
2.1112 0.6321 2.4320 0.4712 0.4375 2.3555 0.4637 0.5197 0.4674 0.4751
2.0960 0.6421 2.4330 0.4685 0.4352 2.3558 0.4651 0.5209 0.4668 0.4742
2.1091 0.6339 2.4332 0.4685 0.4348 2.3617 0.4623 0.5189 0.4654 0.4731
2.1025 0.6379 2.4324 0.4683 0.4353 2.3610 0.4642 0.5192 0.4663 0.4736
2.1070 0.6347 2.4370 0.4647 0.4315 2.3543 0.4642 0.5224 0.4645 0.4726
2.1121 0.6352 2.4315 0.4675 0.4343 2.3664 0.4682 0.5256 0.4679 0.4756
2.1073 0.6404 2.4397 0.4659 0.4326 2.3483 0.4719 0.5279 0.4689 0.4755
2.1097 0.6353 2.4361 0.4710 0.4365 2.3558 0.4690 0.5254 0.4700 0.4769
2.1032 0.6412 2.4366 0.4689 0.4346 2.3622 0.4693 0.5249 0.4691 0.4755
2.1077 0.6386 2.4373 0.4712 0.4368 2.3547 0.4705 0.5259 0.4708 0.4773
2.0985 0.6433 2.4416 0.4665 0.4331 2.3532 0.4709 0.5274 0.4687 0.4756
2.1084 0.6355 2.4399 0.4681 0.4343 2.3589 0.4674 0.5244 0.4678 0.4751
2.1094 0.6331 2.4399 0.4681 0.4342 2.3572 0.4677 0.5240 0.4679 0.4749
2.1050 0.6314 2.4381 0.4683 0.4346 2.3525 0.4651 0.5218 0.4667 0.4742
2.1077 0.6397 2.4368 0.4689 0.4345 2.3535 0.4660 0.5226 0.4674 0.4745
2.1034 0.6394 2.4467 0.4639 0.4305 2.3470 0.4660 0.5214 0.4649 0.4716
2.1058 0.6335 2.4401 0.4708 0.4374 2.3571 0.4670 0.5227 0.4689 0.4763
2.1024 0.6391 2.4431 0.4677 0.4339 2.3447 0.4674 0.5238 0.4675 0.4746
2.1122 0.6363 2.4441 0.4661 0.4326 2.3484 0.4653 0.5224 0.4657 0.4733
2.1069 0.6364 2.4444 0.4687 0.4349 2.3580 0.4695 0.5257 0.4691 0.4760
2.1063 0.6385 2.4446 0.4677 0.4331 2.3575 0.4690 0.5255 0.4683 0.4749
2.1123 0.6299 2.4461 0.4679 0.4346 2.3554 0.4661 0.5239 0.4670 0.4751
2.1158 0.6307 2.4439 0.4679 0.4346 2.3618 0.4639 0.5229 0.4659 0.4747
2.1083 0.6370 2.4438 0.4683 0.4343 2.3598 0.4667 0.5236 0.4675 0.4748
2.1147 0.6323 2.4514 0.4643 0.4312 2.3506 0.4667 0.5246 0.4655 0.4733
2.1110 0.6336 2.4452 0.4683 0.4345 2.3601 0.4690 0.5259 0.4686 0.4758
2.1056 0.6414 2.4481 0.4647 0.4298 2.3603 0.4675 0.5246 0.4661 0.4725
2.1111 0.6339 2.4469 0.4647 0.4314 2.3572 0.4686 0.5241 0.4666 0.4732
2.1011 0.6396 2.4460 0.4641 0.4299 2.3571 0.4658 0.5215 0.4649 0.4713
2.1174 0.6314 2.4487 0.4605 0.4267 2.3618 0.4660 0.5218 0.4632 0.4695
2.1141 0.6361 2.4505 0.4635 0.4305 2.3560 0.4667 0.5209 0.4651 0.4714
2.1112 0.6345 2.4501 0.4653 0.4317 2.3632 0.4654 0.5213 0.4654 0.4723
2.1102 0.6372 2.4490 0.4625 0.4290 2.3631 0.4658 0.5221 0.4641 0.4710
