3.7681 0.1231 3.7974 0.0930 0.0795 3.2481 0.2285 0.2452 0.1322 0.1201
3.3169 0.2545 3.4833 0.1648 0.1449 3.0398 0.3164 0.3470 0.2167 0.2045
2.9865 0.3416 3.1469 0.2806 0.2463 2.9047 0.3469 0.3787 0.3102 0.2985
2.7462 0.4188 2.8352 0.4036 0.3528 2.8415 0.3682 0.4054 0.3851 0.3773
2.5616 0.4687 2.5919 0.4746 0.4143 2.8080 0.3597 0.3989 0.4092 0.4064
2.4218 0.5081 2.4169 0.5256 0.4647 2.7662 0.3465 0.3856 0.4177 0.4215
2.3144 0.5554 2.2701 0.5581 0.4987 2.7472 0.3613 0.4073 0.4386 0.4484
2.2217 0.5933 2.1806 0.5817 0.5205 2.7183 0.3585 0.3929 0.4436 0.4478
2.1361 0.6297 2.1043 0.6015 0.5419 2.7076 0.3652 0.4138 0.4544 0.4693
2.0951 0.6445 2.0609 0.6142 0.5551 2.6761 0.3655 0.4082 0.4583 0.4704
2.0598 0.6459 2.0335 0.6178 0.5638 2.6591 0.3576 0.4027 0.4530 0.4698
2.0247 0.6674 2.0074 0.6263 0.5763 2.6507 0.3594 0.4123 0.4567 0.4807
1.9977 0.6768 1.9894 0.6376 0.5913 2.6351 0.3815 0.4170 0.4774 0.4891
1.9993 0.6773 1.9824 0.6327 0.5858 2.6238 0.3708 0.4219 0.4676 0.4905
1.9836 0.6844 1.9792 0.6420 0.5918 2.6241 0.3808 0.4316 0.4781 0.4992
1.9715 0.6852 1.9859 0.6301 0.5838 2.5900 0.3740 0.4166 0.4694 0.4863
1.9729 0.6834 1.9935 0.6390 0.5958 2.5943 0.3692 0.4093 0.4680 0.4852
1.9685 0.6866 2.0076 0.6267 0.5816 2.5947 0.3645 0.4236 0.4609 0.4902
1.9646 0.6875 2.0148 0.6253 0.5788 2.5634 0.3764 0.4281 0.4699 0.4922
1.9655 0.6919 2.0225 0.6204 0.5700 2.5932 0.3675 0.4275 0.4615 0.4886
1.9761 0.6814 2.0390 0.6174 0.5678 2.5668 0.3708 0.4225 0.4633 0.4845
1.9704 0.6862 2.0419 0.6184 0.5701 2.5481 0.3849 0.4334 0.4745 0.4924
1.9756 0.6869 2.0686 0.6085 0.5587 2.5302 0.3858 0.4420 0.4722 0.4936
1.9851 0.6823 2.0684 0.6081 0.5568 2.5756 0.3856 0.4498 0.4719 0.4976
1.9933 0.6770 2.0881 0.5952 0.5455 2.5609 0.3924 0.4572 0.4730 0.4975
1.9929 0.6760 2.1154 0.5853 0.5364 2.5086 0.4062 0.4718 0.4795 0.5021
2.0009 0.6771 2.1326 0.5875 0.5397 2.5307 0.3989 0.4540 0.4752 0.4931
2.0052 0.6740 2.1541 0.5748 0.5293 2.4845 0.3991 0.4605 0.4711 0.4925
2.0148 0.6656 2.1505 0.5738 0.5269 2.5444 0.3924 0.4547 0.4661 0.4882
2.0098 0.6648 2.1709 0.5672 0.5203 2.5087 0.3954 0.4592 0.4660 0.4878
2.0201 0.6700 2.1869 0.5629 0.5129 2.4894 0.4040 0.4645 0.4704 0.4875
2.0297 0.6674 2.2061 0.5613 0.5121 2.5095 0.4134 0.4768 0.4761 0.4938
2.0263 0.6632 2.2199 0.5516 0.5019 2.4784 0.4111 0.4784 0.4711 0.4899
2.0459 0.6647 2.2412 0.5418 0.4939 2.4727 0.4062 0.4645 0.4643 0.4788
2.0460 0.6540 2.2553 0.5397 0.4909 2.4779 0.4255 0.4862 0.4759 0.4886
2.0504 0.6442 2.2586 0.5377 0.4895 2.4528 0.4354 0.4896 0.4812 0.4896
2.0577 0.6498 2.2651 0.5299 0.4828 2.4747 0.4216 0.4761 0.4696 0.4795
2.0611 0.6497 2.2840 0.5236 0.4739 2.4798 0.4139 0.4743 0.4623 0.4741
2.0629 0.6459 2.2991 0.5163 0.4669 2.4621 0.4301 0.4900 0.4693 0.4782
2.0672 0.6506 2.3077 0.5139 0.4651 2.4869 0.4199 0.4756 0.4622 0.4703
2.0733 0.6455 2.3134 0.5192 0.4706 2.4466 0.4406 0.4966 0.4767 0.4832
2.0781 0.6382 2.3245 0.5123 0.4641 2.4392 0.4322 0.4896 0.4688 0.4765
2.0806 0.6317 2.3350 0.5101 0.4612 2.4334 0.4436 0.4984 0.4745 0.4791
2.0887 0.6307 2.3349 0.5115 0.4612 2.4732 0.4264 0.4937 0.4651 0.4769
2.0983 0.6345 2.3576 0.5056 0.4569 2.4286 0.4433 0.4997 0.4724 0.4774
2.0894 0.6395 2.3580 0.4978 0.4476 2.4397 0.4334 0.4901 0.4634 0.4679
2.0944 0.6370 2.3662 0.4978 0.4470 2.4544 0.4315 0.4901 0.4623 0.4676
2.1031 0.6362 2.3718 0.4929 0.4472 2.4577 0.4320 0.4956 0.4605 0.4702
2.1038 0.6264 2.3856 0.4823 0.4350 2.4525 0.4243 0.4917 0.4514 0.4616
2.1087 0.6230 2.3951 0.4849 0.4396 2.4249 0.4394 0.4972 0.4610 0.4667
2.1181 0.6296 2.4038 0.4853 0.4372 2.4489 0.4215 0.4895 0.4511 0.4619
2.1112 0.6282 2.4131 0.4816 0.4301 2.4273 0.4552 0.5030 0.4681 0.4637
2.1169 0.6199 2.4100 0.4792 0.4326 2.4629 0.4369 0.4925 0.4571 0.4606
2.1175 0.6244 2.4114 0.4818 0.4342 2.4387 0.4422 0.5020 0.4612 0.4656
2.1148 0.6237 2.4199 0.4792 0.4315 2.4306 0.4487 0.5000 0.4635 0.4633
2.1128 0.6242 2.4259 0.4756 0.4271 2.4062 0.4301 0.4944 0.4517 0.4583
2.1193 0.6211 2.4266 0.4831 0.4343 2.4195 0.4529 0.5092 0.4675 0.4688
2.1215 0.6257 2.4250 0.4837 0.4355 2.4530 0.4445 0.5074 0.4633 0.4687
2.1197 0.6239 2.4401 0.4708 0.4236 2.4197 0.4515 0.5090 0.4609 0.4624
2.1263 0.6187 2.4469 0.4768 0.4308 2.4017 0.4551 0.5059 0.4657 0.4653
2.1139 0.6247 2.4393 0.4778 0.4317 2.4179 0.4494 0.5068 0.4632 0.4663
2.1262 0.6253 2.4427 0.4758 0.4295 2.4140 0.4482 0.5048 0.4616 0.4641
2.1233 0.6210 2.4433 0.4732 0.4275 2.4172 0.4512 0.5058 0.4619 0.4634
2.1205 0.6252 2.4426 0.4762 0.4294 2.4194 0.4570 0.5128 0.4664 0.4674
2.1252 0.6270 2.4420 0.4740 0.4281 2.4125 0.4595 0.5101 0.4666 0.4655
2.1198 0.6328 2.4442 0.4748 0.4284 2.4095 0.4566 0.5102 0.4655 0.4657
2.1211 0.6298 2.4416 0.4746 0.4288 2.4211 0.4584 0.5113 0.4664 0.4664
2.1212 0.6311 2.4426 0.4724 0.4261 2.4195 0.4595 0.5128 0.4658 0.4655
2.1189 0.6345 2.4437 0.4728 0.4258 2.4200 0.4551 0.5116 0.4637 0.4648
2.1210 0.6286 2.4437 0.4742 0.4279 2.4062 0.4595 0.5118 0.4667 0.4661
2.1248 0.6267 2.4443 0.4720 0.4254 2.4141 0.4572 0.5099 0.4644 0.4638
2.1206 0.6277 2.4447 0.4734 0.4268 2.4084 0.4580 0.5094 0.4656 0.4645
2.1198 0.6276 2.4460 0.4710 0.4250 2.4125 0.4568 0.5092 0.4638 0.4633
2.1232 0.6294 2.4433 0.4728 0.4263 2.4178 0.4536 0.5085 0.4630 0.4638
2.1161 0.6327 2.4439 0.4716 0.4253 2.4168 0.4515 0.5083 0.4613 0.4631
2.1241 0.6257 2.4441 0.4714 0.4248 2.4148 0.4487 0.5044 0.4598 0.4612
2.1287 0.6254 2.4461 0.4714 0.4250 2.4088 0.4595 0.5115 0.4653 0.4643
2.1245 0.6273 2.4453 0.4724 0.4256 2.4117 0.4561 0.5099 0.4641 0.4639
2.1223 0.6262 2.4472 0.4712 0.4239 2.4182 0.4573 0.5113 0.4641 0.4635
2.1202 0.6348 2.4493 0.4697 0.4237 2.4131 0.4588 0.5129 0.4642 0.4641
2.1223 0.6310 2.4491 0.4701 0.4240 2.4114 0.4545 0.5110 0.4622 0.4635
2.1235 0.6279 2.4477 0.4701 0.4236 2.4155 0.4521 0.5088 0.4609 0.4623
2.1233 0.6260 2.4486 0.4697 0.4230 2.4097 0.4565 0.5112 0.4630 0.4629
2.1257 0.6282 2.4462 0.4730 0.4264 2.4204 0.4545 0.5068 0.4636 0.4631
2.1219 0.6304 2.4495 0.4695 0.4226 2.4142 0.4591 0.5126 0.4643 0.4633
2.1195 0.6290 2.4503 0.4677 0.4213 2.4066 0.4593 0.5119 0.4635 0.4622
2.1181 0.6310 2.4503 0.4673 0.4206 2.4098 0.4579 0.5128 0.4626 0.4621
2.1257 0.6261 2.4492 0.4681 0.4219 2.4145 0.4593 0.5127 0.4637 0.4629
2.1266 0.6244 2.4513 0.4683 0.4218 2.4049 0.4568 0.5104 0.4625 0.4619
2.1228 0.6228 2.4526 0.4689 0.4222 2.4081 0.4544 0.5098 0.4615 0.4619
2.1173 0.6253 2.4537 0.4661 0.4197 2.4108 0.4565 0.5121 0.4612 0.4614
2.1262 0.6223 2.4529 0.4669 0.4201 2.4074 0.4577 0.5121 0.4623 0.4616
2.1253 0.6232 2.4521 0.4673 0.4208 2.4101 0.4595 0.5134 0.4634 0.4625
2.1281 0.6213 2.4516 0.4673 0.4213 2.4093 0.4577 0.5105 0.4625 0.4616
2.1260 0.6243 2.4534 0.4647 0.4189 2.4171 0.4563 0.5097 0.4605 0.4599
2.1253 0.6247 2.4528 0.4673 0.4212 2.4129 0.4559 0.5099 0.4616 0.4613
2.1197 0.6260 2.4565 0.4659 0.4196 2.4085 0.4544 0.5086 0.4601 0.4598
2.1269 0.6214 2.4569 0.4635 0.4182 2.4102 0.4607 0.5112 0.4621 0.4600
2.1262 0.6241 2.4540 0.4651 0.4194 2.4094 0.4582 0.5125 0.4616 0.4613
2.1238 0.6232 2.4593 0.4613 0.4160 2.4084 0.4589 0.5128 0.4601 0.4593
