3.7663 0.1484 3.9122 0.0510 0.0525 3.2539 0.2485 0.2810 0.0847 0.0885
3.2958 0.2902 3.5670 0.1418 0.1413 2.9449 0.3398 0.3946 0.2001 0.2081
2.9559 0.3997 3.1946 0.2497 0.2384 2.7723 0.4026 0.4473 0.3082 0.3111
2.6736 0.4995 2.8795 0.3624 0.3360 2.7043 0.4171 0.4583 0.3878 0.3878
2.4806 0.5522 2.6375 0.4389 0.4111 2.6635 0.4127 0.4502 0.4254 0.4298
2.3477 0.5909 2.4586 0.4962 0.4660 2.6210 0.4193 0.4544 0.4545 0.4601
2.2368 0.6202 2.3484 0.5242 0.4952 2.6034 0.4150 0.4505 0.4632 0.4718
2.1579 0.6412 2.2615 0.5480 0.5160 2.5909 0.4197 0.4499 0.4753 0.4807
2.1064 0.6582 2.1939 0.5694 0.5328 2.5393 0.4382 0.4645 0.4952 0.4963
2.0600 0.6776 2.1373 0.5908 0.5560 2.5622 0.4255 0.4488 0.4947 0.4967
2.0257 0.6963 2.1029 0.6047 0.5763 2.5291 0.4310 0.4575 0.5032 0.5100
2.0070 0.6962 2.0872 0.6021 0.5733 2.5104 0.4408 0.4700 0.5090 0.5166
1.9768 0.7020 2.0471 0.6176 0.5809 2.5188 0.4262 0.4445 0.5044 0.5036
1.9633 0.7036 2.0426 0.6200 0.5886 2.4878 0.4343 0.4527 0.5108 0.5118
1.9556 0.7081 2.0305 0.6190 0.5854 2.5144 0.4245 0.4524 0.5036 0.5104
1.9518 0.7099 2.0268 0.6244 0.5920 2.4822 0.4362 0.4631 0.5136 0.5197
1.9395 0.7191 2.0274 0.6146 0.5789 2.4838 0.4373 0.4727 0.5110 0.5205
1.9328 0.7106 2.0316 0.6198 0.5841 2.4383 0.4498 0.4787 0.5213 0.5262
1.9252 0.7129 2.0412 0.6152 0.5823 2.4444 0.4364 0.4647 0.5106 0.5169
1.9421 0.7061 2.0478 0.6176 0.5859 2.4512 0.4475 0.4782 0.5190 0.5266
1.9428 0.7097 2.0549 0.6190 0.5850 2.4352 0.4464 0.4730 0.5187 0.5231
1.9410 0.7068 2.0820 0.6019 0.5632 2.4307 0.4489 0.4819 0.5142 0.5194
1.9496 0.7038 2.0809 0.6021 0.5592 2.4374 0.4519 0.4844 0.5163 0.5191
1.9625 0.7042 2.0989 0.6047 0.5700 2.4056 0.4454 0.4814 0.5129 0.5219
1.9569 0.7040 2.1146 0.5958 0.5643 2.4136 0.4577 0.4936 0.5177 0.5266
1.9635 0.6985 2.1376 0.5851 0.5510 2.4005 0.4572 0.4904 0.5133 0.5190
1.9755 0.6876 2.1341 0.5940 0.5596 2.4421 0.4533 0.4948 0.5142 0.5252
1.9727 0.6984 2.1652 0.5772 0.5413 2.3959 0.4656 0.5056 0.5155 0.5228
1.9917 0.6841 2.1807 0.5643 0.5176 2.4091 0.4540 0.4950 0.5032 0.5060
1.9904 0.6881 2.1813 0.5758 0.5301 2.4155 0.4672 0.5072 0.5159 0.5184
1.9988 0.6756 2.2003 0.5698 0.5280 2.4052 0.4704 0.5097 0.5153 0.5187
2.0067 0.6785 2.2265 0.5506 0.5028 2.3968 0.4644 0.5158 0.5038 0.5092
2.0075 0.6733 2.2208 0.5583 0.5147 2.4077 0.4598 0.4964 0.5043 0.5054
2.0138 0.6743 2.2401 0.5494 0.5055 2.3934 0.4698 0.5111 0.5065 0.5083
2.0194 0.6704 2.2471 0.5508 0.5088 2.4096 0.4616 0.5006 0.5023 0.5047
2.0329 0.6681 2.2582 0.5434 0.4988 2.4004 0.4631 0.5076 0.5001 0.5032
2.0307 0.6666 2.2675 0.5399 0.4911 2.4080 0.4653 0.5142 0.4998 0.5024
2.0380 0.6649 2.2912 0.5379 0.4938 2.3845 0.4556 0.5073 0.4933 0.5005
2.0452 0.6604 2.3052 0.5274 0.4820 2.4019 0.4672 0.5139 0.4955 0.4974
2.0505 0.6603 2.3132 0.5206 0.4743 2.3966 0.4614 0.5148 0.4892 0.4937
2.0467 0.6552 2.3227 0.5190 0.4722 2.3822 0.4621 0.5082 0.4889 0.4896
2.0577 0.6596 2.3310 0.5139 0.4661 2.3946 0.4547 0.5058 0.4825 0.4851
2.0587 0.6620 2.3383 0.5117 0.4633 2.3983 0.4551 0.5098 0.4817 0.4854
2.0561 0.6564 2.3384 0.5139 0.4645 2.3983 0.4573 0.5127 0.4840 0.4874
2.0692 0.6529 2.3490 0.5113 0.4626 2.3895 0.4644 0.5151 0.4867 0.4875
2.0751 0.6458 2.3548 0.5109 0.4621 2.3993 0.4593 0.5124 0.4837 0.4860
2.0728 0.6492 2.3677 0.5139 0.4667 2.3890 0.4647 0.5091 0.4881 0.4870
2.0811 0.6501 2.3683 0.5135 0.4659 2.3776 0.4600 0.5099 0.4853 0.4869
2.0711 0.6501 2.3822 0.4990 0.4517 2.3767 0.4631 0.5137 0.4804 0.4807
2.0800 0.6472 2.3905 0.5026 0.4577 2.3870 0.4586 0.5067 0.4796 0.4809
2.0921 0.6464 2.3982 0.5028 0.4554 2.4029 0.4575 0.5132 0.4791 0.4826
2.0896 0.6486 2.4055 0.5028 0.4551 2.3825 0.4514 0.5132 0.4757 0.4824
2.0942 0.6420 2.4056 0.4984 0.4517 2.3946 0.4551 0.5072 0.4757 0.4778
2.0929 0.6451 2.4075 0.4964 0.4490 2.3918 0.4522 0.5141 0.4733 0.4793
2.1032 0.6360 2.4243 0.4867 0.4402 2.3816 0.4431 0.5004 0.4639 0.4684
2.0967 0.6403 2.4317 0.4867 0.4401 2.3996 0.4517 0.5166 0.4685 0.4753
2.1053 0.6381 2.4369 0.4823 0.4380 2.3712 0.4493 0.5080 0.4652 0.4704
2.1044 0.6415 2.4303 0.4827 0.4393 2.4048 0.4602 0.5101 0.4711 0.4720
2.1075 0.6333 2.4434 0.4814 0.4383 2.3815 0.4487 0.5034 0.4645 0.4686
2.1040 0.6397 2.4421 0.4810 0.4367 2.3911 0.4498 0.5075 0.4649 0.4694
2.1045 0.6352 2.4440 0.4798 0.4354 2.3879 0.4508 0.5085 0.4649 0.4691
2.1132 0.6359 2.4434 0.4831 0.4391 2.3860 0.4514 0.5065 0.4667 0.4704
2.1014 0.6418 2.4471 0.4778 0.4339 2.3915 0.4517 0.5080 0.4644 0.4680
2.1061 0.6380 2.4446 0.4800 0.4365 2.3825 0.4538 0.5104 0.4666 0.4705
2.1029 0.6391 2.4443 0.4816 0.4371 2.3898 0.4496 0.5065 0.4651 0.4693
2.1071 0.6417 2.4425 0.4812 0.4365 2.3873 0.4526 0.5098 0.4665 0.4703
2.1101 0.6352 2.4455 0.4810 0.4376 2.3779 0.4547 0.5087 0.4675 0.4705
2.1093 0.6378 2.4428 0.4825 0.4377 2.3916 0.4538 0.5090 0.4677 0.4707
2.1042 0.6409 2.4483 0.4829 0.4383 2.3785 0.4526 0.5076 0.4672 0.4704
2.0999 0.6442 2.4456 0.4825 0.4380 2.3834 0.4540 0.5082 0.4678 0.4705
2.1084 0.6322 2.4443 0.4829 0.4384 2.3878 0.4544 0.5093 0.4682 0.4712
2.1081 0.6403 2.4451 0.4833 0.4387 2.3813 0.4556 0.5104 0.4690 0.4718
2.1131 0.6365 2.4453 0.4851 0.4394 2.3841 0.4547 0.5115 0.4694 0.4727
2.1092 0.6329 2.4497 0.4820 0.4370 2.3831 0.4540 0.5107 0.4676 0.4710
2.1051 0.6369 2.4457 0.4851 0.4399 2.3885 0.4554 0.5126 0.4698 0.4735
2.1126 0.6397 2.4480 0.4823 0.4373 2.3868 0.4529 0.5102 0.4671 0.4709
2.1046 0.6399 2.4490 0.4798 0.4348 2.3822 0.4535 0.5092 0.4663 0.4691
2.1107 0.6379 2.4480 0.4808 0.4358 2.3820 0.4529 0.5100 0.4665 0.4700
2.1110 0.6390 2.4470 0.4818 0.4364 2.3861 0.4512 0.5068 0.4660 0.4690
2.1022 0.6348 2.4499 0.4798 0.4342 2.3871 0.4533 0.5118 0.4662 0.4698
2.1157 0.6322 2.4462 0.4827 0.4373 2.3898 0.4542 0.5104 0.4680 0.4711
2.1076 0.6396 2.4480 0.4808 0.4346 2.3848 0.4566 0.5129 0.4684 0.4705
2.1074 0.6395 2.4489 0.4847 0.4397 2.3847 0.4559 0.5088 0.4699 0.4717
2.1056 0.6376 2.4508 0.4806 0.4354 2.3836 0.4559 0.5116 0.4680 0.4704
2.1059 0.6391 2.4488 0.4835 0.4378 2.3852 0.4547 0.5103 0.4686 0.4713
2.1099 0.6389 2.4505 0.4780 0.4326 2.3902 0.4547 0.5121 0.4661 0.4690
2.1132 0.6354 2.4521 0.4798 0.4344 2.3844 0.4554 0.5122 0.4673 0.4701
2.1034 0.6399 2.4524 0.4764 0.4313 2.3828 0.4538 0.5105 0.4648 0.4676
2.1098 0.6361 2.4504 0.4798 0.4352 2.3914 0.4521 0.5099 0.4655 0.4696
2.1126 0.6333 2.4527 0.4764 0.4319 2.3839 0.4517 0.5087 0.4637 0.4671
2.1079 0.6389 2.4529 0.4786 0.4337 2.3855 0.4570 0.5141 0.4676 0.4705
2.1059 0.6422 2.4535 0.4780 0.4335 2.3815 0.4551 0.5079 0.4663 0.4678
2.1160 0.6313 2.4499 0.4810 0.4358 2.3829 0.4551 0.5104 0.4677 0.4702
2.1106 0.6351 2.4543 0.4760 0.4303 2.3890 0.4566 0.5149 0.4661 0.4688
2.1162 0.6351 2.4538 0.4810 0.4362 2.3765 0.4540 0.5086 0.4671 0.4696
2.1131 0.6381 2.4551 0.4770 0.4316 2.3846 0.4552 0.5142 0.4659 0.4693
2.1113 0.6337 2.4540 0.4768 0.4319 2.3866 0.4526 0.5097 0.4644 0.4676
2.1086 0.6369 2.4568 0.4770 0.4321 2.3736 0.4536 0.5104 0.4650 0.4680
2.1131 0.6375 2.4565 0.4790 0.4337 2.3859 0.4524 0.5090 0.4653 0.4684
2.1111 0.6434 2.4578 0.4772 0.4321 2.3899 0.4540 0.5087 0.4653 0.4672
