3.7320 0.1308 3.8905 0.0355 0.0352 3.2392 0.2619 0.2843 0.0625 0.0626
3.2491 0.2797 3.5056 0.1612 0.1526 2.9592 0.3349 0.3532 0.2176 0.2131
2.8947 0.3897 3.0670 0.3231 0.2954 2.8606 0.3370 0.3599 0.3299 0.3245
2.6273 0.4818 2.7095 0.4296 0.3910 2.8081 0.3451 0.3647 0.3828 0.3774
2.4090 0.5590 2.4521 0.5028 0.4603 2.7310 0.3532 0.3829 0.4149 0.4180
2.2572 0.6099 2.2921 0.5537 0.5186 2.6733 0.3576 0.3873 0.4345 0.4435
2.1630 0.6366 2.1930 0.5724 0.5383 2.6076 0.3796 0.4073 0.4565 0.4637
2.0961 0.6638 2.1256 0.5879 0.5598 2.5602 0.3919 0.4156 0.4703 0.4771
2.0418 0.6761 2.0523 0.6144 0.5879 2.5707 0.3852 0.4252 0.4735 0.4935
2.0124 0.6912 2.0165 0.6281 0.5988 2.5127 0.4040 0.4248 0.4917 0.4970
1.9832 0.6938 2.0133 0.6279 0.5967 2.4627 0.4162 0.4375 0.5006 0.5049
1.9635 0.6996 1.9819 0.6355 0.6047 2.4987 0.4090 0.4374 0.4977 0.5076
1.9537 0.7005 1.9683 0.6426 0.6140 2.4606 0.4364 0.4380 0.5198 0.5113
1.9470 0.7094 1.9828 0.6293 0.6003 2.4555 0.4297 0.4540 0.5107 0.5170
1.9346 0.7129 1.9872 0.6367 0.6073 2.4167 0.4419 0.4622 0.5217 0.5249
1.9352 0.7068 1.9732 0.6442 0.6163 2.4420 0.4426 0.4496 0.5247 0.5199
1.9279 0.7136 1.9835 0.6370 0.6065 2.4283 0.4554 0.4672 0.5311 0.5278
1.9226 0.7194 2.0065 0.6275 0.5975 2.3997 0.4565 0.4853 0.5285 0.5356
1.9362 0.7095 2.0178 0.6164 0.5843 2.3820 0.4616 0.4719 0.5279 0.5221
1.9376 0.7064 2.0320 0.6156 0.5837 2.4036 0.4584 0.4746 0.5255 0.5235
1.9431 0.7019 2.0398 0.6208 0.5904 2.3993 0.4561 0.4783 0.5259 0.5285
1.9527 0.6973 2.0538 0.6144 0.5798 2.3804 0.4876 0.4909 0.5437 0.5317
1.9523 0.6974 2.0770 0.5984 0.5633 2.3626 0.4881 0.5001 0.5377 0.5298
1.9587 0.6950 2.0843 0.5984 0.5663 2.3892 0.4735 0.4893 0.5287 0.5250
1.9685 0.6929 2.1119 0.5896 0.5576 2.3707 0.4804 0.5076 0.5294 0.5314
1.9785 0.6843 2.1181 0.5817 0.5421 2.3903 0.4765 0.4950 0.5239 0.5175
1.9781 0.6897 2.1343 0.5766 0.5371 2.3700 0.4779 0.5063 0.5227 0.5213
1.9834 0.6842 2.1534 0.5785 0.5432 2.3550 0.4646 0.4961 0.5153 0.5186
1.9935 0.6782 2.1653 0.5736 0.5392 2.3595 0.4860 0.5033 0.5262 0.5206
2.0014 0.6744 2.1799 0.5700 0.5323 2.3533 0.5092 0.5125 0.5379 0.5222
2.0020 0.6738 2.1872 0.5658 0.5267 2.3605 0.4818 0.5112 0.5204 0.5188
2.0119 0.6736 2.1927 0.5617 0.5227 2.3686 0.4982 0.5167 0.5280 0.5197
2.0189 0.6633 2.2054 0.5603 0.5195 2.3681 0.4920 0.5031 0.5239 0.5111
2.0259 0.6643 2.2303 0.5409 0.4968 2.3593 0.4832 0.5100 0.5104 0.5033
2.0313 0.6631 2.2563 0.5361 0.4979 2.3537 0.4897 0.5063 0.5119 0.5021
2.0386 0.6617 2.2636 0.5301 0.4878 2.3546 0.5082 0.5197 0.5189 0.5033
2.0492 0.6563 2.2773 0.5282 0.4805 2.3641 0.4807 0.5038 0.5034 0.4919
2.0482 0.6541 2.2846 0.5307 0.4846 2.3502 0.4850 0.5125 0.5068 0.4982
2.0567 0.6521 2.2889 0.5282 0.4816 2.3743 0.4767 0.5097 0.5011 0.4953
2.0547 0.6515 2.3036 0.5190 0.4721 2.3717 0.4718 0.5007 0.4942 0.4860
2.0600 0.6515 2.3196 0.5171 0.4742 2.3457 0.5020 0.5201 0.5095 0.4961
2.0701 0.6494 2.3299 0.5087 0.4635 2.3414 0.5113 0.5261 0.5100 0.4928
2.0743 0.6423 2.3307 0.5194 0.4735 2.3765 0.4836 0.5053 0.5008 0.4888
2.0798 0.6427 2.3558 0.4939 0.4461 2.3455 0.4816 0.5028 0.4877 0.4728
2.0769 0.6450 2.3590 0.4954 0.4495 2.3671 0.4936 0.5211 0.4945 0.4826
2.0896 0.6381 2.3593 0.4986 0.4541 2.3536 0.4892 0.5066 0.4938 0.4789
2.0828 0.6415 2.3647 0.4887 0.4419 2.3814 0.4619 0.4916 0.4749 0.4654
2.0896 0.6342 2.3840 0.4831 0.4343 2.3574 0.4628 0.4984 0.4727 0.4641
2.0893 0.6357 2.3846 0.4837 0.4352 2.3647 0.4614 0.4961 0.4723 0.4636
2.0876 0.6374 2.3955 0.4833 0.4419 2.3498 0.4839 0.5025 0.4836 0.4702
2.0865 0.6369 2.3986 0.4806 0.4370 2.3720 0.4616 0.4994 0.4709 0.4661
2.0969 0.6383 2.4067 0.4816 0.4390 2.3792 0.4529 0.4822 0.4669 0.4596
2.0983 0.6320 2.4143 0.4752 0.4300 2.3687 0.4507 0.4837 0.4626 0.4553
2.0991 0.6331 2.4173 0.4798 0.4384 2.3672 0.4718 0.5031 0.4758 0.4685
2.1026 0.6317 2.4344 0.4710 0.4281 2.3654 0.4538 0.4918 0.4622 0.4577
2.1056 0.6294 2.4222 0.4794 0.4378 2.3816 0.4630 0.4890 0.4711 0.4620
2.1092 0.6321 2.4368 0.4726 0.4280 2.3731 0.4595 0.4918 0.4659 0.4577
2.1125 0.6260 2.4387 0.4748 0.4329 2.3955 0.4434 0.4850 0.4586 0.4575
2.1170 0.6321 2.4349 0.4843 0.4382 2.3848 0.4602 0.4915 0.4719 0.4633
2.1162 0.6284 2.4386 0.4766 0.4330 2.3756 0.4420 0.4808 0.4587 0.4557
2.1105 0.6273 2.4430 0.4740 0.4294 2.3702 0.4489 0.4879 0.4611 0.4568
2.1110 0.6359 2.4468 0.4716 0.4269 2.3643 0.4556 0.4934 0.4634 0.4578
2.1125 0.6341 2.4446 0.4730 0.4285 2.3732 0.4549 0.4930 0.4638 0.4585
2.1146 0.6300 2.4474 0.4710 0.4264 2.3654 0.4517 0.4928 0.4611 0.4572
2.1132 0.6323 2.4453 0.4746 0.4306 2.3763 0.4536 0.4891 0.4639 0.4580
2.1121 0.6324 2.4469 0.4708 0.4264 2.3690 0.4551 0.4914 0.4628 0.4566
2.1102 0.6338 2.4486 0.4724 0.4289 2.3632 0.4545 0.4877 0.4633 0.4564
2.1174 0.6330 2.4472 0.4701 0.4258 2.3751 0.4500 0.4896 0.4598 0.4555
2.1154 0.6310 2.4494 0.4712 0.4277 2.3649 0.4579 0.4914 0.4644 0.4573
2.1178 0.6323 2.4444 0.4748 0.4307 2.3772 0.4582 0.4929 0.4664 0.4597
2.1109 0.6314 2.4523 0.4704 0.4262 2.3661 0.4577 0.4939 0.4639 0.4575
2.1166 0.6331 2.4525 0.4681 0.4247 2.3698 0.4549 0.4942 0.4614 0.4568
2.1156 0.6294 2.4510 0.4708 0.4267 2.3722 0.4544 0.4910 0.4624 0.4566
2.1178 0.6308 2.4495 0.4718 0.4279 2.3724 0.4549 0.4925 0.4632 0.4579
2.1149 0.6342 2.4489 0.4722 0.4279 2.3765 0.4505 0.4891 0.4611 0.4564
2.1148 0.6310 2.4533 0.4714 0.4277 2.3694 0.4551 0.4934 0.4631 0.4582
2.1186 0.6293 2.4516 0.4706 0.4266 2.3765 0.4521 0.4912 0.4611 0.4566
2.1172 0.6330 2.4520 0.4706 0.4267 2.3693 0.4566 0.4927 0.4635 0.4573
2.1144 0.6310 2.4509 0.4710 0.4276 2.3701 0.4593 0.4946 0.4650 0.4587
2.1121 0.6309 2.4516 0.4708 0.4269 2.3715 0.4536 0.4908 0.4620 0.4566
2.1213 0.6274 2.4497 0.4734 0.4293 2.3737 0.4531 0.4892 0.4630 0.4573
2.1152 0.6331 2.4531 0.4724 0.4286 2.3696 0.4593 0.4945 0.4657 0.4592
2.1129 0.6316 2.4534 0.4736 0.4301 2.3722 0.4593 0.4949 0.4663 0.4602
2.1193 0.6343 2.4567 0.4701 0.4260 2.3643 0.4512 0.4914 0.4605 0.4563
2.1044 0.6436 2.4559 0.4716 0.4266 2.3738 0.4521 0.4918 0.4616 0.4569
2.1192 0.6267 2.4556 0.4706 0.4263 2.3693 0.4529 0.4920 0.4616 0.4568
2.1181 0.6302 2.4561 0.4683 0.4258 2.3784 0.4489 0.4892 0.4584 0.4553
2.1133 0.6274 2.4540 0.4689 0.4265 2.3688 0.4482 0.4893 0.4583 0.4557
2.1118 0.6321 2.4570 0.4665 0.4230 2.3684 0.4514 0.4905 0.4588 0.4543
2.1201 0.6267 2.4573 0.4671 0.4233 2.3702 0.4584 0.4946 0.4627 0.4562
2.1159 0.6321 2.4569 0.4671 0.4233 2.3742 0.4510 0.4937 0.4589 0.4558
2.1189 0.6243 2.4577 0.4685 0.4253 2.3738 0.4536 0.4938 0.4610 0.4570
2.1154 0.6317 2.4591 0.4665 0.4230 2.3699 0.4515 0.4931 0.4589 0.4554
2.1161 0.6291 2.4579 0.4673 0.4244 2.3758 0.4478 0.4918 0.4574 0.4556
2.1197 0.6286 2.4586 0.4675 0.4241 2.3758 0.4512 0.4906 0.4592 0.4549
2.1190 0.6278 2.4622 0.4643 0.4202 2.3665 0.4496 0.4892 0.4568 0.4521
2.1218 0.6268 2.4612 0.4653 0.4224 2.3697 0.4505 0.4926 0.4578 0.4548
2.1168 0.6273 2.4610 0.4639 0.4202 2.3751 0.4498 0.4902 0.4567 0.4525
2.1149 0.6310 2.4622 0.4645 0.4220 2.3709 0.4505 0.4886 0.4574 0.4528
2.1198 0.6232 2.4634 0.4661 0.4222 2.3737 0.4514 0.4895 0.4586 0.4534
