3.8645 0.0824 3.7529 0.1037 0.1031 3.6164 0.1354 0.1415 0.1174 0.1192
3.4481 0.2198 3.3949 0.2479 0.2373 3.3937 0.1919 0.2075 0.2163 0.2214
3.1242 0.3452 2.9886 0.4159 0.3850 3.2571 0.2236 0.2475 0.2908 0.3013
2.8206 0.4584 2.6382 0.5188 0.4821 3.1467 0.2642 0.2791 0.3501 0.3535
2.6007 0.5366 2.3997 0.5952 0.5598 3.0794 0.2827 0.3008 0.3833 0.3913
2.4232 0.6001 2.2382 0.6491 0.6209 3.0201 0.3117 0.3309 0.4211 0.4317
2.3025 0.6338 2.1296 0.6761 0.6524 2.9595 0.3259 0.3423 0.4398 0.4491
2.2085 0.6665 2.0450 0.6948 0.6706 2.9094 0.3296 0.3409 0.4471 0.4521
2.1382 0.6822 1.9825 0.7156 0.6887 2.8538 0.3458 0.3578 0.4663 0.4710
2.0963 0.6974 1.9290 0.7386 0.7131 2.8736 0.3282 0.3399 0.4545 0.4604
2.0587 0.7068 1.9110 0.7267 0.7015 2.7943 0.3639 0.3731 0.4850 0.4871
2.0280 0.7103 1.8854 0.7370 0.7145 2.8085 0.3383 0.3498 0.4637 0.4697
2.0117 0.7292 1.8741 0.7370 0.7129 2.8041 0.3326 0.3495 0.4584 0.4690
2.0000 0.7244 1.8773 0.7398 0.7186 2.7608 0.3562 0.3808 0.4809 0.4978
1.9740 0.7407 1.8600 0.7418 0.7226 2.7328 0.3497 0.3560 0.4753 0.4770
1.9698 0.7426 1.8620 0.7463 0.7269 2.7022 0.3724 0.3805 0.4968 0.4996
1.9646 0.7446 1.8632 0.7384 0.7172 2.7151 0.3655 0.3888 0.4890 0.5043
1.9592 0.7447 1.8458 0.7483 0.7278 2.7100 0.3611 0.3793 0.4872 0.4987
1.9520 0.7494 1.8622 0.7362 0.7165 2.6674 0.3653 0.3785 0.4883 0.4954
1.9520 0.7500 1.8838 0.7237 0.7050 2.6480 0.3768 0.3902 0.4956 0.5024
1.9590 0.7431 1.8695 0.7392 0.7195 2.6664 0.3734 0.3817 0.4962 0.4987
1.9577 0.7406 1.8853 0.7281 0.7088 2.6778 0.3745 0.4026 0.4946 0.5135
1.9641 0.7386 1.9007 0.7255 0.7086 2.6551 0.3792 0.4004 0.4981 0.5117
1.9637 0.7428 1.9105 0.7271 0.7076 2.6541 0.3743 0.3894 0.4942 0.5024
1.9718 0.7385 1.9116 0.7265 0.7060 2.6665 0.3724 0.3944 0.4924 0.5061
1.9770 0.7442 1.9297 0.7194 0.7002 2.6374 0.3872 0.4056 0.5034 0.5137
1.9746 0.7408 1.9300 0.7223 0.7025 2.6414 0.3826 0.3917 0.5002 0.5029
1.9850 0.7375 1.9396 0.7198 0.6982 2.6331 0.3953 0.4085 0.5103 0.5154
1.9901 0.7312 1.9593 0.7090 0.6866 2.6305 0.3923 0.4109 0.5051 0.5142
1.9893 0.7355 1.9663 0.7081 0.6831 2.6051 0.3931 0.3980 0.5056 0.5030
2.0016 0.7315 1.9763 0.6973 0.6728 2.6080 0.4002 0.4181 0.5085 0.5157
2.0079 0.7228 1.9857 0.7037 0.6797 2.6172 0.3886 0.4062 0.5007 0.5085
2.0129 0.7289 1.9992 0.6944 0.6713 2.6233 0.4107 0.4394 0.5162 0.5311
2.0154 0.7245 2.0115 0.6876 0.6628 2.6358 0.3907 0.4112 0.4983 0.5075
2.0248 0.7109 2.0247 0.6837 0.6611 2.6341 0.3898 0.4086 0.4965 0.5051
2.0295 0.7186 2.0316 0.6862 0.6612 2.6142 0.3937 0.4118 0.5003 0.5075
2.0383 0.7184 2.0388 0.6803 0.6532 2.6085 0.3903 0.4033 0.4960 0.4987
2.0376 0.7248 2.0484 0.6700 0.6461 2.6202 0.4058 0.4305 0.5055 0.5167
2.0444 0.7116 2.0638 0.6682 0.6440 2.6012 0.4065 0.4348 0.5055 0.5191
2.0474 0.7134 2.0634 0.6716 0.6461 2.6143 0.4121 0.4464 0.5108 0.5280
2.0507 0.7111 2.0766 0.6559 0.6315 2.6159 0.4113 0.4484 0.5055 0.5245
2.0556 0.7068 2.0810 0.6583 0.6360 2.5911 0.4121 0.4435 0.5069 0.5226
2.0542 0.7057 2.0844 0.6486 0.6231 2.6040 0.4148 0.4514 0.5060 0.5235
2.0589 0.7015 2.0946 0.6472 0.6233 2.6040 0.4137 0.4505 0.5048 0.5230
2.0579 0.7028 2.1029 0.6416 0.6193 2.5966 0.4055 0.4407 0.4969 0.5149
2.0706 0.7010 2.1048 0.6464 0.6220 2.5941 0.4079 0.4385 0.5002 0.5143
2.0628 0.7026 2.1182 0.6426 0.6192 2.6049 0.3982 0.4288 0.4917 0.5067
2.0763 0.6962 2.1210 0.6372 0.6110 2.6097 0.4081 0.4451 0.4975 0.5150
2.0788 0.6926 2.1239 0.6424 0.6167 2.6025 0.4079 0.4475 0.4990 0.5186
2.0855 0.6941 2.1262 0.6448 0.6178 2.5919 0.4088 0.4380 0.5004 0.5126
2.0792 0.6976 2.1344 0.6347 0.6077 2.5888 0.4070 0.4417 0.4960 0.5116
2.0810 0.6922 2.1409 0.6345 0.6069 2.5851 0.4047 0.4350 0.4942 0.5068
2.0886 0.6919 2.1448 0.6257 0.6014 2.6263 0.4037 0.4497 0.4907 0.5146
2.0808 0.6871 2.1603 0.6190 0.5930 2.5728 0.4195 0.4623 0.5001 0.5195
2.0950 0.6877 2.1509 0.6263 0.6001 2.6049 0.4090 0.4477 0.4948 0.5128
2.0936 0.6862 2.1625 0.6230 0.6008 2.5749 0.4144 0.4516 0.4978 0.5156
2.0939 0.6836 2.1606 0.6065 0.5819 2.6160 0.4120 0.4586 0.4906 0.5129
2.0978 0.6837 2.1606 0.6119 0.5877 2.6093 0.4139 0.4657 0.4938 0.5196
2.0989 0.6831 2.1638 0.6152 0.5902 2.5953 0.4160 0.4675 0.4964 0.5218
2.1014 0.6834 2.1610 0.6123 0.5844 2.5988 0.4206 0.4678 0.4987 0.5197
2.0979 0.6899 2.1594 0.6125 0.5841 2.6060 0.4202 0.4668 0.4985 0.5189
2.0949 0.6854 2.1633 0.6117 0.5858 2.5984 0.4213 0.4687 0.4990 0.5208
2.0911 0.6878 2.1635 0.6144 0.5889 2.5987 0.4197 0.4662 0.4987 0.5204
2.0941 0.6865 2.1623 0.6123 0.5868 2.5943 0.4167 0.4634 0.4959 0.5178
2.0943 0.6885 2.1646 0.6081 0.5809 2.5993 0.4142 0.4619 0.4928 0.5146
2.0946 0.6873 2.1657 0.6065 0.5803 2.5926 0.4185 0.4679 0.4952 0.5181
2.1039 0.6765 2.1675 0.6063 0.5805 2.5910 0.4199 0.4682 0.4962 0.5183
2.1036 0.6804 2.1668 0.6081 0.5832 2.5978 0.4181 0.4663 0.4955 0.5182
2.1066 0.6765 2.1658 0.6103 0.5860 2.5887 0.4199 0.4668 0.4975 0.5196
2.0895 0.6876 2.1676 0.6097 0.5854 2.5890 0.4211 0.4696 0.4982 0.5212
2.0969 0.6792 2.1675 0.6091 0.5846 2.5921 0.4176 0.4651 0.4955 0.5180
2.0904 0.6848 2.1676 0.6099 0.5848 2.6017 0.4171 0.4654 0.4954 0.5183
2.0987 0.6825 2.1677 0.6119 0.5877 2.5919 0.4208 0.4662 0.4987 0.5200
2.0940 0.6885 2.1682 0.6097 0.5834 2.5928 0.4169 0.4633 0.4952 0.5165
2.0924 0.6833 2.1665 0.6115 0.5851 2.5926 0.4164 0.4611 0.4954 0.5158
2.1036 0.6796 2.1671 0.6111 0.5852 2.5892 0.4164 0.4639 0.4953 0.5175
2.0997 0.6844 2.1682 0.6095 0.5830 2.5968 0.4164 0.4655 0.4948 0.5177
2.0965 0.6806 2.1711 0.6063 0.5806 2.5978 0.4179 0.4687 0.4948 0.5186
2.0956 0.6828 2.1695 0.6061 0.5827 2.6033 0.4141 0.4666 0.4920 0.5182
2.0963 0.6876 2.1717 0.6077 0.5835 2.5929 0.4202 0.4697 0.4969 0.5204
2.1011 0.6760 2.1718 0.6083 0.5845 2.5933 0.4172 0.4673 0.4950 0.5193
2.1025 0.6814 2.1704 0.6111 0.5848 2.5938 0.4243 0.4718 0.5008 0.5223
2.1061 0.6832 2.1719 0.6073 0.5839 2.5939 0.4157 0.4658 0.4935 0.5182
2.0992 0.6818 2.1709 0.6123 0.5886 2.5991 0.4165 0.4631 0.4958 0.5184
2.0964 0.6838 2.1742 0.6071 0.5809 2.5935 0.4211 0.4686 0.4973 0.5188
2.0937 0.6819 2.1723 0.6097 0.5835 2.6006 0.4216 0.4683 0.4985 0.5196
2.1007 0.6852 2.1728 0.6075 0.5849 2.5989 0.4134 0.4627 0.4920 0.5166
2.0933 0.6892 2.1750 0.6061 0.5796 2.5948 0.4172 0.4681 0.4942 0.5179
2.0988 0.6813 2.1746 0.6095 0.5831 2.5917 0.4186 0.4664 0.4964 0.5182
2.0995 0.6868 2.1726 0.6079 0.5818 2.6014 0.4157 0.4632 0.4937 0.5158
2.1002 0.6803 2.1767 0.6049 0.5789 2.5921 0.4206 0.4700 0.4962 0.5188
2.1006 0.6843 2.1751 0.6065 0.5830 2.5952 0.4146 0.4620 0.4925 0.5155
2.0965 0.6852 2.1748 0.6073 0.5803 2.5994 0.4190 0.4677 0.4959 0.5180
2.1003 0.6824 2.1753 0.6053 0.5788 2.5946 0.4139 0.4626 0.4916 0.5142
2.1009 0.6814 2.1771 0.6055 0.5791 2.5963 0.4169 0.4656 0.4938 0.5162
2.0993 0.6761 2.1781 0.6065 0.5803 2.5949 0.4178 0.4649 0.4947 0.5162
2.0984 0.6816 2.1779 0.6057 0.5801 2.5933 0.4135 0.4616 0.4915 0.5141
2.1000 0.6815 2.1795 0.6067 0.5809 2.5898 0.4169 0.4648 0.4942 0.5164
2.1016 0.6825 2.1765 0.6047 0.5792 2.6055 0.4181 0.4664 0.4944 0.5167
2.0981 0.6784 2.1797 0.6043 0.5792 2.5929 0.4165 0.4651 0.4931 0.5159
