3.8592 0.0917 3.7388 0.1146 0.1106 3.5305 0.1558 0.1654 0.1321 0.1326
3.3943 0.2774 3.2929 0.3358 0.3208 3.3006 0.2341 0.2345 0.2759 0.2709
2.9969 0.4184 2.8326 0.4724 0.4469 3.1318 0.2878 0.2850 0.3577 0.3480
2.6716 0.5023 2.4715 0.5785 0.5576 3.0272 0.3128 0.3039 0.4060 0.3934
2.4538 0.5803 2.2425 0.6414 0.6181 2.9589 0.3108 0.3064 0.4187 0.4097
2.3037 0.6271 2.0948 0.6856 0.6645 2.9225 0.3096 0.3064 0.4266 0.4194
2.2079 0.6766 1.9992 0.7223 0.7044 2.8902 0.3064 0.2978 0.4303 0.4186
2.1280 0.6997 1.9277 0.7366 0.7197 2.8320 0.3242 0.3137 0.4502 0.4370
2.0559 0.7201 1.8878 0.7382 0.7202 2.7824 0.3441 0.3345 0.4694 0.4568
2.0165 0.7218 1.8404 0.7509 0.7302 2.7730 0.3184 0.3078 0.4472 0.4330
1.9950 0.7369 1.8180 0.7570 0.7434 2.7814 0.3210 0.3221 0.4508 0.4494
1.9671 0.7505 1.8046 0.7574 0.7396 2.7351 0.3381 0.3381 0.4675 0.4640
1.9450 0.7496 1.7854 0.7620 0.7452 2.7132 0.3414 0.3287 0.4716 0.4562
1.9271 0.7546 1.7960 0.7598 0.7394 2.6880 0.3555 0.3477 0.4844 0.4730
1.9300 0.7604 1.7749 0.7725 0.7575 2.7293 0.3326 0.3267 0.4650 0.4565
1.9258 0.7686 1.7842 0.7670 0.7532 2.7176 0.3330 0.3263 0.4644 0.4554
1.9225 0.7736 1.7883 0.7681 0.7495 2.7073 0.3305 0.3291 0.4622 0.4574
1.9275 0.7627 1.7829 0.7683 0.7527 2.7217 0.3186 0.3220 0.4504 0.4511
1.9203 0.7633 1.8027 0.7596 0.7393 2.6944 0.3416 0.3427 0.4713 0.4683
1.9193 0.7590 1.8191 0.7489 0.7249 2.6601 0.3631 0.3640 0.4890 0.4846
1.9331 0.7476 1.8199 0.7493 0.7231 2.6477 0.3646 0.3601 0.4906 0.4808
1.9323 0.7491 1.8192 0.7549 0.7354 2.6881 0.3425 0.3483 0.4712 0.4727
1.9293 0.7572 1.8413 0.7501 0.7322 2.6531 0.3622 0.3582 0.4885 0.4811
1.9398 0.7548 1.8525 0.7497 0.7298 2.6585 0.3587 0.3588 0.4852 0.4811
1.9441 0.7562 1.8595 0.7453 0.7266 2.6490 0.3648 0.3645 0.4898 0.4855
1.9491 0.7559 1.8672 0.7495 0.7278 2.6516 0.3602 0.3588 0.4866 0.4807
1.9539 0.7540 1.8836 0.7386 0.7151 2.6544 0.3638 0.3730 0.4875 0.4903
1.9641 0.7477 1.8952 0.7356 0.7111 2.6408 0.3687 0.3779 0.4912 0.4935
1.9615 0.7501 1.9061 0.7317 0.7027 2.6300 0.3787 0.3787 0.4991 0.4922
1.9753 0.7429 1.9214 0.7273 0.6995 2.6239 0.3736 0.3820 0.4936 0.4941
1.9765 0.7429 1.9287 0.7281 0.6988 2.6280 0.3722 0.3770 0.4926 0.4898
1.9902 0.7411 1.9382 0.7309 0.7011 2.6389 0.3645 0.3722 0.4864 0.4863
1.9929 0.7406 1.9552 0.7235 0.6940 2.6038 0.3942 0.3911 0.5103 0.5002
2.0009 0.7389 1.9676 0.7134 0.6841 2.6060 0.3865 0.3890 0.5013 0.4960
2.0020 0.7360 1.9688 0.7203 0.6900 2.6467 0.3618 0.3781 0.4817 0.4885
2.0061 0.7334 1.9836 0.7213 0.6894 2.6248 0.3699 0.3842 0.4890 0.4934
2.0204 0.7236 1.9986 0.7073 0.6762 2.6039 0.3817 0.3889 0.4958 0.4938
2.0192 0.7258 2.0063 0.7017 0.6710 2.6175 0.3713 0.3826 0.4857 0.4873
2.0271 0.7257 2.0151 0.6960 0.6628 2.6107 0.3717 0.3898 0.4846 0.4909
2.0359 0.7190 2.0184 0.7031 0.6702 2.6286 0.3724 0.3925 0.4869 0.4951
2.0253 0.7212 2.0268 0.6956 0.6632 2.6261 0.3748 0.3964 0.4872 0.4962
2.0360 0.7188 2.0404 0.6906 0.6574 2.6261 0.3785 0.4030 0.4890 0.4997
2.0439 0.7173 2.0490 0.6912 0.6579 2.6332 0.3669 0.3934 0.4794 0.4924
2.0434 0.7203 2.0538 0.6916 0.6590 2.6134 0.3734 0.3898 0.4850 0.4898
2.0522 0.7135 2.0570 0.6928 0.6607 2.6188 0.3690 0.3892 0.4816 0.4899
2.0548 0.7113 2.0618 0.6821 0.6502 2.6171 0.3740 0.3975 0.4831 0.4933
2.0538 0.7170 2.0695 0.6829 0.6516 2.6105 0.3731 0.3962 0.4826 0.4928
2.0642 0.7117 2.0722 0.6874 0.6557 2.6145 0.3634 0.3828 0.4755 0.4834
2.0518 0.7214 2.0771 0.6835 0.6504 2.6323 0.3629 0.3942 0.4741 0.4908
2.0605 0.7101 2.0707 0.6846 0.6490 2.6052 0.3669 0.3862 0.4778 0.4842
2.0621 0.7040 2.0869 0.6761 0.6422 2.5881 0.3724 0.3863 0.4802 0.4824
2.0643 0.7078 2.1001 0.6674 0.6332 2.5767 0.3805 0.3981 0.4847 0.4889
2.0657 0.6982 2.0948 0.6714 0.6359 2.5891 0.3712 0.3885 0.4781 0.4823
2.0684 0.7036 2.1003 0.6610 0.6282 2.5969 0.3773 0.4018 0.4804 0.4901
2.0716 0.6931 2.1091 0.6608 0.6269 2.6027 0.3722 0.3959 0.4762 0.4853
2.0732 0.6989 2.1038 0.6706 0.6346 2.6059 0.3657 0.3824 0.4733 0.4772
2.0772 0.6972 2.1150 0.6603 0.6234 2.5944 0.3683 0.3903 0.4729 0.4801
2.0774 0.6935 2.1150 0.6636 0.6273 2.5968 0.3687 0.3876 0.4740 0.4792
2.0718 0.7047 2.1074 0.6706 0.6358 2.6208 0.3627 0.3870 0.4708 0.4811
2.0760 0.6962 2.1234 0.6597 0.6261 2.5880 0.3668 0.3915 0.4714 0.4818
2.0698 0.7048 2.1172 0.6638 0.6293 2.6156 0.3641 0.3933 0.4703 0.4841
2.0770 0.6997 2.1201 0.6614 0.6282 2.5963 0.3646 0.3913 0.4701 0.4822
2.0751 0.6979 2.1211 0.6597 0.6262 2.6020 0.3657 0.3925 0.4706 0.4825
2.0746 0.6996 2.1197 0.6636 0.6295 2.6055 0.3652 0.3911 0.4711 0.4824
2.0669 0.7087 2.1186 0.6626 0.6284 2.6040 0.3652 0.3917 0.4708 0.4826
2.0728 0.7032 2.1191 0.6614 0.6270 2.6005 0.3668 0.3945 0.4718 0.4843
2.0776 0.7008 2.1197 0.6579 0.6241 2.6072 0.3650 0.3935 0.4695 0.4827
2.0694 0.7004 2.1194 0.6599 0.6247 2.6084 0.3655 0.3934 0.4705 0.4828
2.0729 0.7012 2.1203 0.6577 0.6236 2.6026 0.3669 0.3937 0.4711 0.4827
2.0833 0.7006 2.1198 0.6589 0.6245 2.5958 0.3683 0.3922 0.4725 0.4818
2.0734 0.6993 2.1185 0.6603 0.6256 2.6032 0.3629 0.3858 0.4684 0.4773
2.0721 0.7034 2.1203 0.6610 0.6252 2.5986 0.3664 0.3895 0.4715 0.4800
2.0786 0.6997 2.1210 0.6587 0.6241 2.6001 0.3648 0.3909 0.4696 0.4808
2.0736 0.7036 2.1202 0.6591 0.6237 2.5998 0.3666 0.3911 0.4711 0.4808
2.0768 0.7017 2.1191 0.6612 0.6253 2.6055 0.3639 0.3874 0.4695 0.4784
2.0830 0.6988 2.1215 0.6587 0.6236 2.6020 0.3650 0.3903 0.4697 0.4801
2.0746 0.6997 2.1212 0.6579 0.6228 2.6004 0.3646 0.3881 0.4692 0.4782
2.0751 0.7058 2.1235 0.6565 0.6205 2.6060 0.3678 0.3942 0.4715 0.4821
2.0810 0.6959 2.1196 0.6591 0.6236 2.5991 0.3645 0.3891 0.4694 0.4792
2.0764 0.7028 2.1226 0.6549 0.6201 2.6045 0.3664 0.3921 0.4699 0.4804
2.0750 0.7034 2.1261 0.6527 0.6180 2.5989 0.3673 0.3930 0.4701 0.4805
2.0788 0.6963 2.1229 0.6597 0.6246 2.5969 0.3664 0.3906 0.4711 0.4806
2.0766 0.6986 2.1249 0.6561 0.6211 2.5999 0.3645 0.3892 0.4686 0.4786
2.0697 0.7039 2.1249 0.6549 0.6194 2.5987 0.3694 0.3964 0.4724 0.4834
2.0789 0.6973 2.1219 0.6585 0.6229 2.6078 0.3636 0.3895 0.4685 0.4793
2.0742 0.6979 2.1247 0.6563 0.6215 2.5998 0.3685 0.3942 0.4720 0.4824
2.0863 0.6950 2.1226 0.6595 0.6242 2.6034 0.3650 0.3892 0.4699 0.4795
2.0808 0.6991 2.1235 0.6593 0.6237 2.5949 0.3662 0.3890 0.4709 0.4791
2.0724 0.7076 2.1243 0.6567 0.6207 2.5927 0.3671 0.3910 0.4710 0.4798
2.0743 0.7025 2.1258 0.6551 0.6196 2.5895 0.3662 0.3899 0.4698 0.4786
2.0771 0.7031 2.1255 0.6555 0.6198 2.5997 0.3653 0.3883 0.4692 0.4774
2.0761 0.7018 2.1254 0.6553 0.6198 2.6017 0.3666 0.3907 0.4702 0.4793
2.0739 0.6996 2.1259 0.6535 0.6186 2.5970 0.3655 0.3874 0.4688 0.4764
2.0739 0.7027 2.1240 0.6565 0.6211 2.6007 0.3645 0.3861 0.4687 0.4762
2.0803 0.6968 2.1259 0.6547 0.6189 2.5948 0.3639 0.3888 0.4678 0.4776
2.0706 0.7047 2.1270 0.6537 0.6188 2.5998 0.3664 0.3928 0.4696 0.4806
2.0827 0.6967 2.1276 0.6543 0.6190 2.5952 0.3694 0.3962 0.4722 0.4831
2.0726 0.7002 2.1277 0.6509 0.6150 2.5968 0.3666 0.3912 0.4690 0.4782
2.0803 0.6957 2.1273 0.6517 0.6152 2.5908 0.3676 0.3914 0.4701 0.4785
2.0793 0.6949 2.1282 0.6501 0.6141 2.5940 0.3668 0.3904 0.4689 0.4773
