3.8546 0.0643 3.8353 0.0532 0.0552 3.3517 0.2097 0.1538 0.0849 0.0812
3.4022 0.2167 3.5120 0.1809 0.1734 3.0885 0.2996 0.2807 0.2256 0.2143
3.0811 0.3531 3.1846 0.2814 0.2527 2.9022 0.3812 0.4018 0.3238 0.3102
2.8005 0.4292 2.8764 0.3745 0.3285 2.7946 0.4086 0.4386 0.3908 0.3756
2.5728 0.5129 2.6011 0.4580 0.4034 2.7539 0.4053 0.4458 0.4300 0.4235
2.4116 0.5651 2.4110 0.5133 0.4643 2.7651 0.3942 0.4395 0.4459 0.4515
2.2945 0.5964 2.2757 0.5518 0.5072 2.7419 0.3986 0.4469 0.4629 0.4752
2.2002 0.6278 2.1743 0.5777 0.5325 2.7219 0.3947 0.4505 0.4690 0.4881
2.1366 0.6483 2.1030 0.6027 0.5597 2.7008 0.3914 0.4422 0.4746 0.4940
2.0854 0.6679 2.0669 0.6061 0.5633 2.6849 0.3996 0.4562 0.4817 0.5042
2.0545 0.6734 2.0377 0.6186 0.5785 2.6336 0.3960 0.4494 0.4828 0.5058
2.0147 0.6899 2.0211 0.6186 0.5804 2.6185 0.3982 0.4507 0.4845 0.5074
1.9992 0.6845 1.9951 0.6271 0.5887 2.6475 0.3884 0.4430 0.4797 0.5055
1.9763 0.6978 1.9970 0.6228 0.5841 2.5984 0.3909 0.4390 0.4803 0.5013
1.9644 0.7008 1.9978 0.6138 0.5709 2.6055 0.4039 0.4645 0.4872 0.5122
1.9569 0.6992 1.9907 0.6285 0.5927 2.5795 0.4014 0.4564 0.4899 0.5157
1.9521 0.6959 2.0112 0.6087 0.5685 2.5832 0.4146 0.4738 0.4932 0.5168
1.9453 0.6964 2.0170 0.6109 0.5721 2.5768 0.3942 0.4570 0.4792 0.5081
1.9477 0.6943 2.0187 0.6150 0.5749 2.5842 0.3887 0.4525 0.4764 0.5064
1.9439 0.6943 2.0292 0.6228 0.5798 2.5720 0.3956 0.4550 0.4839 0.5099
1.9504 0.6933 2.0313 0.6077 0.5599 2.5767 0.4067 0.4674 0.4873 0.5095
1.9525 0.6928 2.0542 0.6000 0.5544 2.5390 0.4049 0.4653 0.4835 0.5060
1.9537 0.6909 2.0593 0.6045 0.5581 2.5547 0.3984 0.4603 0.4803 0.5045
1.9703 0.6796 2.0863 0.5867 0.5368 2.5258 0.4165 0.4772 0.4872 0.5053
1.9686 0.6826 2.0994 0.5772 0.5305 2.5425 0.4188 0.4868 0.4854 0.5077
1.9703 0.6804 2.1131 0.5772 0.5309 2.5296 0.4086 0.4704 0.4785 0.4988
1.9822 0.6761 2.1381 0.5706 0.5263 2.5329 0.4197 0.4830 0.4837 0.5037
1.9877 0.6656 2.1621 0.5603 0.5140 2.4945 0.4248 0.4923 0.4832 0.5029
1.9903 0.6667 2.1787 0.5482 0.5014 2.5264 0.4197 0.4832 0.4754 0.4921
1.9955 0.6694 2.1842 0.5480 0.5015 2.5078 0.4218 0.4906 0.4767 0.4960
2.0104 0.6629 2.2012 0.5454 0.4981 2.5156 0.4220 0.4930 0.4758 0.4955
2.0181 0.6582 2.2347 0.5242 0.4736 2.5184 0.4331 0.5003 0.4743 0.4866
2.0180 0.6544 2.2370 0.5347 0.4854 2.5057 0.4243 0.4910 0.4731 0.4882
2.0246 0.6522 2.2590 0.5163 0.4620 2.4760 0.4266 0.4917 0.4672 0.4764
2.0297 0.6478 2.2661 0.5202 0.4696 2.5059 0.4213 0.4867 0.4655 0.4780
2.0403 0.6516 2.2883 0.5103 0.4621 2.4817 0.4201 0.4857 0.4608 0.4736
2.0516 0.6426 2.2965 0.5052 0.4541 2.4661 0.4301 0.4936 0.4646 0.4730
2.0515 0.6390 2.3127 0.5018 0.4494 2.4870 0.4299 0.5015 0.4631 0.4740
2.0582 0.6401 2.3288 0.4966 0.4438 2.4758 0.4197 0.4841 0.4549 0.4631
2.0595 0.6368 2.3290 0.4956 0.4419 2.4724 0.4434 0.5128 0.4681 0.4747
2.0688 0.6345 2.3460 0.4851 0.4328 2.4684 0.4412 0.5107 0.4621 0.4685
2.0707 0.6352 2.3645 0.4831 0.4324 2.4518 0.4352 0.4996 0.4579 0.4635
2.0742 0.6369 2.3741 0.4835 0.4307 2.4467 0.4306 0.4986 0.4555 0.4622
2.0814 0.6383 2.3721 0.4814 0.4293 2.4564 0.4408 0.5090 0.4602 0.4658
2.0843 0.6274 2.3743 0.4835 0.4311 2.4783 0.4396 0.5077 0.4605 0.4663
2.0863 0.6310 2.3878 0.4776 0.4269 2.4502 0.4427 0.5149 0.4595 0.4668
2.0952 0.6288 2.3971 0.4693 0.4179 2.4382 0.4503 0.5220 0.4596 0.4642
2.0926 0.6230 2.4042 0.4734 0.4234 2.4596 0.4440 0.5134 0.4582 0.4641
2.1014 0.6198 2.4134 0.4704 0.4220 2.4391 0.4431 0.5129 0.4563 0.4630
2.1050 0.6176 2.4205 0.4607 0.4124 2.4660 0.4413 0.5097 0.4508 0.4559
2.1034 0.6229 2.4389 0.4582 0.4106 2.4366 0.4327 0.5006 0.4451 0.4512
2.1081 0.6175 2.4477 0.4536 0.4067 2.4399 0.4505 0.5226 0.4520 0.4574
2.1123 0.6140 2.4456 0.4532 0.4084 2.4469 0.4317 0.4982 0.4422 0.4489
2.1096 0.6148 2.4553 0.4538 0.4104 2.4357 0.4385 0.5047 0.4460 0.4527
2.1146 0.6233 2.4544 0.4536 0.4094 2.4270 0.4450 0.5109 0.4493 0.4545
2.1132 0.6205 2.4637 0.4500 0.4040 2.4239 0.4426 0.5053 0.4462 0.4490
2.1132 0.6214 2.4584 0.4576 0.4117 2.4290 0.4515 0.5182 0.4546 0.4589
2.1118 0.6276 2.4676 0.4461 0.4014 2.4277 0.4449 0.5070 0.4455 0.4480
2.1163 0.6190 2.4742 0.4437 0.3989 2.4234 0.4452 0.5099 0.4445 0.4476
2.1209 0.6185 2.4773 0.4478 0.4032 2.4248 0.4452 0.5119 0.4465 0.4511
2.1233 0.6185 2.4794 0.4449 0.4017 2.4063 0.4457 0.5098 0.4453 0.4493
2.1198 0.6176 2.4742 0.4468 0.4036 2.4180 0.4461 0.5108 0.4464 0.4509
2.1189 0.6196 2.4749 0.4474 0.4024 2.4196 0.4436 0.5090 0.4455 0.4495
2.1156 0.6187 2.4750 0.4480 0.4045 2.4246 0.4470 0.5115 0.4475 0.4518
2.1253 0.6175 2.4743 0.4468 0.4021 2.4211 0.4484 0.5135 0.4476 0.4510
2.1154 0.6200 2.4783 0.4439 0.3996 2.4170 0.4500 0.5160 0.4469 0.4504
2.1186 0.6210 2.4774 0.4472 0.4023 2.4113 0.4510 0.5174 0.4491 0.4527
2.1201 0.6202 2.4809 0.4419 0.3971 2.4114 0.4496 0.5157 0.4457 0.4487
2.1226 0.6162 2.4791 0.4445 0.3996 2.4191 0.4487 0.5151 0.4466 0.4500
2.1239 0.6159 2.4814 0.4459 0.4012 2.4114 0.4501 0.5160 0.4480 0.4514
2.1248 0.6175 2.4763 0.4463 0.4009 2.4223 0.4464 0.5124 0.4464 0.4499
2.1240 0.6214 2.4789 0.4431 0.3981 2.4190 0.4529 0.5189 0.4480 0.4505
2.1203 0.6193 2.4837 0.4439 0.3992 2.4067 0.4559 0.5229 0.4499 0.4528
2.1157 0.6191 2.4819 0.4425 0.3990 2.4204 0.4468 0.5115 0.4446 0.4483
2.1148 0.6223 2.4837 0.4425 0.3987 2.4210 0.4491 0.5139 0.4458 0.4490
2.1203 0.6174 2.4831 0.4447 0.4001 2.4103 0.4500 0.5139 0.4473 0.4499
2.1188 0.6238 2.4847 0.4429 0.3984 2.4161 0.4498 0.5157 0.4463 0.4495
2.1188 0.6204 2.4848 0.4415 0.3977 2.4130 0.4489 0.5141 0.4452 0.4484
2.1177 0.6224 2.4869 0.4387 0.3951 2.4118 0.4544 0.5206 0.4464 0.4492
2.1181 0.6226 2.4845 0.4419 0.3982 2.4142 0.4478 0.5121 0.4449 0.4480
2.1192 0.6181 2.4853 0.4413 0.3986 2.4157 0.4493 0.5130 0.4452 0.4486
2.1230 0.6209 2.4855 0.4437 0.3995 2.4140 0.4478 0.5124 0.4458 0.4490
2.1216 0.6189 2.4889 0.4405 0.3966 2.4088 0.4487 0.5143 0.4446 0.4479
2.1269 0.6141 2.4853 0.4451 0.4010 2.4102 0.4471 0.5115 0.4461 0.4496
2.1211 0.6170 2.4895 0.4383 0.3954 2.4101 0.4524 0.5180 0.4452 0.4485
2.1248 0.6178 2.4866 0.4419 0.3970 2.4104 0.4484 0.5127 0.4451 0.4475
2.1150 0.6247 2.4886 0.4391 0.3955 2.4064 0.4535 0.5186 0.4462 0.4487
2.1224 0.6166 2.4857 0.4447 0.3992 2.4150 0.4484 0.5144 0.4465 0.4495
2.1192 0.6178 2.4886 0.4411 0.3984 2.4176 0.4510 0.5164 0.4460 0.4498
2.1209 0.6148 2.4921 0.4407 0.3984 2.4127 0.4519 0.5172 0.4462 0.4501
2.1286 0.6121 2.4893 0.4429 0.3996 2.4150 0.4503 0.5160 0.4466 0.4504
2.1220 0.6228 2.4920 0.4401 0.3962 2.4108 0.4515 0.5169 0.4457 0.4486
2.1274 0.6178 2.4917 0.4401 0.3970 2.4096 0.4521 0.5152 0.4460 0.4485
2.1278 0.6143 2.4914 0.4393 0.3960 2.4147 0.4535 0.5186 0.4463 0.4490
2.1220 0.6207 2.4940 0.4389 0.3953 2.4100 0.4547 0.5178 0.4467 0.4483
2.1266 0.6157 2.4951 0.4393 0.3950 2.4043 0.4531 0.5187 0.4461 0.4484
2.1280 0.6167 2.4932 0.4411 0.3975 2.4061 0.4535 0.5160 0.4472 0.4491
2.1219 0.6158 2.4942 0.4413 0.3972 2.4062 0.4529 0.5168 0.4471 0.4492
2.1223 0.6197 2.4975 0.4401 0.3961 2.4037 0.4561 0.5193 0.4480 0.4494
2.1279 0.6155 2.4943 0.4417 0.3984 2.4048 0.4512 0.5135 0.4464 0.4487
