3.8279 0.1042 3.6947 0.1140 0.1091 3.4332 0.1835 0.1887 0.1406 0.1382
3.3978 0.2720 3.2598 0.3326 0.3034 3.2272 0.2484 0.2393 0.2844 0.2676
3.0385 0.4189 2.8434 0.4972 0.4532 3.0959 0.2626 0.2569 0.3437 0.3279
2.7319 0.5085 2.5035 0.5867 0.5384 2.9968 0.2728 0.2674 0.3725 0.3573
2.5235 0.5738 2.2889 0.6489 0.6069 2.9342 0.2853 0.2834 0.3963 0.3864
2.3683 0.6279 2.1357 0.6866 0.6483 2.8892 0.2848 0.2848 0.4026 0.3957
2.2656 0.6669 2.0176 0.7209 0.6927 2.8644 0.3017 0.2921 0.4253 0.4109
2.1702 0.6978 1.9420 0.7453 0.7253 2.7918 0.3010 0.2882 0.4288 0.4125
2.1071 0.7132 1.8882 0.7555 0.7333 2.7503 0.3120 0.2984 0.4417 0.4242
2.0612 0.7317 1.8522 0.7620 0.7459 2.7482 0.3050 0.2957 0.4356 0.4235
2.0179 0.7433 1.8240 0.7685 0.7518 2.7308 0.3080 0.2953 0.4398 0.4240
2.0096 0.7512 1.8171 0.7670 0.7496 2.6997 0.3156 0.3100 0.4472 0.4386
1.9838 0.7571 1.8003 0.7676 0.7479 2.7069 0.3103 0.3021 0.4419 0.4303
1.9704 0.7566 1.8040 0.7620 0.7393 2.6545 0.3347 0.3165 0.4651 0.4433
1.9579 0.7611 1.7996 0.7757 0.7615 2.6436 0.3325 0.3166 0.4654 0.4473
1.9554 0.7561 1.7939 0.7745 0.7523 2.6517 0.3293 0.3204 0.4621 0.4494
1.9458 0.7618 1.7954 0.7737 0.7562 2.6635 0.3215 0.3236 0.4543 0.4532
1.9461 0.7692 1.7996 0.7743 0.7515 2.6359 0.3340 0.3354 0.4667 0.4638
1.9590 0.7563 1.8067 0.7723 0.7499 2.6205 0.3379 0.3412 0.4701 0.4690
1.9419 0.7611 1.8145 0.7729 0.7549 2.6117 0.3379 0.3325 0.4702 0.4616
1.9445 0.7729 1.8315 0.7626 0.7426 2.5827 0.3678 0.3580 0.4963 0.4831
1.9519 0.7613 1.8432 0.7610 0.7412 2.5744 0.3646 0.3477 0.4930 0.4733
1.9595 0.7584 1.8435 0.7616 0.7392 2.5854 0.3669 0.3645 0.4953 0.4882
1.9683 0.7540 1.8607 0.7566 0.7330 2.5717 0.3828 0.3687 0.5083 0.4906
1.9635 0.7548 1.8760 0.7562 0.7288 2.5547 0.3898 0.3815 0.5144 0.5008
1.9659 0.7558 1.8823 0.7519 0.7253 2.5711 0.3618 0.3591 0.4886 0.4804
1.9782 0.7471 1.9043 0.7406 0.7148 2.5504 0.3785 0.3783 0.5010 0.4948
1.9752 0.7520 1.9142 0.7374 0.7106 2.5432 0.3879 0.3937 0.5083 0.5066
1.9899 0.7440 1.9225 0.7382 0.7114 2.5347 0.4014 0.4041 0.5200 0.5155
2.0026 0.7393 1.9358 0.7356 0.7129 2.5473 0.3956 0.3953 0.5145 0.5086
2.0021 0.7438 1.9542 0.7257 0.6975 2.5329 0.4058 0.4031 0.5205 0.5109
2.0080 0.7327 1.9652 0.7225 0.6982 2.5375 0.3995 0.4052 0.5145 0.5128
2.0198 0.7247 1.9779 0.7196 0.6951 2.5424 0.4016 0.4068 0.5155 0.5132
2.0206 0.7268 1.9938 0.7086 0.6844 2.5168 0.4144 0.4179 0.5230 0.5189
2.0276 0.7256 2.0028 0.7057 0.6848 2.5251 0.4253 0.4319 0.5308 0.5297
2.0345 0.7226 2.0111 0.7031 0.6787 2.5237 0.4109 0.4253 0.5187 0.5229
2.0328 0.7171 2.0151 0.7037 0.6789 2.5387 0.3998 0.4131 0.5099 0.5137
2.0409 0.7189 2.0278 0.6952 0.6679 2.5150 0.4248 0.4260 0.5274 0.5202
2.0445 0.7226 2.0415 0.6908 0.6674 2.5218 0.4202 0.4234 0.5226 0.5181
2.0491 0.7236 2.0446 0.6952 0.6749 2.5345 0.4146 0.4105 0.5194 0.5105
2.0615 0.7093 2.0511 0.6894 0.6625 2.5460 0.4211 0.4219 0.5228 0.5155
2.0641 0.7151 2.0550 0.6906 0.6642 2.5454 0.4255 0.4271 0.5266 0.5199
2.0655 0.7131 2.0627 0.6817 0.6531 2.5406 0.4225 0.4195 0.5217 0.5109
2.0623 0.7073 2.0720 0.6811 0.6513 2.5328 0.4188 0.4213 0.5187 0.5117
2.0783 0.7099 2.0812 0.6767 0.6457 2.5309 0.4209 0.4307 0.5190 0.5168
2.0759 0.7046 2.0889 0.6763 0.6447 2.5341 0.4269 0.4379 0.5234 0.5215
2.0746 0.7130 2.0947 0.6720 0.6411 2.5346 0.4153 0.4320 0.5134 0.5162
2.0790 0.7080 2.1030 0.6702 0.6399 2.5308 0.4091 0.4266 0.5081 0.5119
2.0799 0.7046 2.1035 0.6696 0.6390 2.5389 0.4099 0.4237 0.5085 0.5095
2.0872 0.6990 2.1027 0.6743 0.6454 2.5424 0.4120 0.4271 0.5114 0.5141
2.0879 0.7014 2.1130 0.6622 0.6319 2.5351 0.4192 0.4278 0.5134 0.5102
2.0907 0.6959 2.1183 0.6581 0.6286 2.5390 0.4148 0.4334 0.5089 0.5131
2.0959 0.6988 2.1297 0.6533 0.6214 2.5366 0.4202 0.4380 0.5115 0.5138
2.0877 0.7024 2.1292 0.6557 0.6233 2.5263 0.4225 0.4372 0.5139 0.5139
2.0926 0.6944 2.1331 0.6491 0.6139 2.5179 0.4338 0.4463 0.5200 0.5168
2.0986 0.6973 2.1379 0.6495 0.6190 2.5339 0.4218 0.4330 0.5114 0.5096
2.0934 0.6956 2.1417 0.6414 0.6135 2.5159 0.4396 0.4545 0.5216 0.5222
2.1009 0.6901 2.1449 0.6503 0.6213 2.5271 0.4260 0.4427 0.5148 0.5170
2.0948 0.6960 2.1469 0.6406 0.6110 2.5366 0.4276 0.4435 0.5129 0.5139
2.1006 0.6906 2.1494 0.6339 0.6062 2.5263 0.4186 0.4365 0.5043 0.5076
2.1021 0.6871 2.1496 0.6337 0.6034 2.5245 0.4262 0.4433 0.5097 0.5111
2.0919 0.6906 2.1502 0.6361 0.6059 2.5240 0.4303 0.4462 0.5133 0.5139
2.0997 0.6906 2.1496 0.6365 0.6079 2.5263 0.4273 0.4438 0.5113 0.5131
2.1006 0.6906 2.1497 0.6363 0.6083 2.5248 0.4248 0.4407 0.5095 0.5111
2.0943 0.6955 2.1482 0.6363 0.6083 2.5242 0.4253 0.4409 0.5099 0.5113
2.1018 0.6922 2.1503 0.6355 0.6075 2.5259 0.4243 0.4422 0.5088 0.5118
2.1018 0.6915 2.1500 0.6361 0.6079 2.5260 0.4259 0.4408 0.5102 0.5111
2.1005 0.6862 2.1506 0.6355 0.6073 2.5289 0.4250 0.4425 0.5094 0.5120
2.0970 0.6964 2.1503 0.6374 0.6097 2.5285 0.4245 0.4398 0.5096 0.5110
2.1033 0.6835 2.1497 0.6376 0.6096 2.5275 0.4253 0.4428 0.5103 0.5130
2.1011 0.6932 2.1503 0.6384 0.6085 2.5309 0.4271 0.4445 0.5118 0.5138
2.1014 0.6936 2.1487 0.6386 0.6098 2.5350 0.4248 0.4395 0.5102 0.5108
2.1020 0.6914 2.1522 0.6363 0.6079 2.5277 0.4230 0.4393 0.5082 0.5100
2.1021 0.6905 2.1534 0.6353 0.6068 2.5295 0.4246 0.4405 0.5090 0.5104
2.0974 0.6902 2.1519 0.6355 0.6069 2.5262 0.4245 0.4422 0.5090 0.5116
2.0962 0.6977 2.1522 0.6347 0.6060 2.5321 0.4225 0.4417 0.5073 0.5110
2.1006 0.6934 2.1515 0.6370 0.6084 2.5282 0.4259 0.4424 0.5104 0.5123
2.1014 0.6942 2.1501 0.6400 0.6105 2.5358 0.4246 0.4424 0.5105 0.5130
2.1066 0.6932 2.1520 0.6384 0.6099 2.5249 0.4253 0.4382 0.5105 0.5100
2.1037 0.6951 2.1539 0.6380 0.6093 2.5279 0.4225 0.4369 0.5084 0.5089
2.0975 0.6948 2.1560 0.6398 0.6107 2.5187 0.4269 0.4419 0.5121 0.5128
2.0991 0.6972 2.1552 0.6359 0.6079 2.5278 0.4227 0.4369 0.5078 0.5084
2.1055 0.6898 2.1548 0.6388 0.6109 2.5197 0.4222 0.4320 0.5084 0.5061
2.1133 0.6835 2.1518 0.6392 0.6108 2.5338 0.4193 0.4351 0.5064 0.5082
2.1088 0.6864 2.1553 0.6388 0.6108 2.5281 0.4245 0.4374 0.5100 0.5098
2.1045 0.6947 2.1569 0.6376 0.6092 2.5231 0.4229 0.4361 0.5085 0.5083
2.0953 0.6989 2.1551 0.6351 0.6060 2.5260 0.4269 0.4421 0.5106 0.5113
2.0932 0.6985 2.1561 0.6363 0.6079 2.5269 0.4253 0.4417 0.5099 0.5117
2.1063 0.6860 2.1567 0.6363 0.6060 2.5184 0.4241 0.4403 0.5090 0.5100
2.1069 0.6866 2.1553 0.6390 0.6097 2.5315 0.4252 0.4413 0.5106 0.5120
2.1024 0.6906 2.1578 0.6349 0.6066 2.5287 0.4229 0.4397 0.5076 0.5099
2.1103 0.6859 2.1585 0.6361 0.6074 2.5225 0.4243 0.4400 0.5090 0.5103
2.1060 0.6903 2.1574 0.6345 0.6063 2.5308 0.4211 0.4393 0.5062 0.5095
2.1009 0.6953 2.1586 0.6323 0.6033 2.5334 0.4245 0.4419 0.5079 0.5101
2.1046 0.6906 2.1588 0.6323 0.6038 2.5290 0.4250 0.4414 0.5083 0.5100
2.0989 0.6946 2.1616 0.6305 0.6018 2.5232 0.4241 0.4417 0.5071 0.5095
2.1054 0.6854 2.1595 0.6335 0.6049 2.5274 0.4239 0.4414 0.5079 0.5104
2.1021 0.6935 2.1615 0.6295 0.6009 2.5242 0.4241 0.4422 0.5068 0.5095
2.1115 0.6881 2.1621 0.6309 0.6015 2.5303 0.4223 0.4421 0.5060 0.5097
2.1136 0.6849 2.1603 0.6331 0.6040 2.5265 0.4227 0.4414 0.5069 0.5101
