6.5908 0.0035 6.5253 0.0081 0.0081 6.5727 0.0007 0.0007 0.0013 0.0013
6.4685 0.0174 6.3834 0.0298 0.0298 6.5080 0.0014 0.0014 0.0027 0.0027
6.2666 0.0385 6.1090 0.0589 0.0589 6.3062 0.0125 0.0125 0.0206 0.0206
5.9106 0.0752 5.6870 0.1039 0.1039 5.9946 0.0194 0.0194 0.0328 0.0328
5.4379 0.1332 5.1496 0.1760 0.1760 5.7065 0.0410 0.0410 0.0665 0.0665
4.9295 0.2003 4.6689 0.2415 0.2415 5.5476 0.0396 0.0396 0.0680 0.0680
4.4872 0.2640 4.2799 0.3081 0.3081 5.3651 0.0583 0.0583 0.0981 0.0981
4.1137 0.3299 3.9150 0.3508 0.3508 5.2719 0.0417 0.0417 0.0745 0.0745
3.8037 0.3679 3.6266 0.4178 0.4178 5.1363 0.0396 0.0396 0.0723 0.0723
3.5557 0.4073 3.4331 0.4484 0.4484 5.0484 0.0375 0.0375 0.0692 0.0692
3.3439 0.4440 3.2131 0.4733 0.4733 4.9822 0.0576 0.0576 0.1028 0.1028
3.1705 0.4765 3.0759 0.5074 0.5074 4.9232 0.0458 0.0458 0.0841 0.0841
3.0130 0.5067 2.9284 0.5291 0.5291 4.9071 0.0375 0.0375 0.0700 0.0700
2.8789 0.5345 2.7877 0.5422 0.5422 4.8470 0.0486 0.0486 0.0892 0.0892
2.7591 0.5542 2.6970 0.5663 0.5663 4.8249 0.0500 0.0500 0.0919 0.0919
2.6628 0.5701 2.5682 0.5826 0.5826 4.8234 0.0375 0.0375 0.0705 0.0705
2.5609 0.5931 2.5093 0.5981 0.5981 4.7695 0.0569 0.0569 0.1040 0.1040
2.4655 0.6162 2.4122 0.6283 0.6283 4.7970 0.0465 0.0465 0.0866 0.0866
2.3930 0.6257 2.3125 0.6430 0.6430 4.7324 0.0514 0.0514 0.0952 0.0952
2.3173 0.6462 2.2421 0.6531 0.6531 4.7236 0.0590 0.0590 0.1083 0.1083
2.2399 0.6615 2.1723 0.6736 0.6736 4.7442 0.0535 0.0535 0.0991 0.0991
2.1659 0.6792 2.1023 0.6818 0.6818 4.7740 0.0410 0.0410 0.0773 0.0773
2.1112 0.6844 2.0517 0.7004 0.7004 4.7278 0.0486 0.0486 0.0909 0.0909
2.0332 0.7044 2.0003 0.7202 0.7202 4.7012 0.0465 0.0465 0.0874 0.0874
1.9737 0.7199 2.0007 0.7217 0.7217 4.7322 0.0431 0.0431 0.0813 0.0813
1.9335 0.7296 1.8825 0.7376 0.7376 4.6972 0.0507 0.0507 0.0949 0.0949
1.8874 0.7441 1.8249 0.7484 0.7484 4.7212 0.0472 0.0472 0.0888 0.0888
1.8292 0.7517 1.7974 0.7585 0.7585 4.6831 0.0507 0.0507 0.0950 0.0950
1.7844 0.7639 1.7074 0.7752 0.7752 4.6925 0.0521 0.0521 0.0976 0.0976
1.7140 0.7858 1.6710 0.7888 0.7888 4.6817 0.0514 0.0514 0.0965 0.0965
1.6829 0.7901 1.6462 0.7973 0.7973 4.6801 0.0583 0.0583 0.1087 0.1087
1.6272 0.8100 1.5924 0.8047 0.8047 4.6629 0.0576 0.0576 0.1076 0.1076
1.5854 0.8192 1.5679 0.8116 0.8116 4.6808 0.0604 0.0604 0.1125 0.1125
1.5771 0.8174 1.5185 0.8186 0.8186 4.7234 0.0569 0.0569 0.1065 0.1065
1.5240 0.8286 1.4812 0.8252 0.8252 4.7130 0.0542 0.0542 0.1017 0.1017
1.4902 0.8322 1.4397 0.8360 0.8360 4.6880 0.0569 0.0569 0.1066 0.1066
1.4389 0.8501 1.4341 0.8450 0.8450 4.6760 0.0569 0.0569 0.1067 0.1067
1.4026 0.8521 1.3923 0.8562 0.8562 4.7026 0.0535 0.0535 0.1007 0.1007
1.3715 0.8605 1.3365 0.8640 0.8640 4.6894 0.0611 0.0611 0.1141 0.1141
1.3505 0.8649 1.2984 0.8647 0.8647 4.6948 0.0590 0.0590 0.1105 0.1105
1.3077 0.8735 1.2696 0.8760 0.8760 4.6820 0.0639 0.0639 0.1191 0.1191
1.2775 0.8819 1.2446 0.8771 0.8771 4.6936 0.0694 0.0694 0.1287 0.1287
1.2541 0.8886 1.2209 0.8826 0.8826 4.7074 0.0639 0.0639 0.1192 0.1192
1.2225 0.8892 1.1859 0.8957 0.8957 4.6783 0.0583 0.0583 0.1095 0.1095
1.1894 0.9074 1.1503 0.9027 0.9027 4.6835 0.0611 0.0611 0.1145 0.1145
1.1739 0.9062 1.1377 0.9078 0.9078 4.6987 0.0590 0.0590 0.1108 0.1108
1.1346 0.9189 1.0904 0.9101 0.9101 4.6926 0.0646 0.0646 0.1206 0.1206
1.1063 0.9232 1.0829 0.9202 0.9202 4.7004 0.0604 0.0604 0.1134 0.1134
1.0755 0.9309 1.0461 0.9267 0.9267 4.7371 0.0611 0.0611 0.1147 0.1147
1.0597 0.9296 1.0168 0.9291 0.9291 4.6832 0.0736 0.0736 0.1364 0.1364
1.0521 0.9309 1.0019 0.9291 0.9291 4.6912 0.0722 0.0722 0.1340 0.1340
1.0342 0.9340 1.0158 0.9298 0.9298 4.6874 0.0674 0.0674 0.1256 0.1256
1.0480 0.9352 1.0124 0.9326 0.9326 4.6884 0.0674 0.0674 0.1256 0.1256
1.0299 0.9357 1.0011 0.9368 0.9368 4.6970 0.0618 0.0618 0.1160 0.1160
1.0304 0.9351 1.0010 0.9368 0.9368 4.7026 0.0618 0.0618 0.1160 0.1160
1.0196 0.9380 0.9982 0.9376 0.9376 4.6893 0.0618 0.0618 0.1160 0.1160
1.0312 0.9396 1.0025 0.9399 0.9399 4.6887 0.0618 0.0618 0.1160 0.1160
1.0136 0.9449 0.9983 0.9403 0.9403 4.7014 0.0611 0.0611 0.1148 0.1148
1.0245 0.9377 1.0003 0.9407 0.9407 4.6951 0.0639 0.0639 0.1197 0.1197
1.0149 0.9412 0.9869 0.9415 0.9415 4.6990 0.0681 0.0681 0.1269 0.1269
1.0066 0.9432 0.9809 0.9419 0.9419 4.6918 0.0639 0.0639 0.1197 0.1197
1.0096 0.9440 0.9724 0.9430 0.9430 4.6934 0.0632 0.0632 0.1185 0.1185
1.0067 0.9429 0.9779 0.9419 0.9419 4.6866 0.0639 0.0639 0.1197 0.1197
1.0001 0.9436 0.9760 0.9430 0.9430 4.6883 0.0625 0.0625 0.1172 0.1172
0.9943 0.9468 0.9898 0.9438 0.9438 4.6914 0.0604 0.0604 0.1136 0.1136
0.9878 0.9454 0.9597 0.9457 0.9457 4.6891 0.0611 0.0611 0.1148 0.1148
0.9967 0.9454 0.9637 0.9473 0.9473 4.6890 0.0618 0.0618 0.1160 0.1160
0.9938 0.9450 0.9648 0.9484 0.9484 4.6864 0.0674 0.0674 0.1258 0.1258
0.9973 0.9433 0.9744 0.9477 0.9477 4.6882 0.0660 0.0660 0.1234 0.1234
0.9930 0.9445 0.9675 0.9488 0.9488 4.6743 0.0618 0.0618 0.1161 0.1161
0.9752 0.9530 0.9427 0.9477 0.9477 4.6840 0.0632 0.0632 0.1185 0.1185
0.9816 0.9500 0.9555 0.9488 0.9488 4.6800 0.0646 0.0646 0.1209 0.1209
0.9761 0.9503 0.9500 0.9484 0.9484 4.6846 0.0653 0.0653 0.1221 0.1221
0.9747 0.9515 0.9440 0.9500 0.9500 4.6874 0.0646 0.0646 0.1209 0.1209
0.9690 0.9517 0.9522 0.9496 0.9496 4.6792 0.0625 0.0625 0.1173 0.1173
0.9744 0.9480 0.9460 0.9508 0.9508 4.6843 0.0667 0.0667 0.1246 0.1246
0.9734 0.9485 0.9411 0.9519 0.9519 4.6909 0.0646 0.0646 0.1210 0.1210
0.9716 0.9517 0.9298 0.9535 0.9535 4.6757 0.0681 0.0681 0.1270 0.1270
0.9590 0.9534 0.9336 0.9535 0.9535 4.6823 0.0660 0.0660 0.1234 0.1234
0.9643 0.9536 0.9337 0.9543 0.9543 4.6847 0.0653 0.0653 0.1222 0.1222
0.9623 0.9530 0.9400 0.9523 0.9523 4.6825 0.0653 0.0653 0.1222 0.1222
0.9583 0.9517 0.9249 0.9543 0.9543 4.6746 0.0618 0.0618 0.1161 0.1161
0.9532 0.9564 0.9340 0.9550 0.9550 4.6847 0.0646 0.0646 0.1210 0.1210
0.9580 0.9536 0.9161 0.9558 0.9558 4.6906 0.0653 0.0653 0.1222 0.1222
0.9550 0.9508 0.9359 0.9558 0.9558 4.6937 0.0653 0.0653 0.1222 0.1222
0.9397 0.9562 0.9162 0.9554 0.9554 4.6815 0.0646 0.0646 0.1210 0.1210
0.9524 0.9552 0.9203 0.9562 0.9562 4.6840 0.0639 0.0639 0.1198 0.1198
0.9321 0.9628 0.9145 0.9581 0.9581 4.6850 0.0632 0.0632 0.1186 0.1186
0.9507 0.9539 0.9132 0.9570 0.9570 4.6901 0.0632 0.0632 0.1186 0.1186
0.9375 0.9553 0.9093 0.9574 0.9574 4.6881 0.0618 0.0618 0.1161 0.1161
0.9332 0.9599 0.9116 0.9581 0.9581 4.6820 0.0639 0.0639 0.1198 0.1198
0.9289 0.9589 0.9080 0.9585 0.9585 4.6784 0.0660 0.0660 0.1234 0.1234
0.9249 0.9609 0.9045 0.9601 0.9601 4.6872 0.0688 0.0688 0.1283 0.1283
0.9307 0.9566 0.8969 0.9620 0.9620 4.6861 0.0660 0.0660 0.1235 0.1235
0.9246 0.9603 0.9091 0.9612 0.9612 4.6956 0.0667 0.0667 0.1247 0.1247
0.9236 0.9596 0.8889 0.9620 0.9620 4.6837 0.0646 0.0646 0.1210 0.1210
0.9215 0.9598 0.8894 0.9601 0.9601 4.6796 0.0625 0.0625 0.1174 0.1174
0.9099 0.9639 0.8979 0.9605 0.9605 4.6845 0.0646 0.0646 0.1210 0.1210
0.9085 0.9638 0.8978 0.9605 0.9605 4.6801 0.0660 0.0660 0.1235 0.1235
0.9168 0.9610 0.8887 0.9620 0.9620 4.6757 0.0639 0.0639 0.1198 0.1198
