6.2118 0.0135 7.2351 0.0000 0.0000 5.3234 0.0285 0.0285 0.0000 0.0000
5.2533 0.1175 8.2464 0.0000 0.0000 4.3018 0.1674 0.1674 0.0000 0.0000
4.6293 0.3680 7.9307 0.0000 0.0000 3.8418 0.2625 0.2625 0.0000 0.0000
4.0948 0.4921 8.1800 0.0000 0.0000 3.3535 0.3326 0.3326 0.0000 0.0000
3.6274 0.6080 8.1182 0.0000 0.0000 3.0363 0.3694 0.3694 0.0000 0.0000
3.2323 0.6646 7.9431 0.0000 0.0000 2.8575 0.3882 0.3882 0.0000 0.0000
2.9231 0.6994 7.7138 0.0000 0.0000 2.7637 0.4042 0.4042 0.0000 0.0000
2.6693 0.7292 7.4281 0.0000 0.0000 2.7284 0.4069 0.4069 0.0000 0.0000
2.4636 0.7448 7.1765 0.0000 0.0000 2.7291 0.4083 0.4083 0.0000 0.0000
2.3178 0.7481 6.8589 0.0000 0.0000 2.7337 0.4118 0.4118 0.0000 0.0000
2.1879 0.7616 6.6374 0.0008 0.0008 2.7503 0.4194 0.4194 0.0015 0.0015
2.0745 0.7654 6.3631 0.0012 0.0012 2.7732 0.4160 0.4160 0.0023 0.0023
1.9772 0.7694 6.1733 0.0023 0.0023 2.7888 0.4215 0.4215 0.0046 0.0046
1.8966 0.7797 5.9236 0.0062 0.0062 2.8390 0.4243 0.4243 0.0122 0.0122
1.8180 0.7796 5.7014 0.0093 0.0093 2.8538 0.4250 0.4250 0.0182 0.0182
1.7581 0.7841 5.5382 0.0116 0.0116 2.8774 0.4299 0.4299 0.0226 0.0226
1.6806 0.7917 5.2968 0.0174 0.0174 2.9328 0.4250 0.4250 0.0335 0.0335
1.6077 0.7955 5.1424 0.0229 0.0229 2.9361 0.4229 0.4229 0.0434 0.0434
1.5751 0.7958 4.9368 0.0322 0.0322 2.9855 0.4243 0.4243 0.0598 0.0598
1.5162 0.7972 4.8628 0.0457 0.0457 3.0189 0.4201 0.4201 0.0825 0.0825
1.4688 0.8028 4.7046 0.0550 0.0550 3.0197 0.4264 0.4264 0.0975 0.0975
1.4102 0.8053 4.5907 0.0678 0.0678 3.0567 0.4188 0.4188 0.1167 0.1167
1.3851 0.8080 4.3992 0.0798 0.0798 3.0749 0.4201 0.4201 0.1342 0.1342
1.3417 0.8111 4.3053 0.0965 0.0965 3.0883 0.4194 0.4194 0.1569 0.1569
1.3053 0.8184 4.1479 0.1132 0.1132 3.1576 0.4194 0.4194 0.1783 0.1783
1.2650 0.8191 4.0192 0.1291 0.1291 3.1871 0.4215 0.4215 0.1976 0.1976
1.2302 0.8229 3.9641 0.1384 0.1384 3.2082 0.4167 0.4167 0.2078 0.2078
1.2091 0.8276 3.8622 0.1516 0.1516 3.2213 0.4097 0.4097 0.2213 0.2213
1.1767 0.8309 3.8162 0.1601 0.1601 3.2483 0.4111 0.4111 0.2304 0.2304
1.1673 0.8315 3.7035 0.1760 0.1760 3.2888 0.4007 0.4007 0.2445 0.2445
1.1260 0.8370 3.6151 0.1845 0.1845 3.3015 0.4042 0.4042 0.2533 0.2533
1.1050 0.8375 3.5181 0.1996 0.1996 3.3236 0.4083 0.4083 0.2681 0.2681
1.0841 0.8373 3.4348 0.2089 0.2089 3.3325 0.3979 0.3979 0.2740 0.2740
1.0592 0.8423 3.4117 0.2236 0.2236 3.3442 0.4007 0.4007 0.2871 0.2871
1.0328 0.8435 3.3316 0.2481 0.2481 3.3944 0.3965 0.3965 0.3052 0.3052
1.0232 0.8463 3.2780 0.2504 0.2504 3.3884 0.3979 0.3979 0.3074 0.3074
0.9897 0.8496 3.1834 0.2636 0.2636 3.4046 0.3931 0.3931 0.3155 0.3155
0.9867 0.8513 3.0960 0.2655 0.2655 3.4370 0.3875 0.3875 0.3151 0.3151
0.9540 0.8581 3.0710 0.2872 0.2872 3.4525 0.3882 0.3882 0.3302 0.3302
0.9440 0.8560 3.0310 0.2965 0.2965 3.4763 0.3819 0.3819 0.3338 0.3338
0.9184 0.8580 2.9488 0.3043 0.3043 3.5006 0.3826 0.3826 0.3390 0.3390
0.9045 0.8618 2.8723 0.3186 0.3186 3.5104 0.3819 0.3819 0.3474 0.3474
0.8962 0.8626 2.8387 0.3291 0.3291 3.5354 0.3764 0.3764 0.3511 0.3511
0.8778 0.8646 2.7987 0.3388 0.3388 3.5832 0.3757 0.3757 0.3563 0.3563
0.8654 0.8704 2.7314 0.3469 0.3469 3.5670 0.3681 0.3681 0.3572 0.3572
0.8517 0.8697 2.7105 0.3473 0.3473 3.5668 0.3688 0.3688 0.3577 0.3577
0.8507 0.8666 2.6355 0.3702 0.3702 3.6313 0.3576 0.3576 0.3638 0.3638
0.8185 0.8751 2.6365 0.3717 0.3717 3.6219 0.3701 0.3701 0.3709 0.3709
0.8003 0.8801 2.5461 0.3826 0.3826 3.6447 0.3639 0.3639 0.3730 0.3730
0.8107 0.8735 2.5018 0.3864 0.3864 3.6662 0.3569 0.3569 0.3711 0.3711
0.7908 0.8798 2.5165 0.3899 0.3899 3.6696 0.3653 0.3653 0.3772 0.3772
0.7917 0.8753 2.5226 0.3953 0.3953 3.6637 0.3639 0.3639 0.3790 0.3790
0.7987 0.8767 2.4947 0.3992 0.3992 3.6523 0.3604 0.3604 0.3788 0.3788
0.7871 0.8791 2.5164 0.3973 0.3973 3.6492 0.3618 0.3618 0.3787 0.3787
0.7841 0.8789 2.4829 0.3973 0.3973 3.6683 0.3597 0.3597 0.3776 0.3776
0.7749 0.8819 2.4711 0.4000 0.4000 3.6720 0.3625 0.3625 0.3803 0.3803
0.7780 0.8799 2.4489 0.3992 0.3992 3.6754 0.3618 0.3618 0.3796 0.3796
0.7852 0.8789 2.4427 0.4000 0.4000 3.6673 0.3618 0.3618 0.3799 0.3799
0.7759 0.8828 2.4800 0.4047 0.4047 3.6668 0.3611 0.3611 0.3816 0.3816
0.7692 0.8828 2.4531 0.4070 0.4070 3.6572 0.3597 0.3597 0.3819 0.3819
0.7766 0.8826 2.4749 0.4105 0.4105 3.6747 0.3632 0.3632 0.3854 0.3854
0.7710 0.8824 2.4752 0.4105 0.4105 3.6796 0.3618 0.3618 0.3846 0.3846
0.7706 0.8818 2.4143 0.4159 0.4159 3.6819 0.3611 0.3611 0.3866 0.3866
0.7781 0.8863 2.4026 0.4155 0.4155 3.6735 0.3597 0.3597 0.3856 0.3856
0.7735 0.8816 2.4533 0.4198 0.4198 3.6787 0.3597 0.3597 0.3874 0.3874
0.7558 0.8844 2.4218 0.4190 0.4190 3.6919 0.3625 0.3625 0.3887 0.3887
0.7626 0.8841 2.4071 0.4213 0.4213 3.6852 0.3604 0.3604 0.3885 0.3885
0.7689 0.8830 2.3915 0.4198 0.4198 3.6820 0.3590 0.3590 0.3870 0.3870
0.7642 0.8842 2.4410 0.4213 0.4213 3.6888 0.3583 0.3583 0.3873 0.3873
0.7630 0.8842 2.4149 0.4186 0.4186 3.6767 0.3563 0.3563 0.3849 0.3849
0.7534 0.8872 2.4088 0.4236 0.4236 3.6857 0.3583 0.3583 0.3883 0.3883
0.7543 0.8874 2.4019 0.4252 0.4252 3.6848 0.3597 0.3597 0.3897 0.3897
0.7497 0.8897 2.4388 0.4236 0.4236 3.6877 0.3563 0.3563 0.3870 0.3870
0.7592 0.8831 2.3940 0.4225 0.4225 3.6793 0.3542 0.3542 0.3853 0.3853
0.7508 0.8855 2.4057 0.4264 0.4264 3.6925 0.3590 0.3590 0.3898 0.3898
0.7510 0.8895 2.4438 0.4267 0.4267 3.6812 0.3583 0.3583 0.3896 0.3896
0.7608 0.8843 2.3398 0.4287 0.4287 3.7073 0.3556 0.3556 0.3887 0.3887
0.7497 0.8862 2.3628 0.4287 0.4287 3.7087 0.3556 0.3556 0.3887 0.3887
0.7501 0.8870 2.3493 0.4322 0.4322 3.7045 0.3535 0.3535 0.3889 0.3889
0.7366 0.8896 2.3664 0.4337 0.4337 3.7023 0.3569 0.3569 0.3916 0.3916
0.7526 0.8849 2.3962 0.4322 0.4322 3.7154 0.3583 0.3583 0.3918 0.3918
0.7404 0.8901 2.3971 0.4337 0.4337 3.7163 0.3563 0.3563 0.3912 0.3912
0.7427 0.8912 2.3615 0.4341 0.4341 3.7084 0.3583 0.3583 0.3926 0.3926
0.7356 0.8903 2.3534 0.4341 0.4341 3.7009 0.3549 0.3549 0.3905 0.3905
0.7436 0.8845 2.3828 0.4353 0.4353 3.7094 0.3535 0.3535 0.3901 0.3901
0.7467 0.8858 2.3040 0.4388 0.4388 3.7265 0.3535 0.3535 0.3915 0.3915
0.7417 0.8871 2.3269 0.4380 0.4380 3.7180 0.3563 0.3563 0.3929 0.3929
0.7397 0.8883 2.3804 0.4399 0.4399 3.7151 0.3549 0.3549 0.3928 0.3928
0.7386 0.8880 2.3276 0.4403 0.4403 3.7294 0.3556 0.3556 0.3934 0.3934
0.7322 0.8872 2.2906 0.4411 0.4411 3.7196 0.3563 0.3563 0.3942 0.3942
0.7281 0.8895 2.3157 0.4426 0.4426 3.7304 0.3556 0.3556 0.3943 0.3943
0.7368 0.8869 2.3060 0.4442 0.4442 3.7242 0.3542 0.3542 0.3941 0.3941
0.7288 0.8920 2.3025 0.4461 0.4461 3.7414 0.3528 0.3528 0.3940 0.3940
0.7323 0.8897 2.2940 0.4477 0.4477 3.7351 0.3514 0.3514 0.3937 0.3937
0.7399 0.8866 2.2657 0.4500 0.4500 3.7454 0.3507 0.3507 0.3942 0.3942
0.7262 0.8915 2.2706 0.4473 0.4473 3.7333 0.3500 0.3500 0.3927 0.3927
0.7277 0.8895 2.2965 0.4488 0.4488 3.7360 0.3535 0.3535 0.3955 0.3955
0.7288 0.8870 2.2798 0.4519 0.4519 3.7508 0.3528 0.3528 0.3962 0.3962
0.7234 0.8884 2.3094 0.4535 0.4535 3.7437 0.3507 0.3507 0.3955 0.3955
0.7212 0.8892 2.2706 0.4527 0.4527 3.7359 0.3521 0.3521 0.3961 0.3961
