6.5717 0.0044 6.5277 0.0039 0.0039 6.4360 0.0229 0.0229 0.0066 0.0066
6.4328 0.0128 6.4332 0.0031 0.0031 6.0123 0.0410 0.0410 0.0058 0.0058
6.2056 0.0280 6.2261 0.0047 0.0047 5.4047 0.1215 0.1215 0.0090 0.0090
5.8425 0.0733 5.8726 0.0159 0.0159 4.8424 0.2090 0.2090 0.0295 0.0295
5.3841 0.1211 5.3998 0.0488 0.0488 4.5137 0.2812 0.2813 0.0832 0.0832
4.8951 0.1925 4.8312 0.1267 0.1267 4.4639 0.2799 0.2799 0.1745 0.1745
4.4462 0.2718 4.4199 0.2140 0.2140 4.4685 0.2521 0.2521 0.2315 0.2315
4.0736 0.3327 4.1111 0.2426 0.2426 4.3007 0.2576 0.2576 0.2499 0.2499
3.7709 0.3700 3.8143 0.2938 0.2938 4.2270 0.2694 0.2694 0.2811 0.2811
3.5083 0.4210 3.5682 0.3376 0.3376 4.2323 0.2500 0.2500 0.2873 0.2873
3.3176 0.4605 3.3894 0.3674 0.3674 4.2032 0.2229 0.2229 0.2775 0.2775
3.1359 0.4871 3.2087 0.4155 0.4155 4.2073 0.2146 0.2146 0.2830 0.2830
2.9800 0.5127 3.0746 0.4380 0.4380 4.1472 0.2354 0.2354 0.3062 0.3062
2.8630 0.5442 2.9217 0.4698 0.4698 4.1718 0.2083 0.2083 0.2887 0.2887
2.7528 0.5598 2.8201 0.4764 0.4764 4.1362 0.2174 0.2174 0.2985 0.2985
2.6140 0.5929 2.7300 0.5147 0.5147 4.1587 0.2062 0.2063 0.2945 0.2945
2.5597 0.6002 2.6005 0.5298 0.5298 4.2186 0.1854 0.1854 0.2747 0.2747
2.4525 0.6231 2.5714 0.5477 0.5477 4.1519 0.2076 0.2076 0.3011 0.3011
2.3513 0.6471 2.4875 0.5674 0.5674 4.1418 0.2062 0.2063 0.3025 0.3025
2.3063 0.6479 2.3980 0.5969 0.5969 4.1860 0.1875 0.1875 0.2854 0.2854
2.2459 0.6576 2.3009 0.6205 0.6205 4.2088 0.1757 0.1757 0.2739 0.2739
2.1525 0.6870 2.2483 0.6388 0.6388 4.2155 0.1819 0.1819 0.2832 0.2832
2.1022 0.6918 2.1680 0.6426 0.6426 4.2031 0.1833 0.1833 0.2853 0.2853
2.0353 0.7165 2.0983 0.6585 0.6585 4.1930 0.1764 0.1764 0.2782 0.2782
1.9734 0.7186 2.0429 0.6760 0.6760 4.2198 0.1743 0.1743 0.2771 0.2771
1.9216 0.7354 1.9816 0.6791 0.6791 4.2484 0.1597 0.1597 0.2586 0.2586
1.8765 0.7463 1.9264 0.6996 0.6996 4.2635 0.1688 0.1688 0.2719 0.2719
1.8317 0.7551 1.8732 0.7093 0.7093 4.2117 0.1625 0.1625 0.2644 0.2644
1.7752 0.7669 1.8255 0.7202 0.7202 4.2889 0.1576 0.1576 0.2587 0.2587
1.7282 0.7763 1.7607 0.7360 0.7360 4.2835 0.1597 0.1597 0.2625 0.2625
1.6802 0.7769 1.7221 0.7516 0.7516 4.2939 0.1549 0.1549 0.2568 0.2568
1.6359 0.7973 1.6913 0.7589 0.7589 4.2720 0.1535 0.1535 0.2553 0.2553
1.5917 0.8074 1.6312 0.7713 0.7713 4.3013 0.1521 0.1521 0.2541 0.2541
1.5670 0.8112 1.6041 0.7841 0.7841 4.3109 0.1514 0.1514 0.2538 0.2538
1.5301 0.8232 1.5633 0.7984 0.7984 4.3273 0.1451 0.1451 0.2456 0.2456
1.4832 0.8360 1.5180 0.8039 0.8039 4.3344 0.1444 0.1444 0.2449 0.2449
1.4639 0.8402 1.5147 0.8085 0.8085 4.3390 0.1306 0.1306 0.2248 0.2248
1.4371 0.8387 1.4457 0.8147 0.8147 4.3232 0.1549 0.1549 0.2603 0.2603
1.3798 0.8519 1.4420 0.8240 0.8240 4.3627 0.1479 0.1479 0.2508 0.2508
1.3676 0.8565 1.4231 0.8353 0.8353 4.3654 0.1431 0.1431 0.2443 0.2443
1.3245 0.8664 1.3879 0.8450 0.8450 4.4096 0.1410 0.1410 0.2416 0.2416
1.2938 0.8775 1.3260 0.8453 0.8453 4.3941 0.1396 0.1396 0.2396 0.2396
1.2600 0.8767 1.3153 0.8550 0.8550 4.3781 0.1361 0.1361 0.2348 0.2348
1.2313 0.8858 1.2727 0.8612 0.8612 4.3990 0.1403 0.1403 0.2413 0.2413
1.2067 0.8913 1.2462 0.8674 0.8674 4.4414 0.1382 0.1382 0.2384 0.2384
1.1787 0.8960 1.2135 0.8744 0.8744 4.3981 0.1347 0.1347 0.2335 0.2335
1.1529 0.8994 1.1750 0.8829 0.8829 4.4524 0.1278 0.1278 0.2232 0.2232
1.1382 0.9056 1.1701 0.8930 0.8930 4.4649 0.1347 0.1347 0.2341 0.2341
1.1156 0.9047 1.1290 0.8965 0.8965 4.4193 0.1306 0.1306 0.2279 0.2279
1.0807 0.9147 1.1142 0.9019 0.9019 4.4347 0.1299 0.1299 0.2270 0.2270
1.0736 0.9185 1.1142 0.9050 0.9050 4.4287 0.1340 0.1340 0.2335 0.2335
1.0578 0.9196 1.0883 0.9085 0.9085 4.4277 0.1319 0.1319 0.2304 0.2304
1.0595 0.9204 1.0919 0.9097 0.9097 4.4342 0.1285 0.1285 0.2251 0.2251
1.0449 0.9286 1.1016 0.9101 0.9101 4.4369 0.1285 0.1285 0.2252 0.2252
1.0566 0.9232 1.1038 0.9097 0.9097 4.4302 0.1264 0.1264 0.2219 0.2219
1.0388 0.9270 1.0734 0.9116 0.9116 4.4391 0.1319 0.1319 0.2305 0.2305
1.0390 0.9276 1.0834 0.9128 0.9128 4.4430 0.1313 0.1313 0.2295 0.2295
1.0572 0.9221 1.0737 0.9159 0.9159 4.4368 0.1306 0.1306 0.2285 0.2285
1.0277 0.9323 1.0688 0.9174 0.9174 4.4288 0.1313 0.1313 0.2296 0.2296
1.0275 0.9334 1.0607 0.9178 0.9178 4.4282 0.1278 0.1278 0.2243 0.2243
1.0353 0.9321 1.0598 0.9186 0.9186 4.4479 0.1271 0.1271 0.2233 0.2233
1.0180 0.9339 1.0560 0.9198 0.9198 4.4309 0.1292 0.1292 0.2265 0.2265
1.0231 0.9319 1.0658 0.9202 0.9202 4.4431 0.1292 0.1292 0.2265 0.2265
1.0205 0.9369 1.0671 0.9229 0.9229 4.4424 0.1347 0.1347 0.2351 0.2351
1.0116 0.9400 1.0517 0.9229 0.9229 4.4406 0.1347 0.1347 0.2351 0.2351
1.0139 0.9378 1.0595 0.9217 0.9217 4.4362 0.1326 0.1326 0.2319 0.2319
1.0153 0.9305 1.0472 0.9229 0.9229 4.4431 0.1319 0.1319 0.2309 0.2309
1.0060 0.9374 1.0459 0.9240 0.9240 4.4354 0.1319 0.1319 0.2309 0.2309
1.0015 0.9399 1.0420 0.9240 0.9240 4.4445 0.1299 0.1299 0.2277 0.2277
1.0031 0.9382 1.0262 0.9229 0.9229 4.4472 0.1313 0.1313 0.2298 0.2298
1.0033 0.9334 1.0323 0.9240 0.9240 4.4434 0.1292 0.1292 0.2267 0.2267
1.0084 0.9351 1.0383 0.9248 0.9248 4.4487 0.1306 0.1306 0.2288 0.2288
0.9929 0.9394 1.0298 0.9252 0.9252 4.4437 0.1292 0.1292 0.2267 0.2267
0.9978 0.9383 1.0250 0.9252 0.9252 4.4447 0.1299 0.1299 0.2278 0.2278
0.9977 0.9378 1.0304 0.9279 0.9279 4.4486 0.1299 0.1299 0.2278 0.2278
0.9913 0.9400 1.0273 0.9283 0.9283 4.4563 0.1285 0.1285 0.2257 0.2257
0.9863 0.9415 1.0147 0.9302 0.9302 4.4527 0.1313 0.1313 0.2300 0.2300
0.9880 0.9365 1.0226 0.9291 0.9291 4.4442 0.1299 0.1299 0.2279 0.2279
0.9885 0.9392 1.0363 0.9298 0.9298 4.4435 0.1306 0.1306 0.2290 0.2290
0.9805 0.9409 1.0132 0.9298 0.9298 4.4503 0.1292 0.1292 0.2268 0.2268
0.9729 0.9433 1.0283 0.9295 0.9295 4.4556 0.1299 0.1299 0.2279 0.2279
0.9846 0.9415 0.9962 0.9298 0.9298 4.4587 0.1299 0.1299 0.2279 0.2279
0.9742 0.9430 1.0100 0.9314 0.9314 4.4539 0.1299 0.1299 0.2279 0.2279
0.9795 0.9395 0.9996 0.9318 0.9318 4.4479 0.1333 0.1333 0.2333 0.2333
0.9843 0.9376 1.0113 0.9306 0.9306 4.4544 0.1313 0.1313 0.2301 0.2301
0.9705 0.9413 0.9928 0.9341 0.9341 4.4589 0.1326 0.1326 0.2323 0.2323
0.9729 0.9424 0.9927 0.9341 0.9341 4.4487 0.1306 0.1306 0.2291 0.2291
0.9682 0.9425 0.9979 0.9349 0.9349 4.4558 0.1292 0.1292 0.2270 0.2270
0.9600 0.9438 0.9975 0.9364 0.9364 4.4641 0.1299 0.1299 0.2281 0.2281
0.9568 0.9461 0.9848 0.9360 0.9360 4.4620 0.1278 0.1278 0.2249 0.2249
0.9460 0.9485 0.9899 0.9368 0.9368 4.4676 0.1299 0.1299 0.2281 0.2281
0.9648 0.9428 0.9825 0.9353 0.9353 4.4598 0.1299 0.1299 0.2281 0.2281
0.9492 0.9472 0.9871 0.9380 0.9380 4.4705 0.1271 0.1271 0.2238 0.2238
0.9500 0.9482 0.9800 0.9388 0.9388 4.4671 0.1278 0.1278 0.2249 0.2249
0.9375 0.9483 0.9708 0.9376 0.9376 4.4622 0.1278 0.1278 0.2249 0.2249
0.9429 0.9489 0.9650 0.9376 0.9376 4.4648 0.1278 0.1278 0.2249 0.2249
0.9442 0.9467 0.9651 0.9372 0.9372 4.4619 0.1271 0.1271 0.2238 0.2238
0.9293 0.9510 0.9793 0.9388 0.9388 4.4619 0.1264 0.1264 0.2228 0.2228
0.9324 0.9515 0.9529 0.9403 0.9403 4.4679 0.1292 0.1292 0.2271 0.2271
0.9388 0.9492 0.9745 0.9415 0.9415 4.4795 0.1257 0.1257 0.2218 0.2218
