6.5573 0.0137 6.5605 0.0019 0.0019 6.2360 0.0465 0.0465 0.0037 0.0037
6.3491 0.0317 6.5494 0.0000 0.0000 5.4997 0.1160 0.1160 0.0000 0.0000
6.0733 0.0673 6.4045 0.0004 0.0004 4.9219 0.2007 0.2007 0.0008 0.0008
5.7274 0.1275 6.1651 0.0012 0.0012 4.3838 0.2750 0.2750 0.0023 0.0023
5.3324 0.1765 5.7740 0.0058 0.0058 4.0495 0.3132 0.3132 0.0114 0.0114
4.9064 0.2210 5.3102 0.0291 0.0291 3.8705 0.3535 0.3535 0.0537 0.0537
4.4640 0.2724 4.8479 0.0779 0.0779 3.9168 0.3764 0.3764 0.1291 0.1291
4.0987 0.3162 4.4477 0.1306 0.1306 3.9450 0.3611 0.3611 0.1918 0.1918
3.8148 0.3610 4.1826 0.1674 0.1674 3.8343 0.3639 0.3639 0.2293 0.2293
3.5433 0.3951 3.8792 0.2163 0.2163 3.8560 0.3451 0.3451 0.2659 0.2659
3.3179 0.4353 3.6893 0.2795 0.2795 3.8858 0.3479 0.3479 0.3100 0.3100
3.1396 0.4733 3.4618 0.3016 0.3016 3.8532 0.3549 0.3549 0.3260 0.3260
2.9897 0.4950 3.3121 0.3372 0.3372 3.9043 0.3264 0.3264 0.3317 0.3317
2.8450 0.5320 3.2113 0.3647 0.3647 3.8633 0.3229 0.3229 0.3426 0.3426
2.7171 0.5531 3.0529 0.4008 0.4008 3.8824 0.3118 0.3118 0.3507 0.3507
2.6212 0.5719 2.9317 0.4302 0.4302 3.9231 0.3000 0.3000 0.3535 0.3535
2.5185 0.5910 2.8801 0.4539 0.4539 3.9441 0.2847 0.2847 0.3499 0.3499
2.4497 0.6000 2.7113 0.4713 0.4713 3.9455 0.2840 0.2840 0.3545 0.3545
2.3633 0.6161 2.6657 0.4791 0.4791 3.9025 0.2861 0.2861 0.3583 0.3583
2.2798 0.6306 2.5425 0.5074 0.5074 3.9554 0.2764 0.2764 0.3578 0.3578
2.2082 0.6501 2.4853 0.5244 0.5244 3.9884 0.2681 0.2681 0.3548 0.3548
2.1499 0.6589 2.3967 0.5399 0.5399 3.9794 0.2583 0.2583 0.3495 0.3495
2.0700 0.6844 2.3265 0.5578 0.5578 3.9734 0.2576 0.2576 0.3525 0.3525
2.0353 0.6812 2.2503 0.5791 0.5791 3.9950 0.2472 0.2472 0.3465 0.3465
1.9392 0.7094 2.2115 0.5911 0.5911 4.0358 0.2472 0.2472 0.3486 0.3486
1.9052 0.7146 2.1194 0.6023 0.6023 4.0327 0.2396 0.2396 0.3428 0.3428
1.8498 0.7222 2.0870 0.6178 0.6178 4.0645 0.2243 0.2243 0.3291 0.3291
1.7971 0.7378 2.0259 0.6364 0.6364 4.0816 0.2292 0.2292 0.3370 0.3370
1.7695 0.7368 2.0127 0.6450 0.6450 4.0757 0.2299 0.2299 0.3389 0.3389
1.7178 0.7541 1.9274 0.6585 0.6585 4.1113 0.2174 0.2174 0.3268 0.3268
1.6621 0.7681 1.8742 0.6725 0.6725 4.1154 0.2139 0.2139 0.3246 0.3246
1.6490 0.7666 1.8176 0.6876 0.6876 4.1015 0.2160 0.2160 0.3287 0.3287
1.5886 0.7810 1.7832 0.7058 0.7058 4.1404 0.2104 0.2104 0.3242 0.3242
1.5538 0.7920 1.7450 0.7070 0.7070 4.1963 0.2021 0.2021 0.3143 0.3143
1.5055 0.8012 1.6733 0.7267 0.7267 4.1643 0.1993 0.1993 0.3128 0.3128
1.4747 0.8114 1.6613 0.7326 0.7326 4.1674 0.2028 0.2028 0.3176 0.3176
1.4471 0.8148 1.6280 0.7457 0.7457 4.2343 0.1861 0.1861 0.2979 0.2979
1.3998 0.8261 1.5790 0.7566 0.7566 4.2026 0.1951 0.1951 0.3103 0.3103
1.3861 0.8278 1.5507 0.7705 0.7705 4.2207 0.1924 0.1924 0.3079 0.3079
1.3408 0.8397 1.5279 0.7744 0.7744 4.2242 0.1958 0.1958 0.3126 0.3126
1.3230 0.8412 1.4547 0.7826 0.7826 4.2475 0.1799 0.1799 0.2925 0.2925
1.2955 0.8476 1.4509 0.7950 0.7950 4.2605 0.1840 0.1840 0.2989 0.2989
1.2726 0.8556 1.3882 0.8093 0.8093 4.2668 0.1812 0.1813 0.2962 0.2962
1.2256 0.8655 1.3757 0.8120 0.8120 4.2571 0.1840 0.1840 0.3001 0.3001
1.2175 0.8667 1.3591 0.8182 0.8182 4.2824 0.1778 0.1778 0.2921 0.2921
1.1873 0.8720 1.2994 0.8267 0.8267 4.3117 0.1708 0.1708 0.2832 0.2832
1.1668 0.8754 1.3204 0.8318 0.8318 4.3136 0.1736 0.1736 0.2873 0.2873
1.1413 0.8823 1.2779 0.8422 0.8422 4.3226 0.1722 0.1722 0.2860 0.2860
1.1225 0.8880 1.2292 0.8527 0.8527 4.3419 0.1694 0.1694 0.2827 0.2827
1.0819 0.8997 1.2009 0.8539 0.8539 4.3308 0.1715 0.1715 0.2857 0.2857
1.0651 0.8988 1.1941 0.8570 0.8570 4.3283 0.1715 0.1715 0.2858 0.2858
1.0576 0.9073 1.1973 0.8651 0.8651 4.3350 0.1743 0.1743 0.2902 0.2902
1.0602 0.9029 1.1883 0.8651 0.8651 4.3337 0.1715 0.1715 0.2863 0.2863
1.0434 0.9089 1.1860 0.8671 0.8671 4.3291 0.1729 0.1729 0.2883 0.2883
1.0515 0.9047 1.1796 0.8671 0.8671 4.3386 0.1743 0.1743 0.2903 0.2903
1.0493 0.9054 1.1949 0.8671 0.8671 4.3404 0.1701 0.1701 0.2845 0.2845
1.0400 0.9070 1.1679 0.8694 0.8694 4.3425 0.1694 0.1694 0.2836 0.2836
1.0284 0.9138 1.1548 0.8729 0.8729 4.3392 0.1667 0.1667 0.2799 0.2799
1.0323 0.9129 1.1737 0.8756 0.8756 4.3465 0.1681 0.1681 0.2820 0.2820
1.0358 0.9128 1.1647 0.8771 0.8771 4.3500 0.1708 0.1708 0.2860 0.2860
1.0366 0.9088 1.1321 0.8783 0.8783 4.3466 0.1667 0.1667 0.2802 0.2802
1.0105 0.9234 1.1522 0.8767 0.8767 4.3443 0.1688 0.1688 0.2830 0.2830
1.0231 0.9191 1.1532 0.8779 0.8779 4.3523 0.1694 0.1694 0.2841 0.2841
1.0267 0.9119 1.1529 0.8798 0.8798 4.3506 0.1708 0.1708 0.2861 0.2861
1.0265 0.9155 1.1627 0.8814 0.8814 4.3662 0.1674 0.1674 0.2813 0.2813
1.0166 0.9156 1.1344 0.8814 0.8814 4.3520 0.1660 0.1660 0.2793 0.2793
1.0115 0.9197 1.1427 0.8822 0.8822 4.3460 0.1674 0.1674 0.2813 0.2813
1.0183 0.9177 1.1288 0.8829 0.8829 4.3598 0.1708 0.1708 0.2863 0.2863
1.0132 0.9146 1.1301 0.8857 0.8857 4.3620 0.1653 0.1653 0.2786 0.2786
1.0221 0.9146 1.1100 0.8841 0.8841 4.3518 0.1674 0.1674 0.2814 0.2814
1.0080 0.9182 1.1485 0.8833 0.8833 4.3566 0.1708 0.1708 0.2863 0.2863
1.0053 0.9219 1.1295 0.8860 0.8860 4.3629 0.1667 0.1667 0.2806 0.2806
0.9943 0.9222 1.1073 0.8868 0.8868 4.3522 0.1715 0.1715 0.2875 0.2875
0.9859 0.9234 1.1333 0.8876 0.8876 4.3502 0.1729 0.1729 0.2894 0.2894
1.0037 0.9206 1.1309 0.8860 0.8860 4.3692 0.1715 0.1715 0.2874 0.2874
0.9937 0.9209 1.1018 0.8860 0.8860 4.3640 0.1708 0.1708 0.2864 0.2864
0.9865 0.9235 1.1183 0.8868 0.8868 4.3678 0.1688 0.1688 0.2835 0.2835
0.9875 0.9244 1.1061 0.8903 0.8903 4.3681 0.1694 0.1694 0.2847 0.2847
0.9860 0.9244 1.1085 0.8922 0.8922 4.3713 0.1708 0.1708 0.2868 0.2868
0.9879 0.9232 1.1110 0.8926 0.8926 4.3696 0.1674 0.1674 0.2819 0.2819
0.9888 0.9187 1.1213 0.8911 0.8911 4.3598 0.1681 0.1681 0.2828 0.2828
0.9840 0.9239 1.1028 0.8942 0.8942 4.3736 0.1639 0.1639 0.2770 0.2770
0.9699 0.9268 1.1101 0.8922 0.8922 4.3685 0.1653 0.1653 0.2789 0.2789
0.9829 0.9251 1.0939 0.8953 0.8953 4.3787 0.1618 0.1618 0.2741 0.2741
0.9706 0.9295 1.1136 0.8965 0.8965 4.3690 0.1674 0.1674 0.2821 0.2821
0.9682 0.9279 1.0772 0.8973 0.8973 4.3699 0.1681 0.1681 0.2831 0.2831
0.9652 0.9296 1.0731 0.8969 0.8969 4.3689 0.1639 0.1639 0.2771 0.2771
0.9737 0.9290 1.0831 0.8981 0.8981 4.3611 0.1632 0.1632 0.2762 0.2762
0.9626 0.9333 1.0849 0.8996 0.8996 4.3749 0.1646 0.1646 0.2783 0.2783
0.9682 0.9285 1.0933 0.8992 0.8992 4.3790 0.1639 0.1639 0.2772 0.2772
0.9600 0.9285 1.0773 0.9031 0.9031 4.3838 0.1653 0.1653 0.2794 0.2794
0.9478 0.9340 1.0636 0.9031 0.9031 4.3789 0.1639 0.1639 0.2774 0.2774
0.9620 0.9308 1.0668 0.9039 0.9039 4.3738 0.1660 0.1660 0.2804 0.2804
0.9470 0.9371 1.0620 0.9039 0.9039 4.3832 0.1618 0.1618 0.2745 0.2745
0.9538 0.9328 1.0696 0.9035 0.9035 4.3801 0.1632 0.1632 0.2765 0.2765
0.9557 0.9305 1.0415 0.9062 0.9062 4.3774 0.1646 0.1646 0.2786 0.2786
0.9555 0.9283 1.0628 0.9070 0.9070 4.3855 0.1646 0.1646 0.2786 0.2786
0.9393 0.9358 1.0537 0.9074 0.9074 4.3755 0.1646 0.1646 0.2786 0.2786
0.9469 0.9333 1.0588 0.9089 0.9089 4.3893 0.1646 0.1646 0.2787 0.2787
0.9326 0.9386 1.0563 0.9093 0.9093 4.3912 0.1639 0.1639 0.2777 0.2777
