6.1050 0.0322 7.3878 0.0000 0.0000 5.2605 0.0285 0.0285 0.0000 0.0000
4.9017 0.1290 9.1278 0.0000 0.0000 4.2412 0.1535 0.1535 0.0000 0.0000
4.1518 0.4380 8.5308 0.0000 0.0000 3.7505 0.2451 0.2451 0.0000 0.0000
3.5612 0.5784 9.3179 0.0000 0.0000 3.2396 0.3264 0.3264 0.0000 0.0000
3.0181 0.7119 9.3032 0.0000 0.0000 2.9188 0.3764 0.3764 0.0000 0.0000
2.5822 0.7705 9.2499 0.0000 0.0000 2.7365 0.3903 0.3903 0.0000 0.0000
2.2704 0.8046 9.0706 0.0000 0.0000 2.6589 0.4028 0.4028 0.0000 0.0000
2.0266 0.8306 8.7925 0.0000 0.0000 2.6182 0.4049 0.4049 0.0000 0.0000
1.8662 0.8424 8.4868 0.0000 0.0000 2.6071 0.4083 0.4083 0.0000 0.0000
1.7359 0.8521 8.3347 0.0000 0.0000 2.6173 0.4104 0.4104 0.0000 0.0000
1.6387 0.8592 8.0136 0.0000 0.0000 2.6331 0.4104 0.4104 0.0000 0.0000
1.5523 0.8627 7.8511 0.0000 0.0000 2.6393 0.4139 0.4139 0.0000 0.0000
1.4634 0.8734 7.6035 0.0000 0.0000 2.6402 0.4229 0.4229 0.0000 0.0000
1.4046 0.8768 7.4086 0.0000 0.0000 2.6492 0.4181 0.4181 0.0000 0.0000
1.3493 0.8807 7.2766 0.0000 0.0000 2.6819 0.4250 0.4250 0.0000 0.0000
1.2963 0.8834 7.0856 0.0000 0.0000 2.6894 0.4229 0.4229 0.0000 0.0000
1.2560 0.8866 6.9025 0.0000 0.0000 2.7121 0.4201 0.4201 0.0000 0.0000
1.2091 0.8870 6.8356 0.0000 0.0000 2.7261 0.4264 0.4264 0.0000 0.0000
1.1703 0.8909 6.5732 0.0004 0.0004 2.7416 0.4208 0.4208 0.0008 0.0008
1.1361 0.8909 6.4999 0.0008 0.0008 2.7729 0.4222 0.4222 0.0015 0.0015
1.1003 0.8929 6.4269 0.0008 0.0008 2.7723 0.4271 0.4271 0.0015 0.0015
1.0724 0.8940 6.2286 0.0012 0.0012 2.7916 0.4271 0.4271 0.0023 0.0023
1.0429 0.8948 6.1085 0.0027 0.0027 2.8030 0.4264 0.4264 0.0054 0.0054
1.0212 0.8959 5.9561 0.0031 0.0031 2.8275 0.4215 0.4215 0.0062 0.0062
0.9999 0.8962 5.8222 0.0031 0.0031 2.8533 0.4181 0.4181 0.0062 0.0062
0.9685 0.8966 5.7254 0.0054 0.0054 2.8745 0.4215 0.4215 0.0107 0.0107
0.9451 0.8985 5.6560 0.0066 0.0066 2.8792 0.4208 0.4208 0.0130 0.0130
0.9311 0.8979 5.5291 0.0109 0.0109 2.8954 0.4167 0.4167 0.0212 0.0212
0.9015 0.9001 5.4265 0.0159 0.0159 2.9148 0.4208 0.4208 0.0306 0.0306
0.8819 0.8991 5.3610 0.0182 0.0182 2.9361 0.4174 0.4174 0.0349 0.0349
0.8707 0.8994 5.1869 0.0209 0.0209 2.9527 0.4208 0.4208 0.0399 0.0399
0.8487 0.9018 5.1386 0.0260 0.0260 2.9667 0.4194 0.4194 0.0489 0.0489
0.8316 0.9021 4.9906 0.0333 0.0333 2.9921 0.4160 0.4160 0.0617 0.0617
0.8168 0.9027 4.9394 0.0388 0.0388 3.0256 0.4146 0.4146 0.0709 0.0709
0.8044 0.9028 4.8462 0.0438 0.0438 3.0333 0.4062 0.4062 0.0791 0.0791
0.7948 0.9029 4.7523 0.0500 0.0500 3.0647 0.4132 0.4132 0.0892 0.0892
0.7773 0.9050 4.6350 0.0543 0.0543 3.0703 0.4146 0.4146 0.0960 0.0960
0.7604 0.9058 4.5779 0.0570 0.0570 3.0926 0.4097 0.4097 0.1000 0.1000
0.7466 0.9058 4.5007 0.0636 0.0636 3.1200 0.4090 0.4090 0.1100 0.1100
0.7372 0.9078 4.4184 0.0674 0.0674 3.1096 0.4111 0.4111 0.1159 0.1159
0.7286 0.9061 4.3874 0.0752 0.0752 3.1100 0.4104 0.4104 0.1271 0.1271
0.7141 0.9079 4.3177 0.0806 0.0806 3.1487 0.4097 0.4097 0.1347 0.1347
0.7055 0.9079 4.2323 0.0899 0.0899 3.1444 0.4118 0.4118 0.1476 0.1476
0.6874 0.9104 4.1901 0.0934 0.0934 3.1538 0.4125 0.4125 0.1523 0.1523
0.6736 0.9101 4.1543 0.1105 0.1105 3.2037 0.4090 0.4090 0.1740 0.1740
0.6701 0.9122 4.0688 0.1128 0.1128 3.1886 0.4056 0.4056 0.1765 0.1765
0.6731 0.9112 4.0584 0.1155 0.1155 3.2167 0.4146 0.4146 0.1807 0.1807
0.6528 0.9132 3.9395 0.1256 0.1256 3.2069 0.4139 0.4139 0.1927 0.1927
0.6441 0.9127 3.8551 0.1415 0.1415 3.2345 0.4160 0.4160 0.2111 0.2111
0.6387 0.9138 3.7834 0.1500 0.1500 3.2520 0.4097 0.4097 0.2196 0.2196
0.6331 0.9153 3.8490 0.1484 0.1484 3.2528 0.4118 0.4118 0.2182 0.2182
0.6236 0.9150 3.7991 0.1496 0.1496 3.2479 0.4125 0.4125 0.2196 0.2196
0.6168 0.9167 3.7725 0.1535 0.1535 3.2414 0.4132 0.4132 0.2238 0.2238
0.6179 0.9146 3.8035 0.1570 0.1570 3.2515 0.4139 0.4139 0.2276 0.2276
0.6185 0.9158 3.8011 0.1585 0.1585 3.2429 0.4153 0.4153 0.2295 0.2295
0.6266 0.9136 3.7750 0.1628 0.1628 3.2522 0.4132 0.4132 0.2336 0.2336
0.6201 0.9147 3.7601 0.1616 0.1616 3.2605 0.4118 0.4118 0.2321 0.2321
0.6251 0.9160 3.7372 0.1632 0.1632 3.2588 0.4153 0.4153 0.2343 0.2343
0.6163 0.9161 3.7237 0.1632 0.1632 3.2400 0.4153 0.4153 0.2343 0.2343
0.6189 0.9154 3.7042 0.1655 0.1655 3.2495 0.4146 0.4146 0.2366 0.2366
0.6199 0.9144 3.7433 0.1690 0.1690 3.2602 0.4146 0.4146 0.2401 0.2401
0.6142 0.9168 3.7481 0.1694 0.1694 3.2638 0.4146 0.4146 0.2405 0.2405
0.6050 0.9162 3.7016 0.1686 0.1686 3.2595 0.4111 0.4111 0.2391 0.2391
0.6134 0.9150 3.7287 0.1698 0.1698 3.2531 0.4132 0.4132 0.2407 0.2407
0.6138 0.9150 3.7162 0.1705 0.1705 3.2568 0.4118 0.4118 0.2412 0.2412
0.6111 0.9155 3.6715 0.1713 0.1713 3.2597 0.4139 0.4139 0.2423 0.2423
0.6075 0.9166 3.6957 0.1721 0.1721 3.2664 0.4111 0.4111 0.2426 0.2426
0.6156 0.9152 3.6531 0.1713 0.1713 3.2597 0.4132 0.4132 0.2422 0.2422
0.5970 0.9202 3.6575 0.1725 0.1725 3.2648 0.4132 0.4132 0.2434 0.2434
0.6093 0.9164 3.6524 0.1733 0.1733 3.2688 0.4118 0.4118 0.2439 0.2439
0.6011 0.9172 3.6337 0.1729 0.1729 3.2738 0.4118 0.4118 0.2435 0.2435
0.6025 0.9182 3.6784 0.1740 0.1740 3.2764 0.4111 0.4111 0.2445 0.2445
0.6028 0.9177 3.6651 0.1752 0.1752 3.2677 0.4104 0.4104 0.2456 0.2456
0.6009 0.9174 3.6682 0.1764 0.1764 3.2758 0.4104 0.4104 0.2467 0.2467
0.5993 0.9175 3.6533 0.1775 0.1775 3.2685 0.4111 0.4111 0.2480 0.2480
0.5982 0.9186 3.6163 0.1775 0.1775 3.2687 0.4111 0.4111 0.2480 0.2480
0.5983 0.9183 3.6478 0.1795 0.1795 3.2672 0.4153 0.4153 0.2506 0.2506
0.6009 0.9178 3.6320 0.1806 0.1806 3.2806 0.4118 0.4118 0.2511 0.2511
0.5995 0.9162 3.6406 0.1818 0.1818 3.2856 0.4111 0.4111 0.2521 0.2521
0.5950 0.9190 3.6303 0.1818 0.1818 3.2785 0.4132 0.4132 0.2525 0.2525
0.5948 0.9184 3.5873 0.1829 0.1829 3.2863 0.4139 0.4139 0.2537 0.2537
0.5912 0.9188 3.5977 0.1849 0.1849 3.2837 0.4132 0.4132 0.2555 0.2555
0.5976 0.9182 3.6256 0.1857 0.1857 3.2874 0.4118 0.4118 0.2559 0.2559
0.5887 0.9174 3.6108 0.1860 0.1860 3.2801 0.4097 0.4097 0.2559 0.2559
0.5911 0.9188 3.6066 0.1876 0.1876 3.2870 0.4111 0.4111 0.2576 0.2576
0.5946 0.9170 3.6126 0.1868 0.1868 3.2820 0.4132 0.4132 0.2573 0.2573
0.5921 0.9176 3.5631 0.1907 0.1907 3.2969 0.4104 0.4104 0.2604 0.2604
0.5879 0.9171 3.5621 0.1922 0.1922 3.3070 0.4104 0.4104 0.2618 0.2618
0.5932 0.9195 3.5812 0.1915 0.1915 3.2992 0.4125 0.4125 0.2615 0.2615
0.5868 0.9171 3.5548 0.1922 0.1922 3.2963 0.4111 0.4111 0.2620 0.2620
0.5873 0.9184 3.5667 0.1903 0.1903 3.3015 0.4090 0.4090 0.2598 0.2598
0.5855 0.9195 3.5353 0.1907 0.1907 3.3077 0.4076 0.4076 0.2598 0.2598
0.5868 0.9188 3.5727 0.1899 0.1899 3.3038 0.4090 0.4090 0.2594 0.2594
0.5825 0.9185 3.5518 0.1938 0.1938 3.3021 0.4097 0.4097 0.2631 0.2631
0.5815 0.9194 3.5045 0.1953 0.1953 3.3167 0.4097 0.4097 0.2646 0.2646
0.5790 0.9197 3.4948 0.1973 0.1973 3.3056 0.4083 0.4083 0.2660 0.2660
0.5806 0.9200 3.5189 0.1992 0.1992 3.3134 0.4104 0.4104 0.2682 0.2682
0.5866 0.9193 3.5377 0.1988 0.1988 3.3125 0.4062 0.4063 0.2670 0.2670
0.5769 0.9201 3.5053 0.1969 0.1969 3.3048 0.4035 0.4035 0.2646 0.2646
0.5834 0.9180 3.4667 0.1981 0.1981 3.3158 0.4076 0.4076 0.2666 0.2666
