6.5025 0.0144 6.6142 0.0004 0.0004 6.0085 0.0528 0.0528 0.0008 0.0008
6.1840 0.0504 6.7979 0.0000 0.0000 4.9363 0.1194 0.1194 0.0000 0.0000
5.8215 0.1487 6.5744 0.0000 0.0000 4.4712 0.2292 0.2292 0.0000 0.0000
5.4514 0.2143 6.4022 0.0000 0.0000 3.9548 0.3278 0.3278 0.0000 0.0000
5.0702 0.2628 6.0969 0.0008 0.0008 3.6213 0.3438 0.3438 0.0015 0.0015
4.6812 0.2990 5.6929 0.0074 0.0074 3.4342 0.3729 0.3729 0.0144 0.0144
4.3053 0.3367 5.2212 0.0264 0.0264 3.4357 0.4014 0.4014 0.0495 0.0495
3.9341 0.3696 4.7918 0.0632 0.0632 3.5153 0.4021 0.4021 0.1092 0.1092
3.6586 0.4032 4.4645 0.1027 0.1027 3.4969 0.4160 0.4160 0.1647 0.1647
3.4298 0.4327 4.2017 0.1372 0.1372 3.5310 0.4007 0.4007 0.2044 0.2044
3.2169 0.4635 3.9362 0.1837 0.1837 3.5644 0.3903 0.3903 0.2498 0.2498
3.0338 0.4914 3.7706 0.2314 0.2314 3.5752 0.3944 0.3944 0.2917 0.2917
2.8857 0.5119 3.5682 0.2601 0.2601 3.6127 0.3840 0.3840 0.3101 0.3101
2.7590 0.5371 3.4129 0.2961 0.2961 3.6374 0.3785 0.3785 0.3323 0.3323
2.6444 0.5584 3.2415 0.3167 0.3167 3.6486 0.3694 0.3694 0.3410 0.3410
2.5313 0.5803 3.1533 0.3384 0.3384 3.6764 0.3597 0.3597 0.3487 0.3487
2.4438 0.5888 3.0389 0.3640 0.3640 3.7172 0.3528 0.3528 0.3583 0.3583
2.3484 0.6104 2.9365 0.3810 0.3810 3.7201 0.3368 0.3368 0.3575 0.3575
2.2693 0.6234 2.8465 0.4128 0.4128 3.7310 0.3340 0.3340 0.3693 0.3693
2.2013 0.6354 2.7613 0.4341 0.4341 3.7608 0.3347 0.3347 0.3780 0.3780
2.1550 0.6372 2.6728 0.4543 0.4543 3.7736 0.3312 0.3313 0.3831 0.3831
2.0747 0.6572 2.5867 0.4733 0.4733 3.7965 0.3292 0.3292 0.3883 0.3883
1.9905 0.6803 2.4813 0.4884 0.4884 3.8170 0.3146 0.3146 0.3827 0.3827
1.9763 0.6728 2.4409 0.5132 0.5132 3.8450 0.3181 0.3181 0.3927 0.3927
1.9024 0.6954 2.3942 0.5337 0.5337 3.8896 0.3014 0.3014 0.3852 0.3852
1.8368 0.7005 2.3170 0.5341 0.5341 3.8544 0.2993 0.2993 0.3836 0.3836
1.7919 0.7174 2.2742 0.5636 0.5636 3.9004 0.2896 0.2896 0.3826 0.3826
1.7473 0.7264 2.2160 0.5694 0.5694 3.9268 0.2840 0.2840 0.3790 0.3790
1.7208 0.7263 2.1597 0.5841 0.5841 3.9524 0.2875 0.2875 0.3853 0.3853
1.6679 0.7417 2.0943 0.5977 0.5977 3.9504 0.2875 0.2875 0.3882 0.3882
1.6311 0.7492 2.0250 0.6264 0.6264 3.9470 0.2785 0.2785 0.3855 0.3855
1.5858 0.7610 2.0015 0.6337 0.6337 3.9836 0.2715 0.2715 0.3802 0.3802
1.5595 0.7698 1.9348 0.6411 0.6411 4.0153 0.2694 0.2694 0.3794 0.3794
1.5308 0.7683 1.9058 0.6512 0.6512 4.0109 0.2826 0.2826 0.3942 0.3942
1.4805 0.7784 1.8553 0.6628 0.6628 4.0301 0.2764 0.2764 0.3901 0.3901
1.4447 0.7943 1.8379 0.6748 0.6748 4.0600 0.2660 0.2660 0.3816 0.3816
1.4221 0.7957 1.7686 0.6891 0.6891 4.0624 0.2597 0.2597 0.3773 0.3773
1.4004 0.7999 1.7515 0.7058 0.7058 4.0934 0.2583 0.2583 0.3782 0.3782
1.3616 0.8107 1.7386 0.7066 0.7066 4.0923 0.2597 0.2597 0.3798 0.3798
1.3243 0.8211 1.6742 0.7225 0.7225 4.0892 0.2493 0.2493 0.3707 0.3707
1.2894 0.8304 1.6263 0.7314 0.7314 4.1383 0.2424 0.2424 0.3641 0.3641
1.2757 0.8326 1.5627 0.7426 0.7426 4.1368 0.2431 0.2431 0.3662 0.3662
1.2393 0.8411 1.5502 0.7481 0.7481 4.1711 0.2424 0.2424 0.3661 0.3661
1.2045 0.8472 1.5468 0.7488 0.7488 4.1504 0.2431 0.2431 0.3670 0.3670
1.1999 0.8489 1.4907 0.7601 0.7601 4.1682 0.2319 0.2319 0.3554 0.3554
1.1598 0.8589 1.4590 0.7686 0.7686 4.1871 0.2431 0.2431 0.3693 0.3693
1.1432 0.8587 1.4626 0.7802 0.7802 4.1990 0.2292 0.2292 0.3543 0.3543
1.1185 0.8666 1.4059 0.7922 0.7922 4.2450 0.2347 0.2347 0.3621 0.3621
1.0956 0.8763 1.3913 0.7907 0.7907 4.2394 0.2236 0.2236 0.3486 0.3486
1.0622 0.8833 1.3455 0.8035 0.8035 4.2534 0.2264 0.2264 0.3532 0.3532
1.0567 0.8815 1.3560 0.8035 0.8035 4.2494 0.2250 0.2250 0.3516 0.3516
1.0563 0.8861 1.3344 0.8054 0.8054 4.2399 0.2278 0.2278 0.3551 0.3551
1.0407 0.8957 1.3376 0.8070 0.8070 4.2463 0.2257 0.2257 0.3527 0.3527
1.0341 0.8928 1.3247 0.8062 0.8062 4.2432 0.2243 0.2243 0.3510 0.3510
1.0446 0.8871 1.3380 0.8062 0.8062 4.2545 0.2264 0.2264 0.3535 0.3535
1.0294 0.8919 1.3338 0.8105 0.8105 4.2546 0.2264 0.2264 0.3539 0.3539
1.0301 0.8914 1.3250 0.8120 0.8120 4.2515 0.2250 0.2250 0.3524 0.3524
1.0319 0.8904 1.3194 0.8112 0.8112 4.2644 0.2236 0.2236 0.3506 0.3506
1.0388 0.8920 1.3027 0.8128 0.8128 4.2649 0.2250 0.2250 0.3524 0.3524
1.0243 0.8907 1.2996 0.8147 0.8147 4.2636 0.2257 0.2257 0.3535 0.3535
1.0215 0.8921 1.3104 0.8167 0.8167 4.2694 0.2257 0.2257 0.3537 0.3537
1.0257 0.8944 1.3043 0.8209 0.8209 4.2593 0.2243 0.2243 0.3523 0.3523
1.0256 0.8952 1.2903 0.8213 0.8213 4.2696 0.2250 0.2250 0.3532 0.3532
1.0231 0.8938 1.2966 0.8209 0.8209 4.2718 0.2271 0.2271 0.3558 0.3558
1.0199 0.8960 1.2922 0.8233 0.8233 4.2730 0.2271 0.2271 0.3560 0.3560
1.0018 0.8966 1.3041 0.8236 0.8236 4.2709 0.2257 0.2257 0.3543 0.3543
1.0087 0.8967 1.2620 0.8236 0.8236 4.2649 0.2236 0.2236 0.3517 0.3517
1.0160 0.8948 1.2762 0.8240 0.8240 4.2720 0.2250 0.2250 0.3535 0.3535
1.0183 0.8916 1.2654 0.8236 0.8236 4.2710 0.2257 0.2257 0.3543 0.3543
0.9975 0.9004 1.2899 0.8287 0.8287 4.2743 0.2250 0.2250 0.3539 0.3539
1.0138 0.8963 1.2661 0.8287 0.8287 4.2612 0.2257 0.2257 0.3548 0.3548
1.0021 0.8983 1.2830 0.8302 0.8302 4.2683 0.2264 0.2264 0.3558 0.3558
0.9921 0.9049 1.2434 0.8329 0.8329 4.2744 0.2250 0.2250 0.3543 0.3543
1.0037 0.8995 1.2674 0.8349 0.8349 4.2871 0.2285 0.2285 0.3588 0.3588
0.9917 0.9043 1.2430 0.8341 0.8341 4.2800 0.2285 0.2285 0.3587 0.3587
0.9931 0.9009 1.2430 0.8326 0.8326 4.2764 0.2243 0.2243 0.3534 0.3534
0.9965 0.8983 1.2437 0.8341 0.8341 4.2794 0.2229 0.2229 0.3518 0.3518
0.9739 0.9033 1.2629 0.8360 0.8360 4.2771 0.2250 0.2250 0.3546 0.3546
0.9875 0.9009 1.2656 0.8384 0.8384 4.2787 0.2243 0.2243 0.3539 0.3539
0.9783 0.9040 1.2378 0.8407 0.8407 4.2841 0.2222 0.2222 0.3515 0.3515
0.9773 0.9095 1.2280 0.8391 0.8391 4.2884 0.2208 0.2208 0.3497 0.3497
0.9773 0.9068 1.2241 0.8403 0.8403 4.2867 0.2201 0.2201 0.3489 0.3489
0.9651 0.9110 1.2527 0.8411 0.8411 4.2876 0.2208 0.2208 0.3498 0.3498
0.9725 0.9084 1.2298 0.8411 0.8411 4.2864 0.2243 0.2243 0.3542 0.3542
0.9748 0.9053 1.2463 0.8391 0.8391 4.2894 0.2264 0.2264 0.3566 0.3566
0.9734 0.9065 1.2176 0.8422 0.8422 4.2924 0.2264 0.2264 0.3569 0.3569
0.9666 0.9067 1.2144 0.8419 0.8419 4.2935 0.2243 0.2243 0.3542 0.3542
0.9712 0.9048 1.2224 0.8422 0.8422 4.2930 0.2181 0.2181 0.3464 0.3464
0.9621 0.9094 1.2281 0.8442 0.8442 4.2926 0.2188 0.2188 0.3475 0.3475
0.9587 0.9131 1.2139 0.8465 0.8465 4.3027 0.2208 0.2208 0.3503 0.3503
0.9634 0.9101 1.1954 0.8469 0.8469 4.2977 0.2215 0.2215 0.3512 0.3512
0.9584 0.9071 1.1980 0.8484 0.8484 4.3049 0.2201 0.2201 0.3496 0.3496
0.9478 0.9132 1.1944 0.8492 0.8492 4.3150 0.2181 0.2181 0.3470 0.3470
0.9577 0.9108 1.1967 0.8496 0.8496 4.3020 0.2160 0.2160 0.3444 0.3444
0.9500 0.9115 1.1927 0.8492 0.8492 4.3012 0.2181 0.2181 0.3470 0.3470
0.9546 0.9104 1.1696 0.8504 0.8504 4.3165 0.2194 0.2194 0.3489 0.3489
0.9515 0.9085 1.1995 0.8496 0.8496 4.3137 0.2181 0.2181 0.3470 0.3470
0.9510 0.9134 1.1900 0.8516 0.8516 4.3072 0.2188 0.2188 0.3481 0.3481
0.9381 0.9173 1.1754 0.8516 0.8516 4.3066 0.2174 0.2174 0.3463 0.3463
0.9309 0.9178 1.1856 0.8523 0.8523 4.3060 0.2160 0.2160 0.3446 0.3446
