6.4387 0.0117 6.7803 0.0000 0.0000 5.8035 0.0250 0.0250 0.0000 0.0000
5.8724 0.0495 7.3733 0.0000 0.0000 4.6190 0.1028 0.1028 0.0000 0.0000
5.3888 0.1905 7.1037 0.0000 0.0000 4.1701 0.2097 0.2097 0.0000 0.0000
4.9811 0.3063 7.0710 0.0000 0.0000 3.6711 0.3146 0.3146 0.0000 0.0000
4.5867 0.4176 6.9130 0.0000 0.0000 3.3337 0.3514 0.3514 0.0000 0.0000
4.2108 0.4745 6.6353 0.0000 0.0000 3.1156 0.3715 0.3715 0.0000 0.0000
3.8823 0.5039 6.3119 0.0004 0.0004 3.0176 0.3799 0.3799 0.0008 0.0008
3.5751 0.5312 5.9763 0.0016 0.0016 2.9691 0.3958 0.3958 0.0031 0.0031
3.3274 0.5422 5.6128 0.0074 0.0074 2.9964 0.4160 0.4160 0.0145 0.0145
3.0967 0.5623 5.2654 0.0240 0.0240 3.0328 0.4208 0.4208 0.0455 0.0455
2.9022 0.5748 4.9630 0.0395 0.0395 3.0834 0.4264 0.4264 0.0724 0.0724
2.7393 0.5805 4.7261 0.0597 0.0597 3.1136 0.4146 0.4146 0.1044 0.1044
2.5824 0.6030 4.4701 0.0868 0.0868 3.1587 0.4215 0.4215 0.1440 0.1440
2.4791 0.6118 4.2503 0.1167 0.1167 3.2184 0.4125 0.4125 0.1819 0.1819
2.3528 0.6268 4.0994 0.1388 0.1388 3.2525 0.4118 0.4118 0.2076 0.2076
2.2700 0.6418 3.8476 0.1678 0.1678 3.2794 0.4146 0.4146 0.2389 0.2389
2.1736 0.6534 3.7683 0.1880 0.1880 3.3055 0.4028 0.4028 0.2563 0.2563
2.0929 0.6605 3.6293 0.2174 0.2174 3.3472 0.4049 0.4049 0.2829 0.2829
1.9992 0.6755 3.4130 0.2388 0.2388 3.4183 0.3986 0.3986 0.2986 0.2986
1.9423 0.6883 3.3589 0.2516 0.2516 3.4356 0.3854 0.3854 0.3044 0.3044
1.8796 0.6970 3.2900 0.2818 0.2818 3.4663 0.3882 0.3882 0.3265 0.3265
1.8121 0.7023 3.1546 0.3000 0.3000 3.4766 0.3812 0.3813 0.3358 0.3358
1.7513 0.7114 3.0612 0.3267 0.3267 3.5224 0.3771 0.3771 0.3501 0.3501
1.7294 0.7158 2.9709 0.3372 0.3372 3.5146 0.3701 0.3701 0.3529 0.3529
1.6536 0.7313 2.8662 0.3605 0.3605 3.5907 0.3708 0.3708 0.3656 0.3656
1.6055 0.7392 2.8029 0.3713 0.3713 3.6030 0.3611 0.3611 0.3661 0.3661
1.5705 0.7483 2.7309 0.3876 0.3876 3.6130 0.3563 0.3562 0.3713 0.3713
1.5438 0.7473 2.6541 0.4074 0.4074 3.6709 0.3576 0.3576 0.3809 0.3809
1.4904 0.7614 2.6128 0.4171 0.4171 3.6752 0.3549 0.3549 0.3835 0.3835
1.4547 0.7644 2.5191 0.4360 0.4360 3.7027 0.3472 0.3472 0.3866 0.3866
1.4240 0.7769 2.5004 0.4395 0.4395 3.7192 0.3396 0.3396 0.3831 0.3831
1.3967 0.7761 2.4416 0.4558 0.4558 3.7316 0.3458 0.3458 0.3933 0.3933
1.3728 0.7793 2.3743 0.4740 0.4740 3.7643 0.3340 0.3340 0.3919 0.3919
1.3243 0.7939 2.3413 0.4822 0.4822 3.7604 0.3299 0.3299 0.3917 0.3917
1.2899 0.7997 2.2898 0.4961 0.4961 3.8015 0.3257 0.3257 0.3932 0.3932
1.2792 0.7975 2.1911 0.5101 0.5101 3.8239 0.3264 0.3264 0.3981 0.3981
1.2348 0.8084 2.1334 0.5186 0.5186 3.8683 0.3285 0.3285 0.4022 0.4022
1.2266 0.8079 2.1171 0.5360 0.5360 3.8796 0.3194 0.3194 0.4003 0.4003
1.1910 0.8177 2.1317 0.5376 0.5376 3.9005 0.3153 0.3153 0.3975 0.3975
1.1621 0.8205 2.0428 0.5566 0.5566 3.9022 0.3160 0.3160 0.4031 0.4031
1.1578 0.8256 2.0051 0.5620 0.5620 3.9348 0.3083 0.3083 0.3982 0.3982
1.1245 0.8288 1.9610 0.5744 0.5744 3.9571 0.3042 0.3042 0.3977 0.3977
1.0985 0.8319 1.9051 0.5798 0.5798 3.9773 0.3021 0.3021 0.3972 0.3972
1.0906 0.8387 1.9188 0.5992 0.5992 4.0250 0.2917 0.2917 0.3924 0.3924
1.0743 0.8388 1.8563 0.6047 0.6047 3.9997 0.2903 0.2903 0.3922 0.3922
1.0573 0.8470 1.8534 0.6070 0.6070 3.9977 0.2972 0.2972 0.3990 0.3990
1.0316 0.8462 1.8030 0.6244 0.6244 4.0677 0.2903 0.2903 0.3963 0.3963
1.0085 0.8534 1.7428 0.6364 0.6364 4.0573 0.2826 0.2826 0.3914 0.3914
0.9827 0.8593 1.7421 0.6407 0.6407 4.0731 0.2868 0.2868 0.3962 0.3962
0.9805 0.8562 1.6837 0.6574 0.6574 4.0854 0.2833 0.2833 0.3960 0.3960
0.9618 0.8654 1.6772 0.6597 0.6597 4.0898 0.2840 0.2840 0.3971 0.3971
0.9585 0.8633 1.6795 0.6616 0.6616 4.0944 0.2785 0.2785 0.3920 0.3920
0.9466 0.8707 1.6408 0.6659 0.6659 4.1024 0.2750 0.2750 0.3892 0.3892
0.9529 0.8653 1.6687 0.6678 0.6678 4.0965 0.2806 0.2806 0.3951 0.3951
0.9427 0.8663 1.6591 0.6694 0.6694 4.0981 0.2812 0.2813 0.3961 0.3961
0.9244 0.8718 1.6745 0.6713 0.6713 4.1091 0.2806 0.2806 0.3957 0.3957
0.9410 0.8677 1.6333 0.6725 0.6725 4.0982 0.2792 0.2792 0.3945 0.3945
0.9407 0.8670 1.6389 0.6760 0.6760 4.1013 0.2799 0.2799 0.3958 0.3958
0.9300 0.8701 1.6664 0.6783 0.6783 4.1088 0.2792 0.2792 0.3955 0.3955
0.9350 0.8752 1.6134 0.6787 0.6787 4.1174 0.2764 0.2764 0.3928 0.3928
0.9317 0.8728 1.6124 0.6795 0.6795 4.1139 0.2785 0.2785 0.3950 0.3950
0.9232 0.8766 1.6341 0.6767 0.6767 4.0956 0.2799 0.2799 0.3960 0.3960
0.9447 0.8652 1.6126 0.6783 0.6783 4.0965 0.2778 0.2778 0.3941 0.3941
0.9103 0.8788 1.5961 0.6798 0.6798 4.1181 0.2771 0.2771 0.3937 0.3937
0.9299 0.8740 1.6097 0.6833 0.6833 4.1223 0.2750 0.2750 0.3922 0.3922
0.9217 0.8742 1.5904 0.6845 0.6845 4.1242 0.2757 0.2757 0.3931 0.3931
0.9229 0.8722 1.5786 0.6860 0.6860 4.1258 0.2757 0.2757 0.3933 0.3933
0.9166 0.8769 1.6081 0.6849 0.6849 4.1151 0.2764 0.2764 0.3938 0.3938
0.9192 0.8718 1.6263 0.6868 0.6868 4.1260 0.2757 0.2757 0.3935 0.3935
0.9097 0.8756 1.6060 0.6899 0.6899 4.1314 0.2729 0.2729 0.3911 0.3911
0.9097 0.8795 1.5941 0.6907 0.6907 4.1192 0.2743 0.2743 0.3927 0.3927
0.9163 0.8771 1.6222 0.6903 0.6903 4.1307 0.2750 0.2750 0.3933 0.3933
0.9121 0.8750 1.6057 0.6903 0.6903 4.1374 0.2715 0.2715 0.3898 0.3898
0.8996 0.8797 1.5958 0.6895 0.6895 4.1356 0.2729 0.2729 0.3911 0.3911
0.8998 0.8857 1.6081 0.6880 0.6880 4.1344 0.2715 0.2715 0.3894 0.3894
0.9058 0.8754 1.5532 0.6934 0.6934 4.1371 0.2729 0.2729 0.3917 0.3917
0.9180 0.8726 1.5944 0.6981 0.6981 4.1495 0.2736 0.2736 0.3931 0.3931
0.9013 0.8797 1.5555 0.6957 0.6957 4.1378 0.2729 0.2729 0.3920 0.3920
0.8909 0.8844 1.5879 0.6930 0.6930 4.1325 0.2750 0.2750 0.3938 0.3938
0.8949 0.8798 1.5510 0.6942 0.6942 4.1454 0.2729 0.2729 0.3918 0.3918
0.8949 0.8788 1.5482 0.6992 0.6992 4.1426 0.2736 0.2736 0.3933 0.3933
0.8954 0.8781 1.5280 0.7008 0.7008 4.1445 0.2722 0.2722 0.3921 0.3921
0.8892 0.8823 1.5393 0.7012 0.7012 4.1559 0.2715 0.2715 0.3915 0.3915
0.8878 0.8800 1.5531 0.7016 0.7016 4.1373 0.2736 0.2736 0.3937 0.3937
0.8771 0.8881 1.5236 0.7035 0.7035 4.1381 0.2743 0.2743 0.3947 0.3947
0.8900 0.8811 1.5272 0.7058 0.7058 4.1564 0.2715 0.2715 0.3922 0.3922
0.8860 0.8823 1.5243 0.7078 0.7078 4.1520 0.2701 0.2701 0.3910 0.3910
0.8894 0.8850 1.5243 0.7070 0.7070 4.1595 0.2701 0.2701 0.3909 0.3909
0.8813 0.8839 1.5305 0.7078 0.7078 4.1506 0.2729 0.2729 0.3939 0.3939
0.8820 0.8846 1.5446 0.7050 0.7050 4.1496 0.2715 0.2715 0.3921 0.3921
0.8800 0.8856 1.5289 0.7093 0.7093 4.1588 0.2715 0.2715 0.3927 0.3927
0.8597 0.8922 1.5144 0.7132 0.7132 4.1647 0.2681 0.2681 0.3897 0.3897
0.8803 0.8833 1.5353 0.7085 0.7085 4.1568 0.2736 0.2736 0.3948 0.3948
0.8654 0.8865 1.4973 0.7081 0.7081 4.1538 0.2701 0.2701 0.3911 0.3911
0.8690 0.8859 1.5200 0.7109 0.7109 4.1644 0.2674 0.2674 0.3886 0.3886
0.8689 0.8878 1.4990 0.7112 0.7112 4.1669 0.2646 0.2646 0.3857 0.3857
0.8701 0.8844 1.5206 0.7147 0.7147 4.1728 0.2653 0.2653 0.3869 0.3869
0.8662 0.8897 1.5040 0.7190 0.7190 4.1781 0.2681 0.2681 0.3905 0.3905
0.8609 0.8906 1.5063 0.7209 0.7209 4.1678 0.2674 0.2674 0.3901 0.3901
0.8602 0.8902 1.5067 0.7186 0.7186 4.1696 0.2653 0.2653 0.3875 0.3875
