6.4794 0.0120 6.6960 0.0000 0.0000 5.9353 0.0486 0.0486 0.0000 0.0000
6.0596 0.0799 7.0693 0.0000 0.0000 4.7819 0.1299 0.1299 0.0000 0.0000
5.6337 0.1632 6.7978 0.0000 0.0000 4.3413 0.2299 0.2299 0.0000 0.0000
5.2333 0.2682 6.7284 0.0000 0.0000 3.7885 0.3042 0.3042 0.0000 0.0000
4.8273 0.3507 6.4527 0.0008 0.0008 3.4395 0.3590 0.3590 0.0015 0.0015
4.4289 0.3893 6.0904 0.0012 0.0012 3.2652 0.3750 0.3750 0.0023 0.0023
4.0728 0.4239 5.7440 0.0070 0.0070 3.1666 0.3903 0.3903 0.0137 0.0137
3.7553 0.4509 5.3525 0.0178 0.0178 3.2037 0.4062 0.4063 0.0342 0.0342
3.4855 0.4710 4.9166 0.0419 0.0419 3.2828 0.4146 0.4146 0.0760 0.0760
3.2608 0.4889 4.6279 0.0717 0.0717 3.2925 0.4104 0.4104 0.1221 0.1221
3.0572 0.5086 4.3561 0.1016 0.1016 3.3614 0.4188 0.4188 0.1635 0.1635
2.8992 0.5290 4.1671 0.1287 0.1287 3.3807 0.4076 0.4076 0.1956 0.1956
2.7444 0.5513 3.9652 0.1585 0.1585 3.3990 0.4000 0.4000 0.2271 0.2271
2.6211 0.5646 3.7925 0.2008 0.2008 3.4600 0.3951 0.3951 0.2663 0.2663
2.4932 0.5878 3.6346 0.2178 0.2178 3.4725 0.3917 0.3917 0.2800 0.2800
2.3936 0.6027 3.4599 0.2523 0.2523 3.5120 0.3819 0.3819 0.3039 0.3039
2.3011 0.6191 3.3197 0.2678 0.2678 3.5302 0.3861 0.3861 0.3163 0.3163
2.2349 0.6225 3.2217 0.3008 0.3008 3.5557 0.3660 0.3660 0.3302 0.3302
2.1653 0.6403 3.1252 0.3252 0.3252 3.5846 0.3618 0.3618 0.3425 0.3425
2.0781 0.6542 3.0282 0.3388 0.3388 3.6129 0.3590 0.3590 0.3486 0.3486
2.0127 0.6633 2.9077 0.3523 0.3523 3.6172 0.3514 0.3514 0.3519 0.3519
1.9481 0.6787 2.8546 0.3767 0.3767 3.6605 0.3431 0.3431 0.3591 0.3591
1.9146 0.6869 2.7623 0.4027 0.4027 3.6710 0.3458 0.3458 0.3721 0.3721
1.8513 0.7025 2.6871 0.4155 0.4155 3.6850 0.3444 0.3444 0.3767 0.3767
1.8085 0.7021 2.6454 0.4298 0.4298 3.6967 0.3361 0.3361 0.3772 0.3772
1.7496 0.7156 2.5860 0.4500 0.4500 3.7320 0.3347 0.3347 0.3839 0.3839
1.7004 0.7223 2.4789 0.4628 0.4628 3.7380 0.3243 0.3243 0.3814 0.3814
1.6597 0.7332 2.4519 0.4829 0.4829 3.7657 0.3285 0.3285 0.3910 0.3910
1.6178 0.7372 2.3814 0.5074 0.5074 3.8319 0.3174 0.3174 0.3905 0.3905
1.5763 0.7482 2.2726 0.5097 0.5097 3.8137 0.3160 0.3160 0.3901 0.3901
1.5459 0.7522 2.2553 0.5318 0.5318 3.8320 0.3090 0.3090 0.3909 0.3909
1.4928 0.7628 2.2019 0.5368 0.5368 3.8488 0.3069 0.3069 0.3906 0.3906
1.4622 0.7733 2.1458 0.5570 0.5570 3.8692 0.3076 0.3076 0.3964 0.3964
1.4451 0.7759 2.1061 0.5674 0.5674 3.8952 0.2979 0.2979 0.3907 0.3907
1.3918 0.7843 2.0320 0.5849 0.5849 3.9282 0.3049 0.3049 0.4008 0.4008
1.3763 0.7851 2.0182 0.5946 0.5946 3.9373 0.2806 0.2806 0.3812 0.3812
1.3487 0.7936 1.9717 0.6043 0.6043 3.9488 0.2667 0.2667 0.3700 0.3700
1.3124 0.8059 1.9029 0.6097 0.6097 3.9755 0.2750 0.2750 0.3790 0.3790
1.2871 0.8074 1.9001 0.6260 0.6260 3.9672 0.2708 0.2708 0.3781 0.3781
1.2572 0.8191 1.8674 0.6422 0.6422 3.9965 0.2764 0.2764 0.3865 0.3865
1.2373 0.8214 1.8179 0.6453 0.6453 4.0216 0.2861 0.2861 0.3965 0.3965
1.2154 0.8260 1.7916 0.6601 0.6601 4.0359 0.2722 0.2722 0.3855 0.3855
1.1794 0.8330 1.7305 0.6709 0.6709 4.0569 0.2632 0.2632 0.3781 0.3781
1.1773 0.8315 1.7332 0.6775 0.6775 4.0310 0.2687 0.2688 0.3848 0.3848
1.1447 0.8400 1.6867 0.6829 0.6829 4.0865 0.2569 0.2569 0.3734 0.3734
1.1231 0.8484 1.6240 0.6926 0.6926 4.0952 0.2604 0.2604 0.3785 0.3785
1.1041 0.8479 1.5975 0.7012 0.7012 4.1072 0.2569 0.2569 0.3761 0.3761
1.0870 0.8535 1.6007 0.7074 0.7074 4.1195 0.2618 0.2618 0.3822 0.3822
1.0599 0.8593 1.5346 0.7233 0.7233 4.1304 0.2569 0.2569 0.3792 0.3792
1.0287 0.8698 1.5251 0.7306 0.7306 4.1780 0.2500 0.2500 0.3725 0.3725
1.0226 0.8667 1.5066 0.7337 0.7337 4.1584 0.2507 0.2507 0.3737 0.3737
1.0197 0.8696 1.4809 0.7357 0.7357 4.1531 0.2507 0.2507 0.3740 0.3740
1.0164 0.8693 1.4838 0.7372 0.7372 4.1621 0.2500 0.2500 0.3734 0.3734
1.0151 0.8706 1.5087 0.7403 0.7403 4.1624 0.2486 0.2486 0.3722 0.3722
1.0158 0.8716 1.4970 0.7426 0.7426 4.1683 0.2472 0.2472 0.3710 0.3710
1.0084 0.8736 1.4542 0.7430 0.7430 4.1713 0.2465 0.2465 0.3702 0.3702
1.0040 0.8723 1.4769 0.7426 0.7426 4.1651 0.2458 0.2458 0.3694 0.3694
0.9951 0.8767 1.4388 0.7457 0.7457 4.1663 0.2479 0.2479 0.3721 0.3721
1.0007 0.8750 1.4691 0.7481 0.7481 4.1636 0.2465 0.2465 0.3708 0.3708
0.9980 0.8755 1.4699 0.7500 0.7500 4.1657 0.2437 0.2438 0.3679 0.3679
0.9896 0.8809 1.4447 0.7523 0.7523 4.1757 0.2431 0.2431 0.3674 0.3674
0.9797 0.8804 1.4344 0.7516 0.7516 4.1749 0.2437 0.2438 0.3681 0.3681
0.9947 0.8703 1.4381 0.7512 0.7512 4.1665 0.2458 0.2458 0.3704 0.3704
0.9939 0.8784 1.4086 0.7543 0.7543 4.1720 0.2465 0.2465 0.3716 0.3716
0.9835 0.8787 1.4349 0.7570 0.7570 4.1822 0.2451 0.2451 0.3703 0.3703
0.9815 0.8824 1.4199 0.7601 0.7601 4.1851 0.2437 0.2438 0.3691 0.3691
0.9791 0.8840 1.4474 0.7605 0.7605 4.1786 0.2403 0.2403 0.3652 0.3652
0.9869 0.8807 1.4449 0.7601 0.7601 4.1865 0.2375 0.2375 0.3619 0.3619
0.9822 0.8844 1.4340 0.7620 0.7620 4.1870 0.2410 0.2410 0.3662 0.3662
0.9735 0.8821 1.4190 0.7636 0.7636 4.1913 0.2417 0.2417 0.3671 0.3671
0.9689 0.8865 1.4259 0.7655 0.7655 4.1868 0.2389 0.2389 0.3641 0.3641
0.9649 0.8893 1.4086 0.7663 0.7663 4.1971 0.2389 0.2389 0.3642 0.3642
0.9654 0.8870 1.4062 0.7690 0.7690 4.1927 0.2382 0.2382 0.3637 0.3637
0.9708 0.8837 1.3969 0.7698 0.7698 4.1948 0.2375 0.2375 0.3630 0.3630
0.9649 0.8858 1.4262 0.7702 0.7702 4.1968 0.2382 0.2382 0.3639 0.3639
0.9593 0.8877 1.4129 0.7702 0.7702 4.1949 0.2389 0.2389 0.3647 0.3647
0.9600 0.8873 1.4081 0.7705 0.7705 4.1977 0.2389 0.2389 0.3647 0.3647
0.9594 0.8869 1.4003 0.7690 0.7690 4.2037 0.2403 0.2403 0.3661 0.3661
0.9562 0.8877 1.4061 0.7713 0.7713 4.2144 0.2361 0.2361 0.3615 0.3615
0.9548 0.8881 1.3899 0.7740 0.7740 4.2135 0.2375 0.2375 0.3635 0.3635
0.9431 0.8893 1.3783 0.7760 0.7760 4.2140 0.2361 0.2361 0.3621 0.3621
0.9411 0.8917 1.3743 0.7764 0.7764 4.2131 0.2347 0.2347 0.3605 0.3605
0.9418 0.8923 1.3968 0.7798 0.7798 4.2190 0.2340 0.2340 0.3600 0.3600
0.9425 0.8906 1.3585 0.7814 0.7814 4.2206 0.2354 0.2354 0.3618 0.3618
0.9402 0.8933 1.3620 0.7814 0.7814 4.2195 0.2347 0.2347 0.3610 0.3610
0.9369 0.8915 1.3283 0.7818 0.7818 4.2108 0.2382 0.2382 0.3651 0.3651
0.9340 0.8932 1.3536 0.7857 0.7857 4.2114 0.2382 0.2382 0.3656 0.3656
0.9396 0.8923 1.3497 0.7845 0.7845 4.2273 0.2375 0.2375 0.3646 0.3646
0.9392 0.8902 1.3692 0.7814 0.7814 4.2347 0.2340 0.2340 0.3602 0.3602
0.9291 0.8931 1.3639 0.7837 0.7837 4.2259 0.2361 0.2361 0.3629 0.3629
0.9375 0.8897 1.3581 0.7849 0.7849 4.2217 0.2382 0.2382 0.3655 0.3655
0.9254 0.8935 1.3398 0.7864 0.7864 4.2319 0.2340 0.2340 0.3607 0.3607
0.9258 0.8994 1.3256 0.7876 0.7876 4.2338 0.2347 0.2347 0.3617 0.3617
0.9141 0.8981 1.3540 0.7884 0.7884 4.2171 0.2354 0.2354 0.3626 0.3626
0.9204 0.8960 1.3640 0.7899 0.7899 4.2268 0.2347 0.2347 0.3619 0.3619
0.9332 0.8914 1.3462 0.7884 0.7884 4.2334 0.2333 0.2333 0.3601 0.3601
0.9148 0.8972 1.3222 0.7884 0.7884 4.2353 0.2368 0.2368 0.3642 0.3642
0.9174 0.8941 1.3547 0.7888 0.7888 4.2181 0.2361 0.2361 0.3634 0.3634
0.9162 0.8967 1.3234 0.7895 0.7895 4.2227 0.2333 0.2333 0.3602 0.3602
0.9173 0.8965 1.3268 0.7911 0.7911 4.2381 0.2333 0.2333 0.3604 0.3604
