3.8987 0.0530 3.6641 0.1450 0.1426 3.7357 0.0672 0.0680 0.0918 0.0921
3.4495 0.2172 3.1567 0.4048 0.3957 3.5502 0.1057 0.1373 0.1677 0.2039
2.9999 0.4266 2.6007 0.6010 0.5872 3.4090 0.1159 0.1544 0.1944 0.2445
2.5999 0.5737 2.2078 0.7053 0.6913 3.2877 0.1172 0.1695 0.2009 0.2723
2.3434 0.6545 1.9872 0.7578 0.7462 3.1722 0.1277 0.1712 0.2186 0.2785
2.1947 0.7074 1.8526 0.8054 0.7936 3.1003 0.1339 0.1566 0.2296 0.2615
2.0876 0.7510 1.7681 0.8356 0.8206 3.0627 0.1369 0.1601 0.2352 0.2680
2.0213 0.7826 1.7193 0.8415 0.8283 3.0130 0.1532 0.1748 0.2592 0.2887
1.9615 0.7977 1.6801 0.8457 0.8355 3.0145 0.1523 0.1674 0.2582 0.2789
1.9328 0.8044 1.6481 0.8528 0.8435 2.9948 0.1609 0.1774 0.2708 0.2932
1.9059 0.8097 1.6280 0.8572 0.8492 2.9641 0.1558 0.1708 0.2637 0.2845
1.8877 0.8142 1.6224 0.8570 0.8504 2.9496 0.1573 0.1682 0.2657 0.2808
1.8772 0.8165 1.6161 0.8562 0.8468 2.9318 0.1803 0.2003 0.2979 0.3239
1.8620 0.8240 1.6099 0.8594 0.8506 2.9059 0.1829 0.1960 0.3017 0.3186
1.8542 0.8236 1.6022 0.8639 0.8557 2.9090 0.1766 0.1843 0.2933 0.3033
1.8479 0.8296 1.6015 0.8707 0.8656 2.9116 0.1748 0.1797 0.2912 0.2976
1.8463 0.8324 1.6102 0.8643 0.8561 2.8792 0.1905 0.2013 0.3122 0.3260
1.8526 0.8310 1.6114 0.8661 0.8580 2.8851 0.1968 0.2012 0.3208 0.3260
1.8469 0.8301 1.6167 0.8647 0.8551 2.8623 0.1975 0.2036 0.3216 0.3288
1.8591 0.8280 1.6252 0.8624 0.8553 2.8493 0.2019 0.1999 0.3272 0.3241
1.8583 0.8363 1.6297 0.8709 0.8618 2.8651 0.1961 0.1939 0.3202 0.3166
1.8630 0.8371 1.6433 0.8639 0.8523 2.8679 0.1970 0.2048 0.3208 0.3302
1.8675 0.8361 1.6563 0.8602 0.8506 2.8638 0.2009 0.2109 0.3257 0.3380
1.8724 0.8290 1.6638 0.8566 0.8430 2.8641 0.2035 0.2074 0.3289 0.3329
1.8859 0.8210 1.6761 0.8554 0.8433 2.8373 0.2183 0.2200 0.3478 0.3490
1.8834 0.8255 1.6902 0.8520 0.8423 2.8447 0.2120 0.2247 0.3395 0.3548
1.8931 0.8244 1.6915 0.8562 0.8456 2.8459 0.2171 0.2188 0.3463 0.3476
1.9058 0.8197 1.7026 0.8514 0.8405 2.8409 0.2213 0.2245 0.3513 0.3543
1.9104 0.8214 1.7173 0.8473 0.8364 2.8509 0.2391 0.2405 0.3729 0.3736
1.9135 0.8186 1.7215 0.8455 0.8312 2.8355 0.2315 0.2351 0.3635 0.3665
1.9208 0.8196 1.7336 0.8433 0.8300 2.8373 0.2378 0.2404 0.3710 0.3728
1.9208 0.8157 1.7439 0.8451 0.8323 2.8198 0.2545 0.2502 0.3912 0.3847
1.9426 0.8127 1.7519 0.8447 0.8317 2.8420 0.2329 0.2294 0.3651 0.3596
1.9381 0.8225 1.7691 0.8384 0.8246 2.8189 0.2396 0.2390 0.3727 0.3706
1.9416 0.8159 1.7718 0.8392 0.8270 2.8235 0.2436 0.2442 0.3776 0.3771
1.9444 0.8126 1.7818 0.8366 0.8250 2.8351 0.2350 0.2407 0.3669 0.3727
1.9505 0.8092 1.7846 0.8386 0.8256 2.8404 0.2389 0.2393 0.3718 0.3711
1.9604 0.7995 1.7882 0.8366 0.8215 2.8426 0.2406 0.2410 0.3738 0.3727
1.9645 0.8098 1.7970 0.8324 0.8161 2.8229 0.2494 0.2475 0.3838 0.3799
1.9685 0.8093 1.8134 0.8235 0.8080 2.8190 0.2438 0.2469 0.3762 0.3782
1.9701 0.8113 1.8130 0.8300 0.8125 2.8437 0.2468 0.2468 0.3805 0.3786
1.9801 0.8086 1.8226 0.8251 0.8091 2.8291 0.2478 0.2489 0.3812 0.3807
1.9864 0.8037 1.8264 0.8320 0.8168 2.8481 0.2434 0.2413 0.3767 0.3726
1.9881 0.8027 1.8351 0.8273 0.8100 2.8225 0.2427 0.2455 0.3754 0.3768
1.9833 0.8081 1.8402 0.8205 0.8025 2.8239 0.2494 0.2522 0.3826 0.3838
1.9925 0.8054 1.8461 0.8239 0.8054 2.8262 0.2487 0.2542 0.3821 0.3864
2.0026 0.7983 1.8445 0.8257 0.8072 2.8327 0.2535 0.2569 0.3879 0.3898
2.0015 0.7921 1.8523 0.8221 0.8086 2.8537 0.2382 0.2417 0.3693 0.3721
1.9980 0.8035 1.8610 0.8106 0.7952 2.8290 0.2456 0.2480 0.3769 0.3781
2.0061 0.8011 1.8590 0.8227 0.8037 2.8410 0.2478 0.2506 0.3809 0.3821
2.0053 0.8055 1.8663 0.8146 0.7990 2.8351 0.2447 0.2480 0.3763 0.3786
2.0030 0.8006 1.8677 0.8112 0.7914 2.8260 0.2580 0.2578 0.3915 0.3889
2.0169 0.7926 1.8728 0.8104 0.7909 2.8289 0.2646 0.2662 0.3989 0.3984
2.0126 0.7869 1.8810 0.8080 0.7900 2.8311 0.2503 0.2564 0.3822 0.3871
2.0092 0.7940 1.8796 0.8138 0.7962 2.8369 0.2566 0.2549 0.3902 0.3861
2.0184 0.7882 1.8930 0.8011 0.7837 2.8333 0.2538 0.2553 0.3855 0.3851
2.0228 0.7842 1.8885 0.8074 0.7893 2.8267 0.2507 0.2526 0.3826 0.3827
2.0196 0.7888 1.8885 0.8046 0.7858 2.8257 0.2580 0.2585 0.3908 0.3891
2.0181 0.7927 1.8910 0.8076 0.7893 2.8374 0.2471 0.2453 0.3785 0.3743
2.0253 0.7918 1.8975 0.7995 0.7820 2.8406 0.2565 0.2556 0.3884 0.3853
2.0223 0.7905 1.8970 0.8011 0.7816 2.8313 0.2577 0.2563 0.3900 0.3860
2.0247 0.7901 1.8958 0.8019 0.7832 2.8345 0.2559 0.2527 0.3880 0.3821
2.0170 0.7935 1.8957 0.8023 0.7842 2.8351 0.2558 0.2513 0.3879 0.3806
2.0205 0.7916 1.8956 0.8027 0.7852 2.8292 0.2549 0.2524 0.3869 0.3820
2.0195 0.7964 1.8963 0.8021 0.7828 2.8325 0.2536 0.2524 0.3854 0.3817
2.0149 0.7956 1.8973 0.7997 0.7821 2.8365 0.2538 0.2527 0.3853 0.3820
2.0234 0.7894 1.8951 0.8023 0.7836 2.8333 0.2538 0.2532 0.3856 0.3828
2.0251 0.7892 1.8966 0.8025 0.7839 2.8328 0.2524 0.2508 0.3840 0.3800
2.0225 0.7923 1.8974 0.8015 0.7824 2.8340 0.2529 0.2527 0.3845 0.3820
2.0198 0.7963 1.8980 0.8027 0.7836 2.8310 0.2559 0.2540 0.3881 0.3837
2.0255 0.7893 1.8982 0.8017 0.7830 2.8367 0.2531 0.2527 0.3848 0.3820
2.0199 0.7921 1.8961 0.8031 0.7841 2.8371 0.2559 0.2544 0.3882 0.3841
2.0299 0.7875 1.8987 0.8017 0.7832 2.8330 0.2526 0.2517 0.3842 0.3810
2.0213 0.7917 1.8986 0.8011 0.7821 2.8361 0.2575 0.2562 0.3898 0.3860
2.0241 0.7909 1.8991 0.8017 0.7827 2.8405 0.2522 0.2514 0.3837 0.3806
2.0257 0.7925 1.8990 0.8033 0.7860 2.8248 0.2551 0.2530 0.3872 0.3828
2.0206 0.7914 1.8991 0.8019 0.7829 2.8342 0.2542 0.2531 0.3860 0.3826
2.0257 0.7921 1.8996 0.8023 0.7828 2.8337 0.2515 0.2504 0.3830 0.3794
2.0250 0.7940 1.9017 0.7999 0.7808 2.8306 0.2547 0.2540 0.3864 0.3833
2.0267 0.7839 1.8996 0.8001 0.7819 2.8357 0.2526 0.2527 0.3840 0.3820
2.0266 0.7910 1.9009 0.8029 0.7841 2.8339 0.2531 0.2500 0.3849 0.3791
2.0266 0.7886 1.9031 0.7997 0.7813 2.8310 0.2544 0.2547 0.3860 0.3842
2.0142 0.7978 1.9029 0.7995 0.7813 2.8345 0.2529 0.2532 0.3843 0.3825
2.0259 0.7886 1.9013 0.8013 0.7824 2.8322 0.2533 0.2523 0.3849 0.3815
2.0290 0.7875 1.9035 0.8013 0.7829 2.8336 0.2528 0.2521 0.3843 0.3814
2.0204 0.7904 1.9040 0.8011 0.7816 2.8376 0.2514 0.2506 0.3827 0.3796
2.0225 0.7932 1.9038 0.7997 0.7807 2.8353 0.2549 0.2548 0.3866 0.3842
2.0235 0.7937 1.9029 0.8023 0.7847 2.8347 0.2517 0.2514 0.3832 0.3809
2.0241 0.7931 1.9040 0.7995 0.7825 2.8323 0.2549 0.2553 0.3865 0.3849
2.0260 0.7885 1.9043 0.8015 0.7830 2.8343 0.2545 0.2544 0.3864 0.3840
2.0243 0.7908 1.9051 0.8007 0.7839 2.8327 0.2512 0.2515 0.3824 0.3808
2.0215 0.7921 1.9047 0.8019 0.7825 2.8335 0.2591 0.2565 0.3917 0.3863
2.0280 0.7872 1.9059 0.8009 0.7822 2.8292 0.2566 0.2574 0.3887 0.3873
2.0163 0.7917 1.9047 0.8007 0.7832 2.8316 0.2563 0.2558 0.3883 0.3856
2.0268 0.7866 1.9047 0.7999 0.7819 2.8346 0.2533 0.2547 0.3848 0.3842
2.0336 0.7863 1.9068 0.7999 0.7826 2.8283 0.2529 0.2540 0.3844 0.3836
2.0250 0.7917 1.9045 0.8017 0.7838 2.8356 0.2528 0.2531 0.3844 0.3827
2.0278 0.7863 1.9060 0.8001 0.7822 2.8323 0.2549 0.2560 0.3866 0.3858
2.0280 0.7896 1.9058 0.8001 0.7829 2.8274 0.2540 0.2534 0.3856 0.3829
2.0230 0.7943 1.9070 0.8007 0.7838 2.8317 0.2529 0.2535 0.3844 0.3831
