3.8760 0.0965 3.5423 0.2291 0.2237 3.8965 0.0463 0.0472 0.0770 0.0779
3.3616 0.2720 3.0005 0.4595 0.4408 3.8850 0.0368 0.0431 0.0681 0.0785
2.8799 0.4684 2.4642 0.6628 0.6395 3.8447 0.0308 0.0329 0.0588 0.0626
2.5176 0.5877 2.1168 0.7668 0.7550 3.7896 0.0215 0.0204 0.0418 0.0397
2.2878 0.6531 1.9263 0.8152 0.8064 3.7539 0.0250 0.0252 0.0485 0.0490
2.1368 0.6968 1.8097 0.8493 0.8453 3.6486 0.0297 0.0283 0.0574 0.0548
2.0499 0.7268 1.7308 0.8630 0.8594 3.5903 0.0266 0.0252 0.0515 0.0490
1.9776 0.7442 1.6763 0.8717 0.8699 3.5081 0.0361 0.0332 0.0693 0.0640
1.9304 0.7568 1.6226 0.8848 0.8801 3.4894 0.0364 0.0345 0.0699 0.0664
1.8899 0.7772 1.5918 0.8901 0.8839 3.4568 0.0385 0.0357 0.0738 0.0687
1.8508 0.7826 1.5743 0.8919 0.8895 3.3863 0.0403 0.0371 0.0771 0.0713
1.8269 0.7902 1.5512 0.8961 0.8923 3.3653 0.0343 0.0302 0.0661 0.0585
1.8204 0.7936 1.5339 0.9002 0.8965 3.3983 0.0297 0.0283 0.0576 0.0549
1.8116 0.8003 1.5368 0.9028 0.8998 3.3471 0.0422 0.0425 0.0807 0.0812
1.7980 0.8069 1.5284 0.9022 0.9006 3.3494 0.0352 0.0331 0.0677 0.0639
1.8030 0.8099 1.5292 0.9068 0.9041 3.2973 0.0375 0.0387 0.0720 0.0742
1.7952 0.8215 1.5243 0.9038 0.9004 3.3181 0.0419 0.0395 0.0800 0.0757
1.7840 0.8179 1.5271 0.9056 0.9023 3.3238 0.0382 0.0366 0.0733 0.0703
1.7929 0.8197 1.5337 0.9042 0.9001 3.3005 0.0447 0.0440 0.0852 0.0838
1.7930 0.8245 1.5403 0.9030 0.8986 3.3070 0.0480 0.0480 0.0912 0.0911
1.7953 0.8262 1.5498 0.9060 0.9010 3.2580 0.0524 0.0513 0.0991 0.0970
1.8148 0.8257 1.5554 0.9072 0.9030 3.2632 0.0429 0.0435 0.0820 0.0829
1.8125 0.8265 1.5613 0.9030 0.8986 3.2704 0.0454 0.0427 0.0864 0.0815
1.8166 0.8248 1.5684 0.9016 0.8985 3.2807 0.0433 0.0401 0.0826 0.0768
1.8251 0.8248 1.5806 0.9034 0.8999 3.2502 0.0454 0.0431 0.0864 0.0822
1.8352 0.8246 1.5878 0.9050 0.9024 3.2667 0.0399 0.0388 0.0765 0.0744
1.8383 0.8270 1.6030 0.8959 0.8952 3.2737 0.0493 0.0474 0.0934 0.0901
1.8469 0.8200 1.6084 0.8973 0.8943 3.2708 0.0445 0.0444 0.0848 0.0846
1.8502 0.8285 1.6100 0.8953 0.8939 3.2738 0.0463 0.0437 0.0880 0.0833
1.8537 0.8263 1.6215 0.8925 0.8911 3.2722 0.0477 0.0467 0.0905 0.0887
1.8592 0.8191 1.6296 0.8903 0.8900 3.2620 0.0473 0.0458 0.0899 0.0872
1.8659 0.8229 1.6386 0.8905 0.8898 3.2684 0.0500 0.0471 0.0946 0.0894
1.8714 0.8185 1.6417 0.8915 0.8902 3.2768 0.0494 0.0469 0.0937 0.0892
1.8784 0.8191 1.6491 0.8889 0.8857 3.2562 0.0484 0.0451 0.0918 0.0859
1.8867 0.8142 1.6527 0.8913 0.8901 3.2461 0.0468 0.0431 0.0889 0.0821
1.8881 0.8208 1.6676 0.8905 0.8897 3.2423 0.0485 0.0473 0.0921 0.0899
1.8856 0.8155 1.6679 0.8903 0.8854 3.2525 0.0473 0.0464 0.0899 0.0882
1.8957 0.8220 1.6820 0.8852 0.8832 3.2403 0.0528 0.0512 0.0996 0.0968
1.9059 0.8214 1.6820 0.8893 0.8855 3.2387 0.0579 0.0559 0.1087 0.1051
1.9078 0.8182 1.6886 0.8887 0.8841 3.2365 0.0579 0.0542 0.1087 0.1022
1.9095 0.8158 1.6944 0.8832 0.8788 3.2410 0.0547 0.0512 0.1030 0.0968
1.9203 0.8121 1.7005 0.8883 0.8824 3.2420 0.0505 0.0466 0.0955 0.0885
1.9190 0.8196 1.7029 0.8850 0.8788 3.2470 0.0493 0.0447 0.0933 0.0852
1.9202 0.8193 1.7047 0.8852 0.8784 3.2410 0.0507 0.0441 0.0958 0.0840
1.9203 0.8194 1.7166 0.8828 0.8785 3.2400 0.0454 0.0420 0.0863 0.0801
1.9253 0.8178 1.7156 0.8846 0.8805 3.2405 0.0485 0.0459 0.0920 0.0873
1.9299 0.8179 1.7152 0.8838 0.8781 3.2579 0.0461 0.0430 0.0876 0.0819
1.9357 0.8174 1.7218 0.8798 0.8737 3.2452 0.0496 0.0477 0.0939 0.0904
1.9299 0.8150 1.7288 0.8812 0.8756 3.2334 0.0528 0.0495 0.0996 0.0936
1.9408 0.8143 1.7315 0.8778 0.8738 3.2455 0.0575 0.0527 0.1080 0.0994
1.9382 0.8163 1.7320 0.8808 0.8766 3.2448 0.0547 0.0519 0.1030 0.0979
1.9404 0.8135 1.7375 0.8792 0.8732 3.2355 0.0522 0.0486 0.0986 0.0920
1.9463 0.8137 1.7367 0.8774 0.8721 3.2497 0.0489 0.0452 0.0926 0.0859
1.9502 0.8085 1.7406 0.8749 0.8681 3.2383 0.0489 0.0465 0.0926 0.0883
1.9472 0.8073 1.7435 0.8782 0.8723 3.2395 0.0521 0.0511 0.0983 0.0965
1.9527 0.8126 1.7449 0.8760 0.8714 3.2460 0.0470 0.0441 0.0892 0.0839
1.9543 0.8083 1.7468 0.8762 0.8687 3.2266 0.0485 0.0467 0.0920 0.0886
1.9537 0.8095 1.7558 0.8703 0.8659 3.2176 0.0551 0.0506 0.1036 0.0957
1.9557 0.8046 1.7508 0.8719 0.8692 3.2338 0.0531 0.0478 0.1001 0.0905
1.9510 0.8096 1.7563 0.8691 0.8631 3.2274 0.0612 0.0562 0.1144 0.1056
1.9505 0.8084 1.7528 0.8701 0.8655 3.2322 0.0591 0.0539 0.1107 0.1014
1.9629 0.8085 1.7537 0.8691 0.8636 3.2266 0.0579 0.0533 0.1085 0.1005
1.9538 0.8114 1.7521 0.8703 0.8644 3.2282 0.0588 0.0538 0.1101 0.1012
1.9553 0.8093 1.7534 0.8707 0.8648 3.2302 0.0589 0.0543 0.1104 0.1022
1.9548 0.8106 1.7536 0.8691 0.8628 3.2228 0.0580 0.0534 0.1088 0.1006
1.9532 0.8115 1.7541 0.8693 0.8630 3.2292 0.0565 0.0522 0.1060 0.0984
1.9527 0.8101 1.7529 0.8693 0.8632 3.2332 0.0568 0.0519 0.1067 0.0979
1.9565 0.8092 1.7543 0.8687 0.8619 3.2287 0.0582 0.0537 0.1091 0.1012
1.9551 0.8053 1.7534 0.8705 0.8637 3.2302 0.0559 0.0516 0.1051 0.0975
1.9588 0.8078 1.7533 0.8711 0.8642 3.2264 0.0586 0.0539 0.1098 0.1014
1.9576 0.8075 1.7539 0.8697 0.8635 3.2299 0.0551 0.0510 0.1036 0.0963
1.9544 0.8107 1.7539 0.8701 0.8636 3.2307 0.0547 0.0504 0.1029 0.0952
1.9533 0.8102 1.7549 0.8693 0.8623 3.2295 0.0565 0.0524 0.1060 0.0987
1.9565 0.8065 1.7545 0.8695 0.8619 3.2331 0.0540 0.0503 0.1017 0.0951
1.9553 0.8135 1.7552 0.8693 0.8621 3.2236 0.0558 0.0517 0.1048 0.0976
1.9555 0.8140 1.7557 0.8685 0.8616 3.2303 0.0536 0.0502 0.1011 0.0949
1.9566 0.8088 1.7564 0.8693 0.8617 3.2289 0.0551 0.0512 0.1036 0.0966
1.9616 0.8067 1.7582 0.8691 0.8614 3.2218 0.0538 0.0506 0.1014 0.0957
1.9507 0.8098 1.7577 0.8699 0.8625 3.2314 0.0526 0.0487 0.0992 0.0921
1.9643 0.8047 1.7578 0.8683 0.8611 3.2243 0.0540 0.0494 0.1017 0.0935
1.9579 0.8028 1.7580 0.8687 0.8614 3.2270 0.0540 0.0499 0.1017 0.0943
1.9586 0.8076 1.7572 0.8679 0.8606 3.2244 0.0559 0.0519 0.1051 0.0979
1.9552 0.8075 1.7567 0.8695 0.8626 3.2289 0.0542 0.0496 0.1020 0.0938
1.9616 0.8022 1.7568 0.8683 0.8612 3.2226 0.0540 0.0505 0.1017 0.0955
1.9631 0.8044 1.7587 0.8681 0.8617 3.2220 0.0536 0.0504 0.1011 0.0952
1.9614 0.8033 1.7572 0.8673 0.8599 3.2359 0.0515 0.0476 0.0973 0.0902
1.9610 0.8040 1.7591 0.8681 0.8612 3.2200 0.0531 0.0495 0.1001 0.0937
1.9605 0.8067 1.7590 0.8679 0.8608 3.2296 0.0500 0.0470 0.0945 0.0891
1.9539 0.8152 1.7604 0.8653 0.8587 3.2249 0.0521 0.0493 0.0982 0.0932
1.9619 0.8075 1.7598 0.8661 0.8594 3.2260 0.0521 0.0493 0.0982 0.0932
1.9588 0.8075 1.7609 0.8659 0.8600 3.2203 0.0545 0.0506 0.1026 0.0956
1.9604 0.8118 1.7590 0.8679 0.8615 3.2308 0.0529 0.0495 0.0998 0.0937
1.9580 0.8089 1.7606 0.8661 0.8600 3.2196 0.0533 0.0498 0.1004 0.0941
1.9531 0.8131 1.7597 0.8671 0.8606 3.2270 0.0522 0.0492 0.0985 0.0930
1.9565 0.8110 1.7609 0.8661 0.8597 3.2280 0.0521 0.0491 0.0982 0.0929
1.9585 0.8054 1.7608 0.8675 0.8609 3.2257 0.0524 0.0503 0.0989 0.0951
1.9516 0.8143 1.7616 0.8661 0.8603 3.2261 0.0522 0.0504 0.0985 0.0951
1.9614 0.8066 1.7611 0.8647 0.8587 3.2307 0.0510 0.0484 0.0963 0.0916
1.9587 0.8113 1.7614 0.8651 0.8590 3.2264 0.0494 0.0475 0.0935 0.0900
1.9546 0.8114 1.7623 0.8657 0.8593 3.2271 0.0487 0.0465 0.0923 0.0882
