3.4277 0.2088 4.4038 0.0014 0.0011 2.7037 0.2813 0.3358 0.0028 0.0023
2.8588 0.4088 4.1287 0.0365 0.0294 2.4667 0.3887 0.4386 0.0667 0.0550
2.6156 0.4817 3.8533 0.1019 0.0889 2.3471 0.4285 0.4769 0.1646 0.1498
2.4525 0.5444 3.6111 0.1813 0.1582 2.2927 0.4339 0.4765 0.2558 0.2375
2.3174 0.5867 3.3923 0.2487 0.2121 2.2385 0.4450 0.4880 0.3191 0.2957
2.2243 0.6134 3.1879 0.3027 0.2558 2.2451 0.4464 0.4901 0.3608 0.3361
2.1452 0.6356 3.0572 0.3280 0.2777 2.1930 0.4644 0.5055 0.3844 0.3584
2.0851 0.6482 2.9696 0.3485 0.2942 2.1402 0.4779 0.5166 0.4031 0.3749
2.0311 0.6580 2.8679 0.3643 0.3057 2.1765 0.4693 0.5132 0.4102 0.3832
1.9902 0.6631 2.8236 0.3780 0.3164 2.1364 0.4848 0.5218 0.4248 0.3940
1.9699 0.6675 2.7777 0.3766 0.3166 2.1524 0.4779 0.5294 0.4212 0.3962
1.9510 0.6655 2.7538 0.3832 0.3227 2.1362 0.4839 0.5177 0.4277 0.3976
1.9322 0.6764 2.7449 0.3818 0.3214 2.1247 0.4763 0.5160 0.4239 0.3961
1.9134 0.6802 2.7410 0.3784 0.3182 2.1066 0.4848 0.5213 0.4250 0.3952
1.9057 0.6798 2.7250 0.3836 0.3227 2.0942 0.4901 0.5230 0.4304 0.3992
1.8961 0.6864 2.7487 0.3770 0.3180 2.0872 0.4932 0.5230 0.4273 0.3956
1.8980 0.6759 2.7436 0.3770 0.3187 2.0979 0.4792 0.5155 0.4220 0.3939
1.8961 0.6775 2.7655 0.3685 0.3117 2.0650 0.4772 0.5157 0.4159 0.3885
1.8924 0.6816 2.7801 0.3647 0.3083 2.0684 0.4691 0.5081 0.4104 0.3837
1.9045 0.6732 2.7971 0.3578 0.3029 2.0621 0.4785 0.5156 0.4094 0.3816
1.8987 0.6747 2.7954 0.3588 0.3045 2.0815 0.4716 0.5183 0.4075 0.3836
1.9044 0.6732 2.8362 0.3407 0.2891 2.0462 0.4987 0.5329 0.4048 0.3749
1.9013 0.6735 2.8743 0.3350 0.2845 2.0411 0.5011 0.5316 0.4016 0.3706
1.9159 0.6713 2.8944 0.3243 0.2768 2.0382 0.4834 0.5341 0.3882 0.3647
1.9197 0.6709 2.9132 0.3108 0.2653 2.0323 0.4904 0.5229 0.3805 0.3520
1.9295 0.6590 2.9485 0.2983 0.2544 2.0095 0.4758 0.5167 0.3667 0.3409
1.9288 0.6693 2.9691 0.2951 0.2509 2.0114 0.5105 0.5386 0.3740 0.3424
1.9376 0.6633 2.9963 0.2844 0.2423 1.9943 0.4957 0.5365 0.3614 0.3338
1.9418 0.6635 3.0335 0.2739 0.2348 1.9957 0.4857 0.5304 0.3503 0.3255
1.9505 0.6605 3.0519 0.2658 0.2269 1.9992 0.4999 0.5444 0.3471 0.3203
1.9501 0.6567 3.0958 0.2418 0.2085 1.9972 0.4832 0.5305 0.3223 0.2994
1.9676 0.6533 3.1149 0.2438 0.2098 2.0067 0.4957 0.5336 0.3269 0.3012
1.9737 0.6565 3.1413 0.2368 0.2037 2.0078 0.4851 0.5218 0.3182 0.2930
1.9741 0.6502 3.1688 0.2253 0.1965 1.9696 0.4904 0.5308 0.3087 0.2869
1.9850 0.6514 3.1883 0.2245 0.1964 1.9797 0.4999 0.5256 0.3098 0.2859
1.9916 0.6492 3.2105 0.2067 0.1811 1.9703 0.4871 0.5341 0.2903 0.2705
1.9967 0.6429 3.2408 0.1908 0.1669 1.9630 0.4927 0.5265 0.2751 0.2535
2.0036 0.6389 3.2611 0.1819 0.1606 1.9645 0.4989 0.5333 0.2666 0.2469
2.0096 0.6337 3.2901 0.1706 0.1506 1.9551 0.4892 0.5308 0.2530 0.2347
2.0218 0.6329 3.2947 0.1537 0.1371 1.9609 0.4923 0.5351 0.2343 0.2182
2.0176 0.6353 3.3347 0.1474 0.1321 1.9655 0.5066 0.5375 0.2284 0.2121
2.0243 0.6294 3.3624 0.1323 0.1192 1.9450 0.4931 0.5328 0.2086 0.1949
2.0270 0.6261 3.3665 0.1349 0.1212 1.9774 0.4818 0.5251 0.2108 0.1970
2.0353 0.6268 3.3825 0.1275 0.1138 1.9660 0.4857 0.5281 0.2019 0.1873
2.0426 0.6169 3.3959 0.1142 0.1035 1.9689 0.4901 0.5319 0.1852 0.1732
2.0461 0.6215 3.4253 0.1047 0.0949 1.9418 0.4925 0.5337 0.1727 0.1611
2.0537 0.6136 3.4461 0.0970 0.0866 1.9623 0.4702 0.5210 0.1608 0.1485
2.0642 0.6089 3.4630 0.0849 0.0776 1.9534 0.4888 0.5323 0.1447 0.1354
2.0653 0.6129 3.4827 0.0744 0.0689 1.9504 0.4894 0.5320 0.1292 0.1220
2.0646 0.6155 3.5050 0.0684 0.0632 1.9404 0.5075 0.5460 0.1205 0.1133
2.0697 0.6085 3.5182 0.0702 0.0641 1.9296 0.5043 0.5448 0.1232 0.1146
2.0705 0.6099 3.5263 0.0629 0.0567 1.9434 0.4969 0.5427 0.1117 0.1027
2.0758 0.6079 3.5236 0.0647 0.0588 1.9447 0.4906 0.5323 0.1144 0.1059
2.0804 0.6068 3.5463 0.0541 0.0481 1.9225 0.5048 0.5472 0.0977 0.0885
2.0832 0.6035 3.5577 0.0537 0.0479 1.9268 0.5124 0.5536 0.0971 0.0883
2.0872 0.6026 3.5658 0.0512 0.0456 1.9398 0.4950 0.5402 0.0929 0.0841
2.0894 0.6053 3.5841 0.0464 0.0417 1.9174 0.4915 0.5439 0.0848 0.0775
2.0883 0.6038 3.5874 0.0464 0.0412 1.9198 0.5006 0.5481 0.0849 0.0766
2.0928 0.6041 3.5958 0.0401 0.0361 1.9258 0.5043 0.5505 0.0744 0.0677
2.0934 0.6044 3.6180 0.0381 0.0344 1.9172 0.4957 0.5464 0.0708 0.0647
2.1015 0.5979 3.6128 0.0375 0.0340 1.9255 0.5033 0.5471 0.0698 0.0640
2.0919 0.6106 3.6165 0.0377 0.0342 1.9314 0.5022 0.5452 0.0702 0.0644
2.0930 0.6061 3.6210 0.0375 0.0339 1.9255 0.5036 0.5484 0.0698 0.0639
2.0975 0.6028 3.6168 0.0379 0.0342 1.9245 0.5064 0.5499 0.0706 0.0643
2.0982 0.6038 3.6136 0.0375 0.0340 1.9271 0.4999 0.5460 0.0698 0.0640
2.0973 0.6017 3.6181 0.0369 0.0335 1.9223 0.5034 0.5492 0.0688 0.0631
2.0980 0.6051 3.6144 0.0371 0.0337 1.9337 0.5003 0.5473 0.0691 0.0635
2.0946 0.6079 3.6246 0.0359 0.0323 1.9180 0.5003 0.5454 0.0670 0.0610
2.0969 0.6032 3.6190 0.0373 0.0338 1.9352 0.4945 0.5437 0.0694 0.0637
2.0973 0.6034 3.6234 0.0363 0.0327 1.9252 0.5029 0.5462 0.0677 0.0617
2.0992 0.6004 3.6218 0.0359 0.0327 1.9266 0.5010 0.5481 0.0670 0.0618
2.0949 0.6017 3.6304 0.0351 0.0316 1.9179 0.5026 0.5467 0.0656 0.0597
2.0974 0.6060 3.6256 0.0353 0.0319 1.9311 0.5022 0.5475 0.0660 0.0603
2.1014 0.5998 3.6277 0.0345 0.0312 1.9210 0.5004 0.5459 0.0645 0.0590
2.0963 0.6036 3.6272 0.0349 0.0314 1.9211 0.5075 0.5508 0.0653 0.0593
2.0977 0.6040 3.6304 0.0349 0.0316 1.9241 0.5003 0.5459 0.0652 0.0597
2.1026 0.5976 3.6313 0.0339 0.0307 1.9246 0.4996 0.5455 0.0635 0.0581
2.1030 0.6022 3.6291 0.0347 0.0314 1.9236 0.5008 0.5465 0.0649 0.0593
2.0967 0.6042 3.6298 0.0335 0.0304 1.9287 0.5010 0.5477 0.0628 0.0576
2.1011 0.5989 3.6338 0.0331 0.0300 1.9150 0.5024 0.5479 0.0621 0.0569
2.1031 0.6050 3.6271 0.0347 0.0313 1.9336 0.4996 0.5447 0.0649 0.0592
2.1006 0.5974 3.6312 0.0339 0.0308 1.9277 0.5022 0.5474 0.0635 0.0583
2.1025 0.5986 3.6297 0.0345 0.0312 1.9300 0.5004 0.5476 0.0645 0.0590
2.0982 0.6010 3.6381 0.0335 0.0304 1.9254 0.5006 0.5497 0.0628 0.0576
2.1036 0.5993 3.6331 0.0327 0.0297 1.9284 0.4985 0.5484 0.0613 0.0563
2.1010 0.6033 3.6453 0.0317 0.0287 1.9238 0.4999 0.5452 0.0596 0.0545
2.1029 0.5995 3.6358 0.0329 0.0296 1.9322 0.5006 0.5482 0.0617 0.0562
2.1029 0.5968 3.6394 0.0307 0.0278 1.9227 0.5059 0.5506 0.0578 0.0530
2.1036 0.6018 3.6428 0.0294 0.0267 1.9203 0.5024 0.5479 0.0556 0.0509
2.1034 0.5997 3.6419 0.0299 0.0270 1.9200 0.4999 0.5453 0.0563 0.0514
2.1038 0.6029 3.6423 0.0288 0.0263 1.9215 0.5010 0.5474 0.0545 0.0501
2.1038 0.5985 3.6414 0.0296 0.0268 1.9329 0.5011 0.5464 0.0560 0.0510
2.1013 0.6016 3.6514 0.0282 0.0255 1.9198 0.5047 0.5486 0.0535 0.0487
2.1057 0.5996 3.6455 0.0278 0.0256 1.9300 0.5033 0.5500 0.0528 0.0489
2.0984 0.5988 3.6537 0.0278 0.0252 1.9234 0.5027 0.5479 0.0527 0.0482
2.0999 0.5988 3.6479 0.0286 0.0262 1.9250 0.5029 0.5490 0.0542 0.0500
2.1041 0.6054 3.6575 0.0270 0.0248 1.9160 0.5043 0.5500 0.0513 0.0474
2.1046 0.5980 3.6482 0.0276 0.0254 1.9219 0.5048 0.5490 0.0524 0.0486
2.1050 0.6015 3.6515 0.0276 0.0253 1.9230 0.4989 0.5456 0.0524 0.0483
2.1028 0.6022 3.6537 0.0272 0.0250 1.9181 0.5045 0.5496 0.0517 0.0478
