3.9053 0.0608 3.7987 0.0762 0.0626 3.6152 0.1296 0.1420 0.0960 0.0868
3.4942 0.1900 3.4319 0.2172 0.1967 3.3429 0.2517 0.2533 0.2332 0.2214
3.0973 0.3507 2.9900 0.3745 0.3425 3.1360 0.3237 0.3235 0.3472 0.3327
2.7604 0.4689 2.6224 0.5121 0.4768 3.0322 0.3326 0.3325 0.4033 0.3918
2.5302 0.5651 2.3776 0.5966 0.5603 2.9641 0.3462 0.3479 0.4381 0.4293
2.3717 0.6166 2.2097 0.6446 0.6150 2.9137 0.3427 0.3345 0.4475 0.4333
2.2532 0.6532 2.0852 0.6755 0.6514 2.8308 0.3668 0.3506 0.4754 0.4558
2.1632 0.6806 1.9958 0.7088 0.6833 2.7957 0.3713 0.3475 0.4873 0.4607
2.0951 0.7087 1.9445 0.7241 0.7023 2.7814 0.3761 0.3590 0.4950 0.4752
2.0594 0.7219 1.9080 0.7358 0.7129 2.7718 0.3560 0.3540 0.4799 0.4731
2.0304 0.7297 1.8903 0.7384 0.7136 2.7177 0.3807 0.3841 0.5023 0.4993
2.0073 0.7321 1.8585 0.7549 0.7292 2.7030 0.3757 0.3608 0.5017 0.4827
1.9909 0.7387 1.8432 0.7541 0.7317 2.6537 0.4016 0.3724 0.5241 0.4936
1.9682 0.7485 1.8313 0.7606 0.7381 2.6714 0.3917 0.3752 0.5171 0.4975
1.9554 0.7533 1.8370 0.7588 0.7368 2.6415 0.3868 0.3821 0.5124 0.5032
1.9590 0.7487 1.8281 0.7628 0.7440 2.6358 0.3924 0.3718 0.5183 0.4958
1.9444 0.7607 1.8358 0.7630 0.7448 2.6259 0.3919 0.3802 0.5178 0.5034
1.9286 0.7597 1.8388 0.7529 0.7328 2.6100 0.4004 0.3899 0.5227 0.5089
1.9420 0.7521 1.8324 0.7664 0.7426 2.6314 0.3671 0.3572 0.4964 0.4824
1.9370 0.7546 1.8443 0.7580 0.7382 2.5914 0.4146 0.3893 0.5360 0.5097
1.9408 0.7559 1.8497 0.7570 0.7368 2.5892 0.4130 0.3972 0.5344 0.5162
1.9440 0.7525 1.8768 0.7378 0.7171 2.5472 0.4100 0.4081 0.5271 0.5202
1.9547 0.7436 1.8714 0.7511 0.7304 2.5781 0.4120 0.4045 0.5321 0.5206
1.9562 0.7539 1.8879 0.7414 0.7227 2.5742 0.4195 0.4150 0.5358 0.5272
1.9601 0.7503 1.9070 0.7332 0.7150 2.5810 0.4144 0.4178 0.5295 0.5275
1.9583 0.7530 1.9057 0.7374 0.7151 2.5646 0.4285 0.4176 0.5420 0.5273
1.9631 0.7449 1.9209 0.7241 0.7028 2.5391 0.4515 0.4426 0.5562 0.5431
1.9742 0.7447 1.9261 0.7322 0.7090 2.5455 0.4355 0.4213 0.5462 0.5285
1.9800 0.7456 1.9411 0.7188 0.6978 2.5616 0.4355 0.4366 0.5424 0.5371
1.9822 0.7437 1.9618 0.7114 0.6889 2.5359 0.4529 0.4468 0.5535 0.5420
1.9950 0.7339 1.9619 0.7194 0.6962 2.5531 0.4259 0.4233 0.5350 0.5265
1.9992 0.7351 1.9819 0.7084 0.6872 2.5296 0.4431 0.4383 0.5452 0.5353
2.0073 0.7245 1.9900 0.7057 0.6853 2.5501 0.4142 0.4229 0.5221 0.5230
2.0052 0.7302 1.9912 0.7094 0.6861 2.5477 0.4299 0.4251 0.5354 0.5250
2.0098 0.7362 2.0147 0.7027 0.6813 2.5186 0.4417 0.4331 0.5424 0.5295
2.0205 0.7274 2.0138 0.7049 0.6822 2.5389 0.4276 0.4232 0.5323 0.5224
2.0217 0.7274 2.0297 0.6926 0.6704 2.5531 0.4338 0.4374 0.5335 0.5294
2.0202 0.7237 2.0466 0.6765 0.6579 2.5223 0.4515 0.4623 0.5416 0.5431
2.0402 0.7159 2.0525 0.6839 0.6633 2.5178 0.4438 0.4561 0.5383 0.5405
2.0363 0.7215 2.0575 0.6858 0.6643 2.5356 0.4331 0.4451 0.5309 0.5331
2.0481 0.7131 2.0613 0.6839 0.6606 2.5229 0.4350 0.4473 0.5318 0.5334
2.0496 0.7137 2.0663 0.6868 0.6636 2.5231 0.4355 0.4410 0.5330 0.5299
2.0479 0.7226 2.0748 0.6819 0.6592 2.5596 0.4199 0.4369 0.5197 0.5255
2.0578 0.7168 2.0843 0.6741 0.6485 2.5213 0.4285 0.4428 0.5239 0.5263
2.0581 0.7137 2.0957 0.6729 0.6497 2.5200 0.4368 0.4408 0.5297 0.5253
2.0641 0.7086 2.1065 0.6654 0.6411 2.5458 0.4218 0.4424 0.5163 0.5236
2.0651 0.7055 2.1110 0.6658 0.6450 2.5224 0.4287 0.4416 0.5215 0.5243
2.0643 0.7043 2.1113 0.6622 0.6374 2.5260 0.4267 0.4408 0.5190 0.5212
2.0727 0.7055 2.1188 0.6622 0.6389 2.5257 0.4315 0.4541 0.5225 0.5309
2.0702 0.7059 2.1238 0.6549 0.6334 2.5179 0.4482 0.4634 0.5322 0.5352
2.0764 0.7030 2.1260 0.6505 0.6251 2.5231 0.4354 0.4500 0.5216 0.5233
2.0738 0.7064 2.1240 0.6559 0.6300 2.5300 0.4230 0.4487 0.5143 0.5241
2.0783 0.6945 2.1316 0.6434 0.6169 2.5128 0.4311 0.4523 0.5163 0.5219
2.0754 0.7061 2.1428 0.6466 0.6218 2.5101 0.4294 0.4405 0.5161 0.5157
2.0737 0.7014 2.1557 0.6363 0.6114 2.5101 0.4429 0.4664 0.5223 0.5292
2.0820 0.7004 2.1444 0.6509 0.6289 2.5272 0.4197 0.4429 0.5103 0.5198
2.0840 0.7009 2.1507 0.6444 0.6218 2.5187 0.4267 0.4469 0.5135 0.5200
2.0805 0.7047 2.1485 0.6491 0.6263 2.5457 0.4153 0.4374 0.5065 0.5151
2.0834 0.6948 2.1599 0.6384 0.6160 2.5189 0.4230 0.4411 0.5089 0.5141
2.0886 0.6925 2.1628 0.6311 0.6043 2.5330 0.4172 0.4374 0.5024 0.5075
2.0833 0.6942 2.1594 0.6323 0.6079 2.5182 0.4220 0.4365 0.5062 0.5081
2.0848 0.6967 2.1572 0.6335 0.6084 2.5253 0.4158 0.4353 0.5021 0.5075
2.0812 0.6962 2.1564 0.6335 0.6080 2.5202 0.4169 0.4384 0.5029 0.5095
2.0884 0.6937 2.1576 0.6321 0.6077 2.5203 0.4179 0.4405 0.5032 0.5108
2.0847 0.6972 2.1558 0.6331 0.6080 2.5258 0.4201 0.4436 0.5050 0.5129
2.0840 0.6892 2.1587 0.6315 0.6071 2.5195 0.4213 0.4454 0.5054 0.5138
2.0892 0.6924 2.1592 0.6339 0.6102 2.5207 0.4206 0.4454 0.5057 0.5150
2.0904 0.6976 2.1558 0.6374 0.6135 2.5267 0.4179 0.4426 0.5048 0.5142
2.0870 0.6952 2.1603 0.6347 0.6094 2.5211 0.4192 0.4442 0.5049 0.5138
2.0858 0.6962 2.1555 0.6374 0.6126 2.5245 0.4171 0.4408 0.5042 0.5127
2.0890 0.6984 2.1611 0.6327 0.6088 2.5186 0.4216 0.4479 0.5060 0.5161
2.0854 0.6965 2.1608 0.6323 0.6082 2.5242 0.4178 0.4441 0.5031 0.5134
2.0761 0.7034 2.1585 0.6367 0.6131 2.5259 0.4164 0.4402 0.5035 0.5125
2.0899 0.6966 2.1584 0.6363 0.6124 2.5236 0.4150 0.4400 0.5023 0.5121
2.0913 0.6944 2.1590 0.6372 0.6136 2.5207 0.4183 0.4418 0.5050 0.5137
2.0888 0.6988 2.1612 0.6345 0.6100 2.5267 0.4179 0.4444 0.5040 0.5142
2.0893 0.6956 2.1599 0.6331 0.6097 2.5243 0.4199 0.4442 0.5049 0.5139
2.0852 0.6978 2.1607 0.6315 0.6080 2.5275 0.4153 0.4430 0.5011 0.5125
2.0852 0.6916 2.1625 0.6329 0.6096 2.5221 0.4165 0.4430 0.5024 0.5131
2.0871 0.6951 2.1606 0.6313 0.6082 2.5192 0.4178 0.4439 0.5028 0.5132
2.0854 0.6946 2.1617 0.6327 0.6094 2.5235 0.4150 0.4420 0.5012 0.5124
2.0862 0.6964 2.1613 0.6351 0.6112 2.5229 0.4172 0.4427 0.5036 0.5135
2.0945 0.6901 2.1613 0.6329 0.6097 2.5214 0.4150 0.4402 0.5013 0.5113
2.0840 0.6972 2.1604 0.6380 0.6145 2.5287 0.4125 0.4372 0.5010 0.5109
2.0850 0.7000 2.1661 0.6281 0.6041 2.5176 0.4185 0.4441 0.5023 0.5119
2.0893 0.6905 2.1630 0.6331 0.6094 2.5238 0.4174 0.4430 0.5031 0.5130
2.0900 0.6917 2.1620 0.6345 0.6101 2.5289 0.4155 0.4417 0.5022 0.5124
2.0860 0.6984 2.1607 0.6349 0.6115 2.5265 0.4137 0.4362 0.5010 0.5092
2.0914 0.6961 2.1633 0.6315 0.6077 2.5192 0.4190 0.4435 0.5038 0.5128
2.0928 0.6927 2.1605 0.6357 0.6120 2.5338 0.4128 0.4389 0.5006 0.5112
2.0867 0.6955 2.1648 0.6325 0.6081 2.5163 0.4167 0.4421 0.5024 0.5120
2.0880 0.6975 2.1641 0.6335 0.6100 2.5187 0.4185 0.4427 0.5040 0.5130
2.0853 0.6947 2.1630 0.6355 0.6120 2.5258 0.4157 0.4393 0.5026 0.5115
2.0879 0.6930 2.1632 0.6325 0.6086 2.5260 0.4172 0.4420 0.5028 0.5121
2.0936 0.6895 2.1675 0.6289 0.6058 2.5181 0.4223 0.4453 0.5053 0.5133
2.0879 0.6996 2.1641 0.6345 0.6104 2.5312 0.4135 0.4358 0.5007 0.5085
2.0913 0.6950 2.1634 0.6355 0.6116 2.5226 0.4128 0.4352 0.5005 0.5085
2.0840 0.6933 2.1654 0.6335 0.6099 2.5248 0.4132 0.4373 0.5002 0.5094
2.0879 0.6939 2.1651 0.6307 0.6077 2.5214 0.4121 0.4360 0.4985 0.5077
2.0872 0.6957 2.1662 0.6307 0.6077 2.5321 0.4139 0.4398 0.4998 0.5103
