3.3913 0.2396 4.6867 0.0010 0.0009 2.6343 0.3989 0.3774 0.0020 0.0017
2.7368 0.4200 4.5791 0.0036 0.0027 2.2445 0.5073 0.4763 0.0072 0.0053
2.4459 0.4979 4.4575 0.0131 0.0101 2.1066 0.5268 0.5040 0.0256 0.0198
2.3030 0.5550 4.2889 0.0395 0.0324 2.0692 0.5098 0.5302 0.0734 0.0611
2.1994 0.5907 4.1096 0.0783 0.0681 2.0429 0.5150 0.5444 0.1359 0.1211
2.1208 0.6192 4.0028 0.1051 0.0914 2.0082 0.5230 0.5488 0.1750 0.1566
2.0549 0.6474 3.8394 0.1456 0.1272 2.0021 0.5173 0.5554 0.2273 0.2070
2.0118 0.6724 3.7672 0.1690 0.1500 1.9659 0.5277 0.5520 0.2560 0.2359
1.9652 0.6816 3.7157 0.1773 0.1574 1.9544 0.5189 0.5555 0.2643 0.2453
1.9298 0.6896 3.6206 0.2047 0.1782 1.9546 0.5189 0.5584 0.2936 0.2702
1.8918 0.6993 3.5984 0.2148 0.1835 1.9248 0.5397 0.5679 0.3073 0.2774
1.8737 0.6980 3.5622 0.2190 0.1847 1.9113 0.5434 0.5610 0.3122 0.2779
1.8554 0.7052 3.5073 0.2315 0.1946 1.9139 0.5337 0.5636 0.3230 0.2893
1.8320 0.7054 3.5117 0.2319 0.1953 1.8867 0.5481 0.5726 0.3260 0.2913
1.8137 0.7124 3.4913 0.2307 0.1943 1.9307 0.5245 0.5599 0.3205 0.2884
1.8081 0.7145 3.5375 0.2146 0.1815 1.8521 0.5471 0.5641 0.3083 0.2746
1.8076 0.7063 3.4978 0.2279 0.1947 1.8720 0.5369 0.5702 0.3200 0.2902
1.7997 0.7078 3.5405 0.2029 0.1746 1.8498 0.5504 0.5719 0.2965 0.2676
1.7942 0.7112 3.5304 0.1999 0.1709 1.8895 0.5168 0.5545 0.2883 0.2613
1.7915 0.7134 3.5646 0.1938 0.1680 1.8549 0.5319 0.5617 0.2841 0.2586
1.7906 0.7057 3.5910 0.1843 0.1606 1.8657 0.5186 0.5427 0.2720 0.2479
1.7997 0.7019 3.5982 0.1696 0.1466 1.8412 0.5412 0.5565 0.2583 0.2321
1.8042 0.6922 3.6333 0.1511 0.1313 1.8468 0.5006 0.5511 0.2321 0.2120
1.8014 0.6959 3.6726 0.1495 0.1298 1.8429 0.5318 0.5549 0.2333 0.2104
1.8076 0.7006 3.6744 0.1359 0.1186 1.8766 0.5138 0.5546 0.2150 0.1954
1.8048 0.6972 3.7449 0.1156 0.1007 1.8293 0.5215 0.5567 0.1892 0.1705
1.8113 0.6943 3.7643 0.1035 0.0897 1.8581 0.5263 0.5579 0.1729 0.1546
1.8149 0.6935 3.7817 0.0916 0.0814 1.8319 0.5194 0.5566 0.1557 0.1421
1.8204 0.6892 3.8317 0.0726 0.0637 1.8423 0.4973 0.5443 0.1267 0.1140
1.8264 0.6875 3.8797 0.0615 0.0538 1.8337 0.5275 0.5587 0.1102 0.0982
1.8287 0.6891 3.8899 0.0567 0.0490 1.8125 0.5164 0.5434 0.1021 0.0899
1.8314 0.6855 3.9401 0.0422 0.0372 1.8367 0.5011 0.5340 0.0778 0.0696
1.8350 0.6864 3.9616 0.0311 0.0282 1.7943 0.5400 0.5654 0.0587 0.0538
1.8403 0.6847 3.9849 0.0262 0.0230 1.8047 0.5196 0.5556 0.0499 0.0441
1.8428 0.6837 4.0144 0.0190 0.0173 1.8091 0.5145 0.5345 0.0366 0.0334
1.8405 0.6852 4.0268 0.0153 0.0143 1.8295 0.5048 0.5413 0.0298 0.0278
1.8425 0.6859 4.0809 0.0089 0.0087 1.8294 0.5087 0.5497 0.0174 0.0171
1.8480 0.6806 4.0758 0.0077 0.0070 1.8088 0.5186 0.5464 0.0151 0.0137
1.8562 0.6777 4.0997 0.0052 0.0045 1.8287 0.5126 0.5506 0.0104 0.0090
1.8610 0.6763 4.1173 0.0030 0.0025 1.7951 0.5184 0.5565 0.0060 0.0051
1.8688 0.6762 4.1858 0.0014 0.0013 1.7840 0.5133 0.5481 0.0028 0.0025
1.8623 0.6818 4.1929 0.0014 0.0012 1.7955 0.5300 0.5615 0.0028 0.0024
1.8629 0.6769 4.2054 0.0014 0.0013 1.7929 0.5215 0.5572 0.0028 0.0025
1.8669 0.6804 4.2088 0.0016 0.0014 1.7724 0.5242 0.5512 0.0032 0.0028
1.8747 0.6803 4.2356 0.0010 0.0009 1.7968 0.5166 0.5476 0.0020 0.0018
1.8766 0.6803 4.2331 0.0012 0.0011 1.7853 0.5089 0.5482 0.0024 0.0021
1.8719 0.6777 4.2815 0.0010 0.0009 1.7606 0.5309 0.5613 0.0020 0.0018
1.8731 0.6784 4.3012 0.0000 0.0000 1.8103 0.5087 0.5506 0.0000 0.0000
1.8821 0.6781 4.2988 0.0004 0.0004 1.7886 0.4978 0.5504 0.0008 0.0007
1.8801 0.6758 4.3177 0.0004 0.0004 1.7811 0.5069 0.5386 0.0008 0.0007
1.8755 0.6824 4.3377 0.0002 0.0002 1.7819 0.5244 0.5520 0.0004 0.0004
1.8831 0.6825 4.3300 0.0002 0.0002 1.8003 0.4997 0.5520 0.0004 0.0004
1.8804 0.6819 4.3566 0.0000 0.0000 1.7811 0.5175 0.5509 0.0000 0.0000
1.8838 0.6791 4.3565 0.0002 0.0002 1.7611 0.5217 0.5611 0.0004 0.0004
1.8868 0.6794 4.3515 0.0000 0.0000 1.7802 0.5126 0.5508 0.0000 0.0000
1.8843 0.6760 4.3707 0.0000 0.0000 1.7692 0.4950 0.5329 0.0000 0.0000
1.8948 0.6713 4.3653 0.0000 0.0000 1.7895 0.5189 0.5565 0.0000 0.0000
1.8922 0.6761 4.3986 0.0000 0.0000 1.7599 0.5099 0.5519 0.0000 0.0000
1.8896 0.6816 4.3989 0.0000 0.0000 1.7714 0.5226 0.5560 0.0000 0.0000
1.8862 0.6810 4.3930 0.0000 0.0000 1.7785 0.5075 0.5423 0.0000 0.0000
1.8865 0.6841 4.3972 0.0000 0.0000 1.7764 0.5094 0.5487 0.0000 0.0000
1.8872 0.6816 4.4002 0.0000 0.0000 1.7681 0.5117 0.5516 0.0000 0.0000
1.8911 0.6826 4.3933 0.0000 0.0000 1.7910 0.5013 0.5462 0.0000 0.0000
1.8864 0.6815 4.4031 0.0000 0.0000 1.7782 0.5082 0.5511 0.0000 0.0000
1.8859 0.6797 4.4030 0.0000 0.0000 1.7712 0.5136 0.5527 0.0000 0.0000
1.8920 0.6842 4.3980 0.0000 0.0000 1.7739 0.5161 0.5562 0.0000 0.0000
1.8878 0.6862 4.4026 0.0000 0.0000 1.7786 0.5080 0.5493 0.0000 0.0000
1.8907 0.6811 4.4059 0.0000 0.0000 1.7763 0.5140 0.5555 0.0000 0.0000
1.8904 0.6843 4.4056 0.0000 0.0000 1.7743 0.5103 0.5498 0.0000 0.0000
1.8901 0.6828 4.3997 0.0000 0.0000 1.7816 0.5087 0.5522 0.0000 0.0000
1.8881 0.6837 4.4017 0.0000 0.0000 1.7850 0.5094 0.5546 0.0000 0.0000
1.8969 0.6806 4.3991 0.0000 0.0000 1.7744 0.5089 0.5521 0.0000 0.0000
1.8891 0.6854 4.4056 0.0000 0.0000 1.7767 0.5096 0.5539 0.0000 0.0000
1.8884 0.6835 4.4007 0.0000 0.0000 1.7787 0.5073 0.5504 0.0000 0.0000
1.8892 0.6844 4.4060 0.0000 0.0000 1.7729 0.5113 0.5493 0.0000 0.0000
1.8906 0.6814 4.4129 0.0000 0.0000 1.7721 0.5115 0.5536 0.0000 0.0000
1.8860 0.6826 4.4095 0.0000 0.0000 1.7650 0.5150 0.5534 0.0000 0.0000
1.8882 0.6816 4.4103 0.0000 0.0000 1.7771 0.5085 0.5501 0.0000 0.0000
1.8876 0.6862 4.4132 0.0000 0.0000 1.7667 0.5099 0.5526 0.0000 0.0000
1.8980 0.6869 4.4016 0.0000 0.0000 1.7774 0.5152 0.5580 0.0000 0.0000
1.8938 0.6844 4.4089 0.0000 0.0000 1.7670 0.5120 0.5529 0.0000 0.0000
1.8874 0.6839 4.4159 0.0000 0.0000 1.7711 0.5120 0.5525 0.0000 0.0000
1.8873 0.6850 4.4136 0.0000 0.0000 1.7721 0.5122 0.5520 0.0000 0.0000
1.8866 0.6824 4.4190 0.0000 0.0000 1.7667 0.5145 0.5534 0.0000 0.0000
1.8946 0.6831 4.4073 0.0000 0.0000 1.7682 0.5138 0.5554 0.0000 0.0000
1.8940 0.6838 4.4140 0.0000 0.0000 1.7692 0.5157 0.5554 0.0000 0.0000
1.8906 0.6832 4.4157 0.0000 0.0000 1.7690 0.5138 0.5568 0.0000 0.0000
1.8900 0.6831 4.4195 0.0000 0.0000 1.7679 0.5085 0.5534 0.0000 0.0000
1.8930 0.6810 4.4155 0.0000 0.0000 1.7708 0.5152 0.5546 0.0000 0.0000
1.8933 0.6845 4.4195 0.0000 0.0000 1.7616 0.5149 0.5545 0.0000 0.0000
1.8907 0.6847 4.4199 0.0000 0.0000 1.7698 0.5119 0.5532 0.0000 0.0000
1.8927 0.6832 4.4139 0.0000 0.0000 1.7671 0.5096 0.5509 0.0000 0.0000
1.8880 0.6871 4.4215 0.0000 0.0000 1.7671 0.5077 0.5495 0.0000 0.0000
1.8864 0.6828 4.4270 0.0000 0.0000 1.7545 0.5156 0.5557 0.0000 0.0000
1.8910 0.6845 4.4210 0.0000 0.0000 1.7595 0.5096 0.5493 0.0000 0.0000
1.8867 0.6844 4.4251 0.0000 0.0000 1.7599 0.5136 0.5541 0.0000 0.0000
1.8914 0.6842 4.4249 0.0000 0.0000 1.7665 0.5149 0.5542 0.0000 0.0000
1.8909 0.6832 4.4221 0.0000 0.0000 1.7645 0.5066 0.5486 0.0000 0.0000
1.8911 0.6823 4.4262 0.0000 0.0000 1.7582 0.5156 0.5563 0.0000 0.0000
1.8951 0.6842 4.4238 0.0000 0.0000 1.7657 0.5128 0.5498 0.0000 0.0000
