3.2048 0.2144 5.1040 0.0002 0.0002 2.5298 0.4121 0.3710 0.0004 0.0005
2.4317 0.5121 5.1801 0.0012 0.0013 2.2042 0.4415 0.4283 0.0024 0.0026
2.1454 0.5962 5.1428 0.0038 0.0042 2.0578 0.4855 0.4816 0.0076 0.0083
1.9863 0.6687 5.0614 0.0125 0.0134 2.0101 0.4936 0.5049 0.0244 0.0262
1.9006 0.7055 4.9261 0.0157 0.0167 1.9871 0.4911 0.5122 0.0305 0.0323
1.8241 0.7215 4.8327 0.0190 0.0199 1.9988 0.4823 0.5154 0.0365 0.0383
1.7636 0.7287 4.7604 0.0182 0.0193 1.9328 0.4837 0.5203 0.0350 0.0372
1.7142 0.7470 4.7253 0.0230 0.0242 1.9223 0.4769 0.5187 0.0439 0.0462
1.6796 0.7516 4.6788 0.0252 0.0266 1.9289 0.4589 0.5051 0.0478 0.0506
1.6466 0.7613 4.6259 0.0309 0.0318 1.9126 0.4790 0.5167 0.0580 0.0599
1.6309 0.7585 4.6071 0.0309 0.0322 1.8506 0.5138 0.5410 0.0582 0.0608
1.6027 0.7654 4.5524 0.0381 0.0377 1.8769 0.5033 0.5326 0.0709 0.0705
1.5905 0.7659 4.5668 0.0379 0.0374 1.8822 0.4675 0.5111 0.0701 0.0698
1.5795 0.7699 4.5607 0.0367 0.0390 1.8537 0.4864 0.5243 0.0683 0.0726
1.5667 0.7683 4.5797 0.0331 0.0345 1.8365 0.4923 0.5325 0.0620 0.0648
1.5541 0.7722 4.5699 0.0329 0.0344 1.8258 0.4994 0.5369 0.0617 0.0646
1.5439 0.7741 4.6172 0.0270 0.0300 1.7998 0.4855 0.5198 0.0512 0.0567
1.5365 0.7706 4.6447 0.0224 0.0256 1.8026 0.4955 0.5243 0.0428 0.0489
1.5301 0.7702 4.6499 0.0194 0.0214 1.7842 0.5099 0.5419 0.0373 0.0412
1.5330 0.7763 4.6662 0.0206 0.0224 1.7809 0.4983 0.5268 0.0395 0.0430
1.5266 0.7696 4.6880 0.0163 0.0181 1.7688 0.5015 0.5386 0.0316 0.0351
1.5177 0.7726 4.7002 0.0167 0.0173 1.7793 0.4844 0.5206 0.0324 0.0335
1.5161 0.7709 4.7349 0.0133 0.0141 1.7671 0.4725 0.5060 0.0259 0.0275
1.5158 0.7696 4.7429 0.0103 0.0110 1.7594 0.4827 0.5221 0.0201 0.0216
1.5212 0.7657 4.7673 0.0095 0.0104 1.7652 0.4983 0.5384 0.0186 0.0205
1.5135 0.7712 4.8173 0.0081 0.0090 1.7353 0.4974 0.5487 0.0159 0.0177
1.5203 0.7720 4.8490 0.0061 0.0068 1.7273 0.4916 0.5389 0.0120 0.0133
1.5159 0.7701 4.8687 0.0054 0.0061 1.7662 0.4874 0.5250 0.0108 0.0120
1.5104 0.7726 4.9247 0.0026 0.0029 1.7138 0.4934 0.5320 0.0052 0.0058
1.5086 0.7731 4.9381 0.0014 0.0016 1.7029 0.4969 0.5357 0.0028 0.0031
1.5188 0.7711 4.9112 0.0006 0.0007 1.7368 0.4892 0.5184 0.0012 0.0013
1.5205 0.7713 4.9650 0.0004 0.0005 1.7138 0.5017 0.5366 0.0008 0.0009
1.5198 0.7689 4.9838 0.0000 0.0000 1.7088 0.4945 0.5374 0.0000 0.0000
1.5219 0.7672 4.9894 0.0000 0.0000 1.7033 0.5026 0.5511 0.0000 0.0000
1.5202 0.7694 4.9962 0.0000 0.0000 1.6996 0.4911 0.5339 0.0000 0.0000
1.5216 0.7705 5.0463 0.0000 0.0000 1.6927 0.5071 0.5442 0.0000 0.0000
1.5184 0.7714 5.0766 0.0000 0.0000 1.6936 0.4915 0.5318 0.0000 0.0000
1.5153 0.7693 5.0931 0.0000 0.0000 1.6884 0.4894 0.5299 0.0000 0.0000
1.5103 0.7718 5.1235 0.0000 0.0000 1.6846 0.4839 0.5331 0.0000 0.0000
1.5243 0.7662 5.1273 0.0000 0.0000 1.6749 0.5131 0.5393 0.0000 0.0000
1.5175 0.7673 5.1306 0.0000 0.0000 1.6976 0.4996 0.5334 0.0000 0.0000
1.5244 0.7645 5.1259 0.0000 0.0000 1.6786 0.4936 0.5231 0.0000 0.0000
1.5206 0.7691 5.1316 0.0000 0.0000 1.6982 0.4848 0.5123 0.0000 0.0000
1.5170 0.7660 5.1451 0.0000 0.0000 1.6722 0.5073 0.5445 0.0000 0.0000
1.5200 0.7649 5.1820 0.0000 0.0000 1.6600 0.5164 0.5409 0.0000 0.0000
1.5205 0.7713 5.1660 0.0000 0.0000 1.6863 0.5029 0.5288 0.0000 0.0000
1.5150 0.7671 5.1870 0.0000 0.0000 1.6386 0.5087 0.5492 0.0000 0.0000
1.5192 0.7681 5.2078 0.0000 0.0000 1.6600 0.5126 0.5449 0.0000 0.0000
1.5166 0.7709 5.1904 0.0000 0.0000 1.6479 0.5117 0.5411 0.0000 0.0000
1.5185 0.7678 5.1839 0.0000 0.0000 1.6737 0.4931 0.5349 0.0000 0.0000
1.5156 0.7669 5.2202 0.0000 0.0000 1.6409 0.5119 0.5409 0.0000 0.0000
1.5166 0.7688 5.1960 0.0000 0.0000 1.6587 0.5017 0.5263 0.0000 0.0000
1.5162 0.7658 5.2239 0.0000 0.0000 1.6543 0.5033 0.5414 0.0000 0.0000
1.5095 0.7714 5.2402 0.0000 0.0000 1.6625 0.4892 0.5291 0.0000 0.0000
1.5193 0.7650 5.2656 0.0000 0.0000 1.6655 0.4929 0.5285 0.0000 0.0000
1.5167 0.7651 5.2417 0.0000 0.0000 1.6701 0.4827 0.5278 0.0000 0.0000
1.5198 0.7669 5.2488 0.0000 0.0000 1.6586 0.5099 0.5394 0.0000 0.0000
1.5205 0.7689 5.2204 0.0000 0.0000 1.6629 0.5077 0.5307 0.0000 0.0000
1.5182 0.7682 5.2355 0.0000 0.0000 1.6262 0.5078 0.5378 0.0000 0.0000
1.5112 0.7694 5.2439 0.0000 0.0000 1.6251 0.5020 0.5431 0.0000 0.0000
1.5131 0.7721 5.2479 0.0000 0.0000 1.6302 0.5131 0.5451 0.0000 0.0000
1.5167 0.7685 5.2420 0.0000 0.0000 1.6386 0.5069 0.5418 0.0000 0.0000
1.5144 0.7687 5.2497 0.0000 0.0000 1.6313 0.5113 0.5448 0.0000 0.0000
1.5173 0.7716 5.2490 0.0000 0.0000 1.6307 0.5062 0.5336 0.0000 0.0000
1.5107 0.7723 5.2492 0.0000 0.0000 1.6308 0.5008 0.5315 0.0000 0.0000
1.5147 0.7672 5.2463 0.0000 0.0000 1.6313 0.4990 0.5321 0.0000 0.0000
1.5130 0.7731 5.2486 0.0000 0.0000 1.6349 0.5103 0.5397 0.0000 0.0000
1.5185 0.7705 5.2462 0.0000 0.0000 1.6343 0.5062 0.5366 0.0000 0.0000
1.5083 0.7749 5.2530 0.0000 0.0000 1.6311 0.5054 0.5364 0.0000 0.0000
1.5169 0.7671 5.2467 0.0000 0.0000 1.6365 0.5048 0.5349 0.0000 0.0000
1.5173 0.7734 5.2453 0.0000 0.0000 1.6363 0.5094 0.5365 0.0000 0.0000
1.5175 0.7685 5.2513 0.0000 0.0000 1.6438 0.5084 0.5350 0.0000 0.0000
1.5120 0.7722 5.2524 0.0000 0.0000 1.6413 0.5055 0.5367 0.0000 0.0000
1.5047 0.7749 5.2670 0.0000 0.0000 1.6427 0.5047 0.5372 0.0000 0.0000
1.5102 0.7757 5.2543 0.0000 0.0000 1.6380 0.5092 0.5398 0.0000 0.0000
1.5053 0.7754 5.2555 0.0000 0.0000 1.6349 0.5027 0.5348 0.0000 0.0000
1.5073 0.7739 5.2584 0.0000 0.0000 1.6400 0.4992 0.5333 0.0000 0.0000
1.5014 0.7735 5.2713 0.0000 0.0000 1.6349 0.4992 0.5326 0.0000 0.0000
1.5085 0.7739 5.2581 0.0000 0.0000 1.6409 0.5029 0.5348 0.0000 0.0000
1.5042 0.7748 5.2681 0.0000 0.0000 1.6361 0.5054 0.5356 0.0000 0.0000
1.5056 0.7711 5.2599 0.0000 0.0000 1.6348 0.5034 0.5359 0.0000 0.0000
1.5082 0.7698 5.2635 0.0000 0.0000 1.6357 0.5031 0.5361 0.0000 0.0000
1.5081 0.7741 5.2636 0.0000 0.0000 1.6315 0.5073 0.5376 0.0000 0.0000
1.5153 0.7705 5.2571 0.0000 0.0000 1.6325 0.5045 0.5360 0.0000 0.0000
1.5138 0.7712 5.2570 0.0000 0.0000 1.6333 0.5080 0.5332 0.0000 0.0000
1.5123 0.7736 5.2652 0.0000 0.0000 1.6287 0.5071 0.5348 0.0000 0.0000
1.5129 0.7716 5.2596 0.0000 0.0000 1.6392 0.4973 0.5302 0.0000 0.0000
1.5094 0.7702 5.2566 0.0000 0.0000 1.6369 0.5055 0.5357 0.0000 0.0000
1.5098 0.7735 5.2529 0.0000 0.0000 1.6357 0.5003 0.5318 0.0000 0.0000
1.5098 0.7736 5.2564 0.0000 0.0000 1.6330 0.5001 0.5317 0.0000 0.0000
1.5044 0.7761 5.2590 0.0000 0.0000 1.6443 0.5024 0.5345 0.0000 0.0000
1.5112 0.7731 5.2596 0.0000 0.0000 1.6355 0.5073 0.5350 0.0000 0.0000
1.5005 0.7700 5.2643 0.0000 0.0000 1.6401 0.5003 0.5337 0.0000 0.0000
1.5160 0.7714 5.2537 0.0000 0.0000 1.6383 0.5052 0.5362 0.0000 0.0000
1.5108 0.7726 5.2498 0.0000 0.0000 1.6342 0.5047 0.5374 0.0000 0.0000
1.5124 0.7736 5.2577 0.0000 0.0000 1.6405 0.5077 0.5342 0.0000 0.0000
1.5155 0.7687 5.2527 0.0000 0.0000 1.6323 0.5029 0.5341 0.0000 0.0000
1.5062 0.7720 5.2651 0.0000 0.0000 1.6376 0.4999 0.5314 0.0000 0.0000
1.5158 0.7665 5.2600 0.0000 0.0000 1.6302 0.5066 0.5378 0.0000 0.0000
1.5121 0.7721 5.2597 0.0000 0.0000 1.6420 0.5027 0.5361 0.0000 0.0000
