3.7519 0.1211 4.2195 0.0095 0.0104 3.0388 0.3200 0.2699 0.0184 0.0201
3.2749 0.2764 3.9869 0.0627 0.0671 2.7610 0.3807 0.3475 0.1077 0.1125
2.9880 0.3693 3.7008 0.1539 0.1525 2.6662 0.3944 0.3798 0.2214 0.2176
2.7734 0.4441 3.4474 0.2340 0.2241 2.5834 0.4114 0.4058 0.2983 0.2887
2.6039 0.5086 3.2051 0.3013 0.2800 2.5319 0.4355 0.4300 0.3562 0.3391
2.4631 0.5514 3.0116 0.3556 0.3221 2.4753 0.4602 0.4390 0.4012 0.3716
2.3766 0.5720 2.8579 0.3903 0.3472 2.4107 0.4763 0.4555 0.4290 0.3940
2.2777 0.5986 2.7363 0.4189 0.3725 2.4101 0.4684 0.4662 0.4423 0.4142
2.2171 0.6241 2.6634 0.4252 0.3750 2.3568 0.5096 0.4996 0.4636 0.4284
2.1611 0.6285 2.5817 0.4532 0.4046 2.3629 0.4899 0.4922 0.4708 0.4441
2.1212 0.6424 2.5261 0.4530 0.3997 2.3412 0.5015 0.5049 0.4760 0.4462
2.0955 0.6438 2.4918 0.4657 0.4128 2.2921 0.5198 0.5116 0.4913 0.4570
2.0473 0.6613 2.4333 0.4782 0.4245 2.3033 0.5342 0.5470 0.5047 0.4781
2.0382 0.6575 2.4262 0.4732 0.4156 2.2793 0.5240 0.5411 0.4973 0.4701
2.0218 0.6600 2.4119 0.4730 0.4159 2.2948 0.5052 0.5270 0.4886 0.4649
2.0069 0.6667 2.4101 0.4701 0.4165 2.2438 0.5353 0.5537 0.5006 0.4754
2.0039 0.6540 2.3966 0.4752 0.4205 2.2547 0.5235 0.5311 0.4982 0.4694
1.9883 0.6711 2.4177 0.4667 0.4116 2.2240 0.5263 0.5424 0.4947 0.4681
1.9886 0.6735 2.4213 0.4659 0.4094 2.2296 0.5136 0.5315 0.4886 0.4625
1.9867 0.6651 2.4299 0.4738 0.4195 2.2119 0.5402 0.5603 0.5048 0.4798
1.9957 0.6667 2.4405 0.4673 0.4103 2.2219 0.5200 0.5546 0.4922 0.4716
1.9943 0.6655 2.4437 0.4605 0.4041 2.2173 0.5298 0.5564 0.4927 0.4682
2.0007 0.6627 2.4597 0.4564 0.4002 2.2105 0.5152 0.5418 0.4840 0.4604
2.0063 0.6584 2.4805 0.4480 0.3909 2.2177 0.5089 0.5332 0.4765 0.4511
2.0032 0.6578 2.5013 0.4463 0.3936 2.2084 0.5119 0.5445 0.4769 0.4569
2.0119 0.6574 2.5241 0.4369 0.3854 2.1798 0.5321 0.5485 0.4798 0.4527
2.0024 0.6662 2.5464 0.4322 0.3813 2.1704 0.5332 0.5542 0.4774 0.4518
2.0137 0.6616 2.5577 0.4310 0.3777 2.1893 0.5189 0.5515 0.4709 0.4483
2.0175 0.6584 2.5863 0.4223 0.3671 2.1853 0.5198 0.5637 0.4660 0.4446
2.0313 0.6461 2.6228 0.4076 0.3573 2.1552 0.5284 0.5506 0.4602 0.4334
2.0341 0.6513 2.6219 0.4123 0.3585 2.1739 0.5244 0.5472 0.4616 0.4332
2.0343 0.6553 2.6462 0.3998 0.3473 2.1633 0.5184 0.5490 0.4514 0.4255
2.0421 0.6517 2.6651 0.3967 0.3442 2.1667 0.5113 0.5323 0.4468 0.4180
2.0536 0.6419 2.6834 0.3937 0.3404 2.1676 0.5233 0.5472 0.4493 0.4197
2.0584 0.6424 2.7020 0.3856 0.3326 2.1533 0.5157 0.5315 0.4413 0.4092
2.0596 0.6436 2.7216 0.3816 0.3304 2.1359 0.5196 0.5262 0.4400 0.4059
2.0716 0.6390 2.7216 0.3826 0.3299 2.1788 0.5059 0.5338 0.4357 0.4078
2.0772 0.6364 2.7526 0.3673 0.3177 2.1838 0.4987 0.5501 0.4230 0.4028
2.0834 0.6263 2.7609 0.3703 0.3211 2.1504 0.5050 0.5270 0.4273 0.3990
2.0896 0.6342 2.7906 0.3578 0.3079 2.1409 0.5073 0.5400 0.4196 0.3922
2.0956 0.6338 2.7952 0.3616 0.3129 2.1533 0.5043 0.5299 0.4212 0.3935
2.0972 0.6325 2.8089 0.3570 0.3092 2.1601 0.4950 0.5367 0.4148 0.3924
2.1082 0.6317 2.8329 0.3477 0.3003 2.1327 0.5152 0.5468 0.4152 0.3877
2.1066 0.6274 2.8366 0.3493 0.3009 2.1526 0.5003 0.5293 0.4114 0.3837
2.1210 0.6214 2.8485 0.3433 0.2950 2.1517 0.5085 0.5362 0.4099 0.3806
2.1161 0.6203 2.8706 0.3378 0.2919 2.1452 0.5069 0.5320 0.4055 0.3769
2.1248 0.6198 2.8800 0.3314 0.2860 2.1324 0.5145 0.5391 0.4031 0.3737
2.1224 0.6208 2.8875 0.3332 0.2865 2.1638 0.5020 0.5500 0.4005 0.3768
2.1302 0.6179 2.8930 0.3304 0.2845 2.1603 0.5041 0.5399 0.3992 0.3726
2.1357 0.6179 2.9212 0.3128 0.2688 2.1417 0.4987 0.5276 0.3845 0.3561
2.1432 0.6154 2.9323 0.3066 0.2662 2.1399 0.4901 0.5380 0.3772 0.3562
2.1405 0.6161 2.9211 0.3132 0.2705 2.1733 0.4974 0.5476 0.3844 0.3621
2.1470 0.6161 2.9344 0.3179 0.2738 2.1526 0.4931 0.5301 0.3865 0.3611
2.1486 0.6130 2.9454 0.3120 0.2687 2.1478 0.4948 0.5320 0.3827 0.3570
2.1492 0.6129 2.9612 0.3064 0.2634 2.1444 0.4957 0.5366 0.3787 0.3533
2.1515 0.6109 2.9658 0.2951 0.2565 2.1569 0.4906 0.5280 0.3685 0.3453
2.1520 0.6096 2.9858 0.2890 0.2509 2.1464 0.4909 0.5390 0.3638 0.3424
2.1514 0.6089 2.9772 0.2852 0.2486 2.1428 0.5054 0.5475 0.3646 0.3419
2.1569 0.6088 2.9899 0.2822 0.2453 2.1499 0.4881 0.5337 0.3576 0.3361
2.1565 0.6085 2.9911 0.2820 0.2464 2.1693 0.4816 0.5256 0.3557 0.3355
2.1606 0.6040 2.9886 0.2793 0.2426 2.1505 0.4890 0.5383 0.3556 0.3344
2.1638 0.6029 2.9860 0.2802 0.2437 2.1502 0.4908 0.5353 0.3567 0.3349
2.1622 0.6069 2.9860 0.2804 0.2442 2.1459 0.4931 0.5372 0.3575 0.3358
2.1599 0.6037 2.9920 0.2745 0.2392 2.1448 0.4913 0.5379 0.3522 0.3311
2.1581 0.6061 2.9913 0.2779 0.2428 2.1450 0.4950 0.5372 0.3560 0.3345
2.1627 0.6058 2.9932 0.2773 0.2418 2.1433 0.4943 0.5369 0.3553 0.3334
2.1607 0.6057 2.9954 0.2785 0.2429 2.1348 0.4948 0.5388 0.3564 0.3348
2.1601 0.6050 2.9926 0.2775 0.2419 2.1383 0.4971 0.5399 0.3562 0.3341
2.1624 0.6072 2.9978 0.2767 0.2415 2.1335 0.4938 0.5367 0.3547 0.3331
2.1655 0.6082 2.9968 0.2739 0.2384 2.1460 0.4931 0.5376 0.3522 0.3303
2.1623 0.6014 2.9982 0.2767 0.2413 2.1419 0.4938 0.5368 0.3547 0.3330
2.1641 0.6038 2.9970 0.2745 0.2391 2.1423 0.4960 0.5363 0.3534 0.3308
2.1589 0.6048 2.9989 0.2759 0.2402 2.1390 0.4920 0.5350 0.3536 0.3315
2.1649 0.5989 2.9988 0.2749 0.2393 2.1369 0.4922 0.5332 0.3528 0.3303
2.1603 0.6051 2.9998 0.2723 0.2368 2.1505 0.4897 0.5365 0.3500 0.3286
2.1606 0.6076 3.0033 0.2717 0.2367 2.1356 0.4932 0.5387 0.3504 0.3289
2.1629 0.6048 3.0009 0.2713 0.2362 2.1427 0.4927 0.5364 0.3499 0.3280
2.1550 0.6093 3.0021 0.2721 0.2370 2.1404 0.4897 0.5342 0.3498 0.3283
2.1665 0.6006 3.0007 0.2725 0.2370 2.1374 0.4959 0.5395 0.3517 0.3293
2.1675 0.6062 2.9995 0.2735 0.2385 2.1447 0.4936 0.5343 0.3520 0.3298
2.1635 0.6040 3.0027 0.2709 0.2361 2.1410 0.4962 0.5355 0.3504 0.3277
2.1660 0.6033 3.0020 0.2711 0.2362 2.1406 0.4932 0.5344 0.3499 0.3276
2.1610 0.6024 3.0022 0.2715 0.2361 2.1437 0.4950 0.5384 0.3506 0.3283
2.1593 0.6071 3.0031 0.2703 0.2346 2.1404 0.4976 0.5395 0.3503 0.3270
2.1641 0.6015 3.0045 0.2695 0.2344 2.1462 0.4862 0.5316 0.3467 0.3253
2.1655 0.5982 3.0092 0.2676 0.2332 2.1273 0.4925 0.5338 0.3468 0.3246
2.1659 0.6017 3.0070 0.2697 0.2347 2.1368 0.4885 0.5296 0.3475 0.3252
2.1669 0.5969 3.0055 0.2699 0.2343 2.1327 0.4932 0.5343 0.3489 0.3258
2.1617 0.5983 3.0063 0.2705 0.2349 2.1317 0.4936 0.5331 0.3495 0.3261
2.1644 0.6033 3.0068 0.2719 0.2356 2.1354 0.4925 0.5362 0.3504 0.3274
2.1680 0.6036 3.0079 0.2693 0.2336 2.1313 0.4899 0.5325 0.3475 0.3247
2.1677 0.5992 3.0027 0.2723 0.2367 2.1412 0.4985 0.5399 0.3522 0.3291
2.1658 0.6062 3.0048 0.2689 0.2337 2.1399 0.4890 0.5288 0.3470 0.3241
2.1671 0.6019 3.0063 0.2697 0.2335 2.1412 0.4890 0.5314 0.3476 0.3245
2.1665 0.6021 3.0120 0.2654 0.2291 2.1349 0.4865 0.5328 0.3435 0.3204
2.1666 0.5974 3.0061 0.2691 0.2329 2.1452 0.4813 0.5268 0.3452 0.3230
2.1683 0.5993 3.0072 0.2713 0.2351 2.1346 0.4932 0.5317 0.3500 0.3260
2.1683 0.6044 3.0097 0.2656 0.2300 2.1410 0.4890 0.5308 0.3443 0.3209
2.1687 0.5978 3.0118 0.2646 0.2287 2.1428 0.4871 0.5319 0.3429 0.3199
2.1694 0.5999 3.0102 0.2670 0.2321 2.1333 0.4894 0.5260 0.3455 0.3220
