3.7592 0.1384 3.2863 0.3538 0.3541 4.1164 0.0158 0.0160 0.0303 0.0307
3.0282 0.4474 2.5453 0.6152 0.6193 4.3603 0.0051 0.0048 0.0101 0.0095
2.4793 0.6273 2.0753 0.7608 0.7600 4.3371 0.0028 0.0027 0.0056 0.0053
2.1392 0.7238 1.8097 0.8282 0.8196 4.2973 0.0026 0.0024 0.0053 0.0049
1.9629 0.7568 1.6695 0.8596 0.8523 4.2627 0.0025 0.0021 0.0049 0.0041
1.8535 0.7790 1.5816 0.8760 0.8755 4.2400 0.0019 0.0015 0.0039 0.0029
1.7859 0.7895 1.5017 0.8895 0.8822 4.2553 0.0007 0.0005 0.0014 0.0010
1.7232 0.7990 1.4644 0.8971 0.8927 4.2278 0.0004 0.0004 0.0007 0.0008
1.6847 0.8063 1.4359 0.9010 0.9007 4.1830 0.0014 0.0011 0.0028 0.0022
1.6648 0.8052 1.4099 0.9078 0.9052 4.1699 0.0002 0.0002 0.0004 0.0003
1.6305 0.8121 1.3948 0.9098 0.9071 4.1704 0.0000 0.0000 0.0000 0.0000
1.6269 0.8161 1.3836 0.9135 0.9104 4.1322 0.0000 0.0000 0.0000 0.0000
1.6181 0.8138 1.3788 0.9145 0.9119 4.1334 0.0002 0.0001 0.0004 0.0002
1.6101 0.8165 1.3775 0.9137 0.9123 4.0769 0.0000 0.0000 0.0000 0.0000
1.6073 0.8146 1.3772 0.9149 0.9128 4.0831 0.0002 0.0001 0.0004 0.0002
1.6079 0.8152 1.3743 0.9161 0.9131 4.0797 0.0002 0.0001 0.0004 0.0002
1.6128 0.8158 1.3777 0.9167 0.9128 4.0661 0.0002 0.0001 0.0004 0.0002
1.6120 0.8186 1.3851 0.9133 0.9074 4.0485 0.0002 0.0002 0.0004 0.0003
1.6193 0.8201 1.3912 0.9173 0.9140 4.0445 0.0004 0.0003 0.0007 0.0006
1.6341 0.8172 1.4028 0.9167 0.9149 4.0448 0.0002 0.0002 0.0004 0.0003
1.6323 0.8177 1.4111 0.9139 0.9106 4.0463 0.0000 0.0000 0.0000 0.0000
1.6391 0.8179 1.4140 0.9143 0.9111 4.0441 0.0002 0.0002 0.0004 0.0003
1.6510 0.8142 1.4264 0.9121 0.9094 4.0433 0.0000 0.0000 0.0000 0.0000
1.6595 0.8167 1.4385 0.9149 0.9119 4.0238 0.0000 0.0000 0.0000 0.0000
1.6683 0.8149 1.4405 0.9145 0.9098 4.0689 0.0000 0.0000 0.0000 0.0000
1.6784 0.8134 1.4509 0.9123 0.9068 4.0446 0.0000 0.0000 0.0000 0.0000
1.6843 0.8142 1.4654 0.9123 0.9061 4.0211 0.0000 0.0000 0.0000 0.0000
1.6945 0.8132 1.4697 0.9113 0.9065 4.0286 0.0002 0.0002 0.0004 0.0003
1.6896 0.8123 1.4803 0.9096 0.9057 4.0226 0.0002 0.0002 0.0004 0.0003
1.7165 0.8099 1.4854 0.9123 0.9066 4.0382 0.0000 0.0000 0.0000 0.0000
1.7204 0.8064 1.4950 0.9082 0.9024 4.0557 0.0000 0.0000 0.0000 0.0000
1.7275 0.8097 1.4976 0.9109 0.9059 4.0540 0.0000 0.0000 0.0000 0.0000
1.7249 0.8078 1.5099 0.9104 0.9049 4.0282 0.0000 0.0000 0.0000 0.0000
1.7417 0.8045 1.5174 0.9080 0.9031 4.0421 0.0000 0.0000 0.0000 0.0000
1.7434 0.8064 1.5270 0.9054 0.9023 4.0311 0.0000 0.0000 0.0000 0.0000
1.7487 0.8062 1.5312 0.9052 0.8993 4.0381 0.0000 0.0000 0.0000 0.0000
1.7520 0.8054 1.5374 0.9020 0.8953 4.0291 0.0000 0.0000 0.0000 0.0000
1.7483 0.8080 1.5423 0.9046 0.8992 4.0150 0.0000 0.0000 0.0000 0.0000
1.7680 0.8044 1.5522 0.8985 0.8948 4.0236 0.0000 0.0000 0.0000 0.0000
1.7761 0.7992 1.5552 0.9000 0.8917 4.0298 0.0000 0.0000 0.0000 0.0000
1.7735 0.8022 1.5598 0.9002 0.8948 4.0099 0.0000 0.0000 0.0000 0.0000
1.7822 0.8012 1.5704 0.8965 0.8947 4.0259 0.0000 0.0000 0.0000 0.0000
1.7851 0.7979 1.5726 0.8963 0.8918 4.0203 0.0000 0.0000 0.0000 0.0000
1.7904 0.7993 1.5738 0.8971 0.8909 4.0153 0.0000 0.0000 0.0000 0.0000
1.7864 0.8023 1.5768 0.8977 0.8871 4.0164 0.0000 0.0000 0.0000 0.0000
1.7971 0.7957 1.5805 0.8967 0.8869 4.0145 0.0000 0.0000 0.0000 0.0000
1.8038 0.7916 1.5854 0.8947 0.8833 4.0211 0.0000 0.0000 0.0000 0.0000
1.8049 0.7923 1.5885 0.8955 0.8878 4.0040 0.0000 0.0000 0.0000 0.0000
1.8031 0.7926 1.5903 0.8925 0.8841 4.0072 0.0000 0.0000 0.0000 0.0000
1.8018 0.7900 1.5961 0.8895 0.8809 4.0010 0.0000 0.0000 0.0000 0.0000
1.8141 0.7898 1.5946 0.8919 0.8823 4.0067 0.0000 0.0000 0.0000 0.0000
1.8110 0.7920 1.6023 0.8895 0.8828 4.0079 0.0000 0.0000 0.0000 0.0000
1.8207 0.7866 1.6019 0.8919 0.8800 4.0118 0.0000 0.0000 0.0000 0.0000
1.8229 0.7892 1.6077 0.8919 0.8826 3.9907 0.0000 0.0000 0.0000 0.0000
1.8170 0.7894 1.6060 0.8929 0.8830 4.0000 0.0000 0.0000 0.0000 0.0000
1.8202 0.7900 1.6096 0.8887 0.8795 3.9853 0.0000 0.0000 0.0000 0.0000
1.8233 0.7909 1.6112 0.8903 0.8800 3.9707 0.0000 0.0000 0.0000 0.0000
1.8175 0.7885 1.6159 0.8836 0.8715 3.9785 0.0000 0.0000 0.0000 0.0000
1.8205 0.7865 1.6148 0.8804 0.8729 3.9965 0.0000 0.0000 0.0000 0.0000
1.8237 0.7882 1.6167 0.8846 0.8754 3.9883 0.0000 0.0000 0.0000 0.0000
1.8234 0.7876 1.6174 0.8846 0.8762 3.9835 0.0000 0.0000 0.0000 0.0000
1.8337 0.7849 1.6167 0.8860 0.8767 3.9816 0.0000 0.0000 0.0000 0.0000
1.8328 0.7827 1.6177 0.8852 0.8773 3.9820 0.0000 0.0000 0.0000 0.0000
1.8282 0.7861 1.6161 0.8871 0.8780 3.9800 0.0000 0.0000 0.0000 0.0000
1.8233 0.7894 1.6171 0.8860 0.8767 3.9840 0.0000 0.0000 0.0000 0.0000
1.8249 0.7894 1.6176 0.8856 0.8764 3.9793 0.0000 0.0000 0.0000 0.0000
1.8243 0.7832 1.6176 0.8846 0.8756 3.9804 0.0000 0.0000 0.0000 0.0000
1.8284 0.7815 1.6180 0.8850 0.8759 3.9821 0.0000 0.0000 0.0000 0.0000
1.8239 0.7849 1.6163 0.8858 0.8757 3.9812 0.0000 0.0000 0.0000 0.0000
1.8294 0.7847 1.6187 0.8852 0.8755 3.9768 0.0000 0.0000 0.0000 0.0000
1.8271 0.7846 1.6174 0.8856 0.8752 3.9787 0.0000 0.0000 0.0000 0.0000
1.8281 0.7823 1.6182 0.8856 0.8753 3.9848 0.0000 0.0000 0.0000 0.0000
1.8296 0.7843 1.6187 0.8838 0.8734 3.9821 0.0000 0.0000 0.0000 0.0000
1.8298 0.7832 1.6191 0.8848 0.8745 3.9812 0.0000 0.0000 0.0000 0.0000
1.8336 0.7823 1.6189 0.8832 0.8741 3.9786 0.0000 0.0000 0.0000 0.0000
1.8329 0.7821 1.6187 0.8840 0.8739 3.9776 0.0000 0.0000 0.0000 0.0000
1.8327 0.7823 1.6189 0.8846 0.8744 3.9759 0.0000 0.0000 0.0000 0.0000
1.8257 0.7865 1.6188 0.8834 0.8742 3.9809 0.0000 0.0000 0.0000 0.0000
1.8274 0.7852 1.6197 0.8830 0.8723 3.9816 0.0000 0.0000 0.0000 0.0000
1.8272 0.7817 1.6197 0.8822 0.8706 3.9800 0.0000 0.0000 0.0000 0.0000
1.8277 0.7834 1.6189 0.8840 0.8734 3.9718 0.0000 0.0000 0.0000 0.0000
1.8316 0.7821 1.6179 0.8838 0.8734 3.9677 0.0000 0.0000 0.0000 0.0000
1.8242 0.7874 1.6192 0.8832 0.8713 3.9682 0.0000 0.0000 0.0000 0.0000
1.8242 0.7854 1.6184 0.8830 0.8704 3.9638 0.0000 0.0000 0.0000 0.0000
1.8308 0.7873 1.6189 0.8830 0.8709 3.9643 0.0000 0.0000 0.0000 0.0000
1.8279 0.7869 1.6189 0.8830 0.8705 3.9667 0.0000 0.0000 0.0000 0.0000
1.8385 0.7783 1.6191 0.8832 0.8709 3.9626 0.0000 0.0000 0.0000 0.0000
1.8356 0.7822 1.6189 0.8834 0.8704 3.9665 0.0000 0.0000 0.0000 0.0000
1.8383 0.7810 1.6194 0.8846 0.8725 3.9641 0.0000 0.0000 0.0000 0.0000
1.8252 0.7849 1.6184 0.8818 0.8696 3.9668 0.0000 0.0000 0.0000 0.0000
1.8302 0.7815 1.6214 0.8822 0.8706 3.9625 0.0000 0.0000 0.0000 0.0000
1.8232 0.7893 1.6209 0.8822 0.8701 3.9634 0.0000 0.0000 0.0000 0.0000
1.8275 0.7832 1.6214 0.8806 0.8687 3.9650 0.0000 0.0000 0.0000 0.0000
1.8256 0.7865 1.6199 0.8820 0.8692 3.9640 0.0000 0.0000 0.0000 0.0000
1.8277 0.7831 1.6206 0.8814 0.8694 3.9646 0.0000 0.0000 0.0000 0.0000
1.8247 0.7861 1.6207 0.8814 0.8687 3.9594 0.0000 0.0000 0.0000 0.0000
1.8358 0.7814 1.6216 0.8802 0.8691 3.9617 0.0000 0.0000 0.0000 0.0000
1.8268 0.7856 1.6214 0.8812 0.8696 3.9655 0.0000 0.0000 0.0000 0.0000
1.8257 0.7824 1.6214 0.8826 0.8703 3.9572 0.0000 0.0000 0.0000 0.0000
1.8314 0.7824 1.6207 0.8788 0.8667 3.9652 0.0000 0.0000 0.0000 0.0000
