3.7920 0.1040 3.8531 0.0311 0.0308 3.1934 0.3113 0.2331 0.0566 0.0544
3.3006 0.2596 3.4688 0.1535 0.1465 2.9753 0.3851 0.3481 0.2195 0.2062
2.9494 0.3595 3.0521 0.2912 0.2767 2.8412 0.3900 0.3963 0.3334 0.3259
2.6367 0.4447 2.6883 0.4092 0.3909 2.7635 0.3780 0.4185 0.3930 0.4042
2.4109 0.5069 2.4317 0.4976 0.4795 2.7197 0.3628 0.3865 0.4197 0.4280
2.2522 0.5596 2.2344 0.5610 0.5391 2.7222 0.3440 0.3652 0.4265 0.4354
2.1462 0.5945 2.1279 0.5893 0.5659 2.6451 0.3533 0.3654 0.4418 0.4441
2.0556 0.6269 2.0431 0.6108 0.5892 2.6306 0.3353 0.3733 0.4329 0.4571
1.9992 0.6525 1.9672 0.6360 0.6129 2.6080 0.3466 0.3577 0.4487 0.4517
1.9550 0.6665 1.9332 0.6409 0.6230 2.5521 0.3675 0.3743 0.4671 0.4677
1.9193 0.6787 1.9006 0.6554 0.6369 2.5734 0.3681 0.3823 0.4714 0.4778
1.9008 0.6914 1.8742 0.6661 0.6429 2.5393 0.3691 0.3722 0.4750 0.4714
1.8752 0.7009 1.8654 0.6707 0.6520 2.5306 0.3738 0.3959 0.4801 0.4926
1.8593 0.7025 1.8542 0.6749 0.6588 2.5176 0.3643 0.3847 0.4732 0.4857
1.8549 0.7075 1.8689 0.6545 0.6382 2.4718 0.3948 0.4065 0.4925 0.4967
1.8528 0.7119 1.8429 0.6748 0.6540 2.5060 0.3602 0.3737 0.4697 0.4756
1.8449 0.7264 1.8724 0.6598 0.6441 2.4443 0.3863 0.3901 0.4873 0.4859
1.8483 0.7157 1.8731 0.6505 0.6284 2.4317 0.3835 0.3760 0.4826 0.4705
1.8431 0.7107 1.8771 0.6666 0.6463 2.4363 0.3934 0.3872 0.4948 0.4842
1.8476 0.7229 1.9011 0.6403 0.6247 2.4309 0.3937 0.3960 0.4875 0.4847
1.8459 0.7183 1.9060 0.6499 0.6287 2.4153 0.4096 0.4038 0.5025 0.4917
1.8496 0.7194 1.9224 0.6333 0.6072 2.4056 0.4097 0.4155 0.4975 0.4934
1.8565 0.7229 1.9374 0.6312 0.6075 2.3746 0.4258 0.4322 0.5085 0.5051
1.8639 0.7198 1.9454 0.6227 0.5968 2.3786 0.4169 0.4202 0.4995 0.4931
1.8642 0.7239 1.9459 0.6316 0.6077 2.4073 0.4025 0.4095 0.4917 0.4893
1.8675 0.7149 1.9804 0.6044 0.5850 2.3592 0.4282 0.4240 0.5012 0.4917
1.8808 0.7074 1.9918 0.6098 0.5878 2.3809 0.4351 0.4444 0.5079 0.5061
1.8880 0.7021 2.0053 0.6093 0.5874 2.3520 0.4364 0.4414 0.5085 0.5040
1.8912 0.7060 2.0040 0.6125 0.5873 2.4037 0.4162 0.4380 0.4956 0.5018
1.8921 0.7086 2.0366 0.5933 0.5690 2.3521 0.4404 0.4377 0.5056 0.4948
1.9044 0.7037 2.0497 0.5845 0.5626 2.3561 0.4366 0.4461 0.4999 0.4976
1.9087 0.7055 2.0729 0.5751 0.5513 2.3298 0.4441 0.4446 0.5012 0.4922
1.9238 0.6909 2.0824 0.5621 0.5394 2.3333 0.4529 0.4703 0.5016 0.5025
1.9336 0.6853 2.0923 0.5653 0.5397 2.3559 0.4428 0.4523 0.4966 0.4922
1.9351 0.6879 2.1086 0.5632 0.5394 2.3409 0.4424 0.4534 0.4956 0.4927
1.9454 0.6902 2.1177 0.5587 0.5335 2.3545 0.4412 0.4569 0.4930 0.4923
1.9464 0.6872 2.1351 0.5547 0.5288 2.3609 0.4307 0.4478 0.4849 0.4850
1.9499 0.6852 2.1481 0.5564 0.5317 2.3443 0.4419 0.4558 0.4926 0.4908
1.9555 0.6859 2.1568 0.5554 0.5267 2.3392 0.4351 0.4635 0.4880 0.4931
1.9682 0.6793 2.1617 0.5498 0.5236 2.3427 0.4494 0.4643 0.4946 0.4922
1.9625 0.6812 2.1745 0.5474 0.5223 2.3437 0.4381 0.4619 0.4867 0.4902
1.9615 0.6847 2.1927 0.5320 0.5062 2.3228 0.4513 0.4767 0.4883 0.4910
1.9807 0.6711 2.1892 0.5445 0.5185 2.3333 0.4378 0.4575 0.4853 0.4861
1.9819 0.6764 2.2169 0.5282 0.5031 2.3277 0.4474 0.4731 0.4844 0.4876
1.9842 0.6689 2.2229 0.5247 0.5001 2.3343 0.4389 0.4767 0.4780 0.4881
1.9889 0.6673 2.2456 0.5054 0.4827 2.3058 0.4388 0.4791 0.4698 0.4809
1.9891 0.6681 2.2418 0.5216 0.4955 2.3070 0.4503 0.4803 0.4833 0.4878
1.9955 0.6641 2.2472 0.5179 0.4932 2.3222 0.4552 0.4957 0.4845 0.4944
1.9915 0.6730 2.2535 0.5231 0.4979 2.3135 0.4460 0.4786 0.4815 0.4881
1.9992 0.6675 2.2578 0.5128 0.4897 2.3393 0.4513 0.4859 0.4801 0.4878
1.9994 0.6674 2.2725 0.5020 0.4799 2.3338 0.4327 0.4756 0.4648 0.4778
2.0044 0.6627 2.2669 0.5104 0.4848 2.3258 0.4434 0.4792 0.4746 0.4820
2.0105 0.6605 2.2780 0.4973 0.4723 2.3244 0.4447 0.4811 0.4695 0.4766
2.0177 0.6550 2.2888 0.4939 0.4713 2.3011 0.4448 0.4785 0.4681 0.4749
2.0144 0.6573 2.2903 0.5010 0.4762 2.3204 0.4474 0.4808 0.4727 0.4785
2.0135 0.6593 2.2946 0.5020 0.4748 2.3185 0.4347 0.4767 0.4660 0.4758
2.0169 0.6598 2.2988 0.4961 0.4720 2.3252 0.4448 0.4849 0.4691 0.4784
2.0136 0.6580 2.2977 0.4940 0.4672 2.3330 0.4316 0.4686 0.4607 0.4679
2.0222 0.6505 2.3040 0.4923 0.4692 2.3061 0.4452 0.4841 0.4676 0.4765
2.0245 0.6503 2.3111 0.4923 0.4713 2.3137 0.4527 0.4871 0.4717 0.4791
2.0267 0.6535 2.3187 0.4862 0.4636 2.3175 0.4501 0.4907 0.4675 0.4768
2.0294 0.6489 2.3236 0.4828 0.4599 2.2974 0.4527 0.4858 0.4673 0.4725
2.0250 0.6523 2.3225 0.4774 0.4558 2.3139 0.4322 0.4665 0.4537 0.4611
2.0351 0.6468 2.3285 0.4770 0.4550 2.3111 0.4518 0.4823 0.4641 0.4683
2.0300 0.6545 2.3376 0.4747 0.4523 2.3084 0.4462 0.4829 0.4600 0.4671
2.0299 0.6517 2.3285 0.4777 0.4534 2.3138 0.4413 0.4731 0.4588 0.4630
2.0308 0.6528 2.3388 0.4738 0.4512 2.3088 0.4376 0.4758 0.4550 0.4632
2.0327 0.6471 2.3445 0.4682 0.4481 2.3197 0.4448 0.4785 0.4562 0.4628
2.0320 0.6483 2.3394 0.4759 0.4546 2.3246 0.4426 0.4846 0.4586 0.4692
2.0350 0.6491 2.3436 0.4721 0.4481 2.3231 0.4318 0.4714 0.4511 0.4595
2.0292 0.6439 2.3509 0.4699 0.4497 2.3044 0.4461 0.4800 0.4577 0.4644
2.0313 0.6468 2.3462 0.4687 0.4475 2.3098 0.4388 0.4764 0.4533 0.4615
2.0280 0.6504 2.3486 0.4668 0.4447 2.3069 0.4462 0.4831 0.4563 0.4631
2.0375 0.6459 2.3486 0.4653 0.4471 2.3007 0.4434 0.4749 0.4541 0.4606
2.0373 0.6406 2.3539 0.4658 0.4481 2.3299 0.4338 0.4896 0.4493 0.4679
2.0427 0.6369 2.3574 0.4623 0.4445 2.3136 0.4301 0.4714 0.4456 0.4575
2.0360 0.6441 2.3595 0.4612 0.4423 2.3045 0.4338 0.4809 0.4471 0.4608
2.0344 0.6432 2.3612 0.4575 0.4381 2.2971 0.4340 0.4718 0.4454 0.4543
2.0340 0.6393 2.3587 0.4645 0.4439 2.3109 0.4317 0.4719 0.4475 0.4575
2.0302 0.6438 2.3593 0.4585 0.4432 2.3182 0.4289 0.4737 0.4432 0.4579
2.0343 0.6446 2.3532 0.4745 0.4556 2.3117 0.4343 0.4706 0.4535 0.4630
2.0351 0.6440 2.3671 0.4714 0.4528 2.2960 0.4259 0.4699 0.4475 0.4612
2.0416 0.6389 2.3646 0.4645 0.4442 2.3101 0.4312 0.4775 0.4472 0.4603
2.0343 0.6410 2.3566 0.4699 0.4489 2.3294 0.4218 0.4674 0.4446 0.4580
2.0305 0.6452 2.3549 0.4691 0.4484 2.3192 0.4302 0.4679 0.4488 0.4579
2.0287 0.6438 2.3615 0.4633 0.4441 2.3355 0.4197 0.4620 0.4404 0.4529
2.0344 0.6432 2.3566 0.4619 0.4443 2.3442 0.4277 0.4648 0.4441 0.4543
2.0327 0.6408 2.3596 0.4577 0.4401 2.3256 0.4236 0.4672 0.4400 0.4532
2.0258 0.6431 2.3719 0.4527 0.4361 2.3059 0.4316 0.4757 0.4419 0.4550
2.0376 0.6368 2.3662 0.4517 0.4337 2.3197 0.4244 0.4660 0.4376 0.4492
2.0320 0.6380 2.3631 0.4568 0.4400 2.3245 0.4280 0.4827 0.4420 0.4603
2.0295 0.6423 2.3678 0.4577 0.4414 2.3197 0.4247 0.4728 0.4406 0.4566
2.0280 0.6369 2.3717 0.4578 0.4396 2.2988 0.4292 0.4816 0.4430 0.4596
2.0247 0.6450 2.3612 0.4655 0.4493 2.3165 0.4231 0.4609 0.4433 0.4550
2.0334 0.6402 2.3619 0.4558 0.4397 2.3179 0.4340 0.4843 0.4446 0.4609
2.0265 0.6447 2.3568 0.4631 0.4449 2.3300 0.4297 0.4858 0.4458 0.4645
2.0340 0.6388 2.3667 0.4548 0.4404 2.3139 0.4285 0.4724 0.4413 0.4558
2.0314 0.6412 2.3586 0.4566 0.4436 2.3092 0.4294 0.4692 0.4426 0.4560
2.0274 0.6472 2.3622 0.4607 0.4450 2.3219 0.4217 0.4672 0.4404 0.4558
2.0229 0.6390 2.3610 0.4551 0.4416 2.3181 0.4204 0.4612 0.4371 0.4512
