3.7216 0.1120 3.8321 0.0615 0.0491 3.1478 0.2711 0.2744 0.1003 0.0833
3.2253 0.2873 3.4177 0.1926 0.1689 2.8958 0.3290 0.3383 0.2430 0.2253
2.8848 0.4138 3.0142 0.3303 0.2998 2.7470 0.3846 0.3777 0.3554 0.3343
2.6092 0.5013 2.6754 0.4327 0.3952 2.6386 0.4217 0.4330 0.4271 0.4132
2.3998 0.5617 2.4240 0.5041 0.4702 2.5672 0.4362 0.4503 0.4677 0.4600
2.2405 0.6159 2.2374 0.5530 0.5227 2.5571 0.4308 0.4643 0.4843 0.4918
2.1347 0.6573 2.1007 0.5945 0.5659 2.5065 0.4384 0.4542 0.5047 0.5039
2.0405 0.6800 2.0199 0.6263 0.6034 2.4914 0.4246 0.4597 0.5061 0.5218
1.9906 0.7028 1.9634 0.6438 0.6221 2.4447 0.4274 0.4562 0.5137 0.5264
1.9415 0.7203 1.9126 0.6593 0.6423 2.4345 0.4237 0.4347 0.5159 0.5185
1.9095 0.7249 1.9176 0.6333 0.6166 2.3831 0.4397 0.4674 0.5190 0.5317
1.8836 0.7321 1.8787 0.6681 0.6456 2.4347 0.4146 0.4511 0.5117 0.5311
1.8712 0.7367 1.8802 0.6525 0.6377 2.3946 0.4154 0.4416 0.5076 0.5218
1.8624 0.7309 1.8538 0.6700 0.6534 2.4138 0.4140 0.4366 0.5118 0.5235
1.8495 0.7392 1.8679 0.6547 0.6430 2.3946 0.4121 0.4309 0.5058 0.5160
1.8464 0.7355 1.8856 0.6516 0.6375 2.3614 0.4287 0.4521 0.5171 0.5290
1.8443 0.7416 1.8875 0.6581 0.6497 2.3749 0.3958 0.4282 0.4943 0.5162
1.8400 0.7402 1.8984 0.6460 0.6343 2.3755 0.4081 0.4521 0.5002 0.5279
1.8456 0.7401 1.9073 0.6374 0.6277 2.3732 0.4052 0.4407 0.4954 0.5178
1.8464 0.7361 1.9155 0.6409 0.6269 2.3562 0.4105 0.4394 0.5004 0.5167
1.8517 0.7295 1.9333 0.6362 0.6209 2.3469 0.4217 0.4371 0.5072 0.5130
1.8517 0.7349 1.9597 0.6216 0.6099 2.3507 0.4068 0.4398 0.4918 0.5110
1.8561 0.7225 1.9570 0.6289 0.6152 2.3404 0.4258 0.4400 0.5078 0.5130
1.8669 0.7202 1.9602 0.6323 0.6209 2.3613 0.4040 0.4170 0.4930 0.4989
1.8647 0.7248 1.9850 0.6100 0.5945 2.3297 0.4184 0.4632 0.4964 0.5207
1.8813 0.7200 1.9851 0.6244 0.6076 2.3855 0.3992 0.4524 0.4871 0.5186
1.8861 0.7216 2.0245 0.5964 0.5817 2.3362 0.4143 0.4383 0.4889 0.4999
1.8929 0.7053 2.0325 0.5933 0.5774 2.3377 0.4179 0.4487 0.4904 0.5050
1.8992 0.7130 2.0322 0.6003 0.5844 2.3684 0.4098 0.4369 0.4871 0.5000
1.9075 0.7112 2.0606 0.5898 0.5724 2.3610 0.4093 0.4366 0.4833 0.4954
1.9091 0.7064 2.0775 0.5826 0.5661 2.3721 0.3980 0.4492 0.4729 0.5009
1.9107 0.7038 2.0915 0.5743 0.5594 2.3456 0.3993 0.4300 0.4711 0.4862
1.9169 0.7014 2.1127 0.5677 0.5526 2.3185 0.4102 0.4289 0.4763 0.4830
1.9292 0.6964 2.1232 0.5610 0.5436 2.3550 0.4020 0.4481 0.4684 0.4912
1.9308 0.6990 2.1344 0.5631 0.5465 2.3307 0.4165 0.4510 0.4788 0.4942
1.9405 0.6944 2.1429 0.5580 0.5395 2.3446 0.3995 0.4487 0.4656 0.4900
1.9445 0.6894 2.1443 0.5677 0.5495 2.3552 0.3978 0.4382 0.4678 0.4876
1.9504 0.6899 2.1647 0.5486 0.5286 2.3542 0.4120 0.4642 0.4706 0.4943
1.9556 0.6842 2.1888 0.5347 0.5188 2.3256 0.4041 0.4625 0.4603 0.4890
1.9577 0.6858 2.1852 0.5403 0.5238 2.3367 0.4095 0.4494 0.4659 0.4837
1.9571 0.6921 2.1916 0.5360 0.5214 2.3222 0.4101 0.4456 0.4647 0.4805
1.9636 0.6796 2.1901 0.5428 0.5263 2.3454 0.4089 0.4434 0.4665 0.4813
1.9739 0.6726 2.2111 0.5345 0.5193 2.3428 0.4060 0.4479 0.4615 0.4810
1.9745 0.6793 2.2289 0.5269 0.5111 2.3373 0.3939 0.4447 0.4508 0.4756
1.9753 0.6773 2.2345 0.5148 0.5016 2.3283 0.3961 0.4495 0.4477 0.4741
1.9776 0.6728 2.2319 0.5243 0.5081 2.3353 0.4045 0.4556 0.4567 0.4804
1.9804 0.6715 2.2465 0.5112 0.4965 2.3445 0.3902 0.4439 0.4426 0.4687
1.9928 0.6656 2.2594 0.5085 0.4905 2.3331 0.3873 0.4382 0.4397 0.4629
1.9892 0.6707 2.2543 0.5196 0.4995 2.3428 0.4011 0.4744 0.4527 0.4866
1.9934 0.6724 2.2642 0.5119 0.4918 2.3481 0.3921 0.4618 0.4441 0.4763
1.9910 0.6676 2.2687 0.5124 0.4945 2.3496 0.3944 0.4618 0.4457 0.4776
2.0033 0.6655 2.2737 0.5077 0.4870 2.3444 0.4068 0.4768 0.4517 0.4819
1.9981 0.6680 2.2682 0.5139 0.4917 2.3463 0.4091 0.4734 0.4556 0.4824
2.0040 0.6636 2.2846 0.5017 0.4820 2.3228 0.3987 0.4522 0.4443 0.4666
1.9999 0.6720 2.2907 0.4990 0.4791 2.3331 0.3963 0.4604 0.4418 0.4696
2.0008 0.6671 2.2991 0.4932 0.4734 2.3342 0.4000 0.4669 0.4417 0.4701
1.9967 0.6647 2.2941 0.4988 0.4777 2.3594 0.4028 0.4701 0.4457 0.4739
2.0027 0.6609 2.3005 0.4940 0.4791 2.3436 0.3991 0.4616 0.4415 0.4702
2.0081 0.6605 2.3058 0.4940 0.4808 2.3465 0.3924 0.4577 0.4374 0.4690
2.0094 0.6602 2.3124 0.4910 0.4744 2.3530 0.3945 0.4666 0.4375 0.4705
2.0101 0.6580 2.3190 0.4891 0.4716 2.3407 0.4000 0.4702 0.4401 0.4709
2.0102 0.6587 2.3221 0.4969 0.4813 2.3351 0.3947 0.4606 0.4399 0.4707
2.0074 0.6614 2.3183 0.4990 0.4838 2.3373 0.3913 0.4521 0.4386 0.4674
2.0100 0.6638 2.3239 0.4973 0.4833 2.3328 0.3909 0.4554 0.4377 0.4689
2.0116 0.6625 2.3219 0.5032 0.4862 2.3470 0.3977 0.4660 0.4443 0.4759
2.0110 0.6635 2.3320 0.4862 0.4710 2.3440 0.3883 0.4565 0.4318 0.4636
2.0159 0.6577 2.3275 0.4925 0.4770 2.3381 0.3904 0.4509 0.4355 0.4636
2.0110 0.6629 2.3344 0.4823 0.4665 2.3303 0.3868 0.4464 0.4293 0.4563
2.0132 0.6617 2.3328 0.4901 0.4752 2.3174 0.4084 0.4671 0.4456 0.4711
2.0188 0.6565 2.3327 0.4883 0.4745 2.3393 0.3947 0.4514 0.4365 0.4626
2.0126 0.6610 2.3470 0.4801 0.4645 2.3143 0.3969 0.4631 0.4346 0.4638
2.0159 0.6569 2.3458 0.4743 0.4615 2.3030 0.4029 0.4634 0.4357 0.4625
2.0170 0.6565 2.3437 0.4750 0.4591 2.3161 0.4040 0.4593 0.4366 0.4592
2.0140 0.6593 2.3289 0.4850 0.4695 2.3599 0.3915 0.4471 0.4333 0.4580
2.0176 0.6568 2.3414 0.4789 0.4672 2.3335 0.3963 0.4576 0.4337 0.4623
2.0141 0.6608 2.3424 0.4794 0.4669 2.3240 0.4043 0.4593 0.4387 0.4631
2.0144 0.6569 2.3394 0.4861 0.4730 2.3295 0.4033 0.4546 0.4408 0.4636
2.0099 0.6599 2.3451 0.4772 0.4646 2.3276 0.4009 0.4630 0.4357 0.4638
2.0162 0.6541 2.3334 0.4895 0.4744 2.3563 0.3861 0.4472 0.4317 0.4604
2.0092 0.6558 2.3398 0.4816 0.4695 2.3487 0.3894 0.4449 0.4306 0.4569
2.0143 0.6502 2.3406 0.4845 0.4736 2.3433 0.3928 0.4452 0.4339 0.4590
2.0137 0.6560 2.3500 0.4750 0.4639 2.3226 0.4082 0.4539 0.4391 0.4589
2.0108 0.6542 2.3550 0.4694 0.4582 2.3022 0.4078 0.4565 0.4364 0.4574
2.0136 0.6535 2.3424 0.4764 0.4630 2.3422 0.3985 0.4543 0.4339 0.4586
2.0149 0.6537 2.3428 0.4776 0.4664 2.3315 0.3976 0.4353 0.4339 0.4503
2.0151 0.6502 2.3466 0.4806 0.4684 2.3297 0.3938 0.4564 0.4329 0.4623
2.0081 0.6559 2.3425 0.4866 0.4742 2.3217 0.4045 0.4579 0.4418 0.4659
2.0110 0.6584 2.3508 0.4745 0.4628 2.3109 0.4030 0.4500 0.4358 0.4563
2.0125 0.6565 2.3404 0.4762 0.4659 2.3325 0.4004 0.4432 0.4350 0.4543
2.0078 0.6531 2.3423 0.4810 0.4699 2.3277 0.4045 0.4413 0.4394 0.4551
2.0063 0.6607 2.3593 0.4685 0.4576 2.3019 0.4033 0.4521 0.4335 0.4548
2.0107 0.6518 2.3381 0.4849 0.4735 2.3443 0.3963 0.4293 0.4361 0.4503
2.0057 0.6585 2.3484 0.4730 0.4629 2.3351 0.3896 0.4376 0.4273 0.4499
2.0079 0.6530 2.3537 0.4708 0.4625 2.3264 0.3932 0.4398 0.4285 0.4508
2.0074 0.6593 2.3527 0.4694 0.4601 2.3496 0.3897 0.4327 0.4259 0.4460
2.0033 0.6570 2.3455 0.4759 0.4658 2.3144 0.4105 0.4303 0.4407 0.4474
2.0020 0.6577 2.3485 0.4733 0.4625 2.3197 0.4001 0.4341 0.4336 0.4478
2.0007 0.6588 2.3465 0.4742 0.4632 2.3316 0.3876 0.4327 0.4265 0.4474
1.9996 0.6570 2.3463 0.4726 0.4620 2.3318 0.3968 0.4319 0.4314 0.4464
2.0063 0.6548 2.3484 0.4752 0.4633 2.3286 0.3950 0.4376 0.4314 0.4501
