3.7397 0.1140 3.5815 0.1086 0.0989 3.2473 0.2177 0.2293 0.1450 0.1382
3.1407 0.2879 3.0164 0.3523 0.3401 3.0607 0.2117 0.2106 0.2644 0.2601
2.7356 0.4389 2.5595 0.5308 0.5217 2.9779 0.2162 0.2148 0.3073 0.3043
2.4432 0.5602 2.2576 0.6498 0.6357 2.8817 0.2395 0.2289 0.3500 0.3366
2.2587 0.6378 2.0612 0.7110 0.6898 2.8257 0.2554 0.2581 0.3758 0.3756
2.1262 0.7016 1.9428 0.7426 0.7276 2.7918 0.2761 0.2827 0.4026 0.4072
2.0409 0.7334 1.8619 0.7565 0.7455 2.7296 0.3156 0.3017 0.4454 0.4295
1.9789 0.7514 1.7943 0.7843 0.7684 2.7076 0.3161 0.3123 0.4505 0.4441
1.9193 0.7699 1.7361 0.7973 0.7830 2.7032 0.3167 0.3030 0.4533 0.4370
1.8913 0.7808 1.7066 0.8021 0.7871 2.6745 0.3282 0.3104 0.4658 0.4452
1.8543 0.7877 1.6962 0.8031 0.7898 2.6465 0.3474 0.3167 0.4850 0.4521
1.8476 0.7887 1.6888 0.8001 0.7936 2.6089 0.3650 0.3543 0.5013 0.4898
1.8323 0.7933 1.6745 0.8094 0.7998 2.6037 0.3584 0.3443 0.4968 0.4814
1.8173 0.8016 1.6667 0.8118 0.8010 2.6381 0.3332 0.3246 0.4725 0.4620
1.8197 0.8041 1.6736 0.8082 0.7921 2.5990 0.3565 0.3411 0.4948 0.4769
1.8123 0.8038 1.6788 0.8019 0.7833 2.5601 0.3726 0.3506 0.5088 0.4844
1.8189 0.8040 1.6772 0.8126 0.7964 2.5930 0.3430 0.3158 0.4824 0.4523
1.8179 0.8025 1.6939 0.8060 0.7929 2.5676 0.3695 0.3433 0.5067 0.4791
1.8208 0.7989 1.7114 0.7924 0.7820 2.5601 0.3949 0.3636 0.5271 0.4963
1.8274 0.8027 1.7073 0.8011 0.7892 2.5779 0.3809 0.3583 0.5163 0.4928
1.8230 0.8030 1.7308 0.7894 0.7771 2.5406 0.3990 0.3722 0.5300 0.5033
1.8346 0.8014 1.7369 0.7948 0.7824 2.5478 0.3911 0.3659 0.5243 0.4986
1.8403 0.7997 1.7605 0.7844 0.7747 2.5307 0.3996 0.3720 0.5295 0.5026
1.8529 0.7967 1.7607 0.7890 0.7775 2.5536 0.3866 0.3558 0.5189 0.4882
1.8529 0.7967 1.7804 0.7832 0.7717 2.5244 0.4100 0.3815 0.5382 0.5106
1.8622 0.7925 1.7884 0.7803 0.7700 2.5363 0.3978 0.3642 0.5270 0.4945
1.8673 0.7878 1.7981 0.7744 0.7626 2.5452 0.3947 0.3695 0.5229 0.4978
1.8736 0.7872 1.8087 0.7778 0.7629 2.5476 0.3911 0.3802 0.5205 0.5075
1.8845 0.7811 1.8219 0.7693 0.7567 2.5315 0.4067 0.3811 0.5321 0.5069
1.8896 0.7849 1.8390 0.7565 0.7444 2.5049 0.4217 0.3869 0.5416 0.5092
1.8924 0.7841 1.8483 0.7491 0.7363 2.5156 0.4197 0.3947 0.5380 0.5139
1.8952 0.7826 1.8543 0.7627 0.7511 2.5176 0.4073 0.3763 0.5310 0.5014
1.9065 0.7792 1.8710 0.7482 0.7346 2.5049 0.4197 0.3884 0.5377 0.5082
1.9129 0.7752 1.8828 0.7435 0.7326 2.5192 0.4119 0.3934 0.5301 0.5119
1.9080 0.7757 1.8940 0.7343 0.7240 2.5186 0.4206 0.4005 0.5348 0.5157
1.9153 0.7719 1.8986 0.7424 0.7300 2.5176 0.4196 0.3979 0.5361 0.5151
1.9263 0.7666 1.9121 0.7333 0.7226 2.4856 0.4323 0.4038 0.5439 0.5180
1.9294 0.7685 1.9144 0.7312 0.7204 2.5286 0.4144 0.3832 0.5290 0.5003
1.9366 0.7621 1.9199 0.7394 0.7234 2.5148 0.4144 0.3842 0.5311 0.5019
1.9469 0.7562 1.9388 0.7151 0.7032 2.4894 0.4414 0.4091 0.5459 0.5173
1.9450 0.7615 1.9382 0.7236 0.7103 2.5196 0.4149 0.3988 0.5274 0.5108
1.9474 0.7558 1.9433 0.7275 0.7131 2.5067 0.4183 0.3800 0.5312 0.4958
1.9529 0.7598 1.9579 0.7135 0.6990 2.5129 0.4218 0.4029 0.5302 0.5111
1.9518 0.7578 1.9653 0.7095 0.6933 2.5101 0.4295 0.4000 0.5351 0.5073
1.9533 0.7605 1.9657 0.7110 0.6941 2.4934 0.4287 0.3988 0.5349 0.5066
1.9617 0.7475 1.9648 0.7181 0.7008 2.4927 0.4242 0.3898 0.5334 0.5010
1.9621 0.7544 1.9709 0.7106 0.6937 2.5155 0.4132 0.3845 0.5226 0.4948
1.9676 0.7479 1.9931 0.6987 0.6831 2.4838 0.4330 0.4029 0.5346 0.5069
1.9651 0.7511 1.9875 0.7066 0.6903 2.5043 0.4221 0.3943 0.5285 0.5019
1.9735 0.7462 1.9853 0.7084 0.6938 2.5157 0.4210 0.3876 0.5281 0.4973
1.9743 0.7469 1.9974 0.7037 0.6907 2.5074 0.4230 0.3947 0.5284 0.5023
1.9789 0.7445 1.9999 0.7030 0.6906 2.5062 0.4174 0.3865 0.5238 0.4956
1.9780 0.7452 2.0030 0.6962 0.6775 2.5136 0.4178 0.3938 0.5222 0.4981
1.9805 0.7415 1.9994 0.7016 0.6836 2.5350 0.4067 0.3836 0.5149 0.4914
1.9790 0.7363 2.0180 0.6885 0.6735 2.4899 0.4217 0.3920 0.5231 0.4956
1.9790 0.7396 2.0218 0.6880 0.6713 2.4866 0.4230 0.3850 0.5239 0.4893
1.9830 0.7320 2.0150 0.6897 0.6715 2.5098 0.4213 0.3937 0.5231 0.4964
1.9850 0.7321 2.0156 0.6918 0.6741 2.5129 0.4213 0.3844 0.5237 0.4896
1.9885 0.7355 2.0230 0.6925 0.6774 2.5088 0.4218 0.3873 0.5243 0.4928
1.9863 0.7378 2.0240 0.6887 0.6697 2.5068 0.4150 0.3819 0.5179 0.4864
1.9861 0.7373 2.0240 0.6940 0.6757 2.5105 0.4092 0.3824 0.5148 0.4884
1.9882 0.7374 2.0220 0.6921 0.6725 2.5311 0.4083 0.3757 0.5136 0.4821
1.9863 0.7341 2.0299 0.6865 0.6677 2.4969 0.4153 0.3851 0.5175 0.4885
1.9873 0.7343 2.0317 0.6846 0.6679 2.5086 0.4130 0.3840 0.5152 0.4877
1.9860 0.7365 2.0397 0.6751 0.6562 2.4910 0.4188 0.3906 0.5169 0.4897
1.9946 0.7271 2.0357 0.6802 0.6610 2.5291 0.4009 0.3767 0.5044 0.4799
1.9953 0.7297 2.0397 0.6758 0.6581 2.5030 0.4158 0.3813 0.5148 0.4828
1.9949 0.7316 2.0463 0.6707 0.6546 2.4888 0.4235 0.3951 0.5192 0.4928
1.9913 0.7346 2.0401 0.6819 0.6655 2.5059 0.4146 0.3833 0.5157 0.4864
1.9898 0.7348 2.0446 0.6760 0.6620 2.5162 0.4073 0.3767 0.5083 0.4802
1.9965 0.7283 2.0487 0.6726 0.6525 2.5013 0.4096 0.3855 0.5091 0.4847
1.9924 0.7288 2.0430 0.6751 0.6587 2.4981 0.4169 0.3727 0.5155 0.4760
1.9898 0.7285 2.0461 0.6741 0.6587 2.4924 0.4149 0.3789 0.5136 0.4811
2.0002 0.7219 2.0457 0.6726 0.6590 2.5215 0.3998 0.3736 0.5015 0.4768
1.9932 0.7293 2.0565 0.6615 0.6494 2.5072 0.4057 0.3809 0.5029 0.4802
1.9909 0.7289 2.0536 0.6641 0.6486 2.4849 0.4165 0.3854 0.5119 0.4835
1.9918 0.7256 2.0565 0.6671 0.6495 2.4888 0.4110 0.3788 0.5086 0.4785
1.9936 0.7232 2.0576 0.6627 0.6492 2.4904 0.4111 0.3851 0.5074 0.4834
1.9954 0.7207 2.0504 0.6652 0.6497 2.5202 0.4064 0.3833 0.5046 0.4821
1.9914 0.7243 2.0556 0.6651 0.6510 2.5068 0.4136 0.3914 0.5100 0.4889
1.9920 0.7275 2.0516 0.6732 0.6566 2.5115 0.4053 0.3781 0.5060 0.4798
1.9904 0.7267 2.0600 0.6615 0.6432 2.4854 0.4069 0.3864 0.5039 0.4828
1.9937 0.7247 2.0468 0.6772 0.6555 2.5267 0.3977 0.3684 0.5011 0.4717
1.9920 0.7208 2.0461 0.6746 0.6516 2.5066 0.4043 0.3739 0.5056 0.4752
1.9959 0.7233 2.0563 0.6673 0.6458 2.4826 0.4100 0.3803 0.5079 0.4787
1.9921 0.7236 2.0548 0.6732 0.6535 2.5001 0.4121 0.3815 0.5113 0.4817
1.9950 0.7278 2.0503 0.6741 0.6531 2.4906 0.4129 0.3812 0.5121 0.4814
1.9949 0.7212 2.0551 0.6654 0.6466 2.4988 0.4072 0.3766 0.5052 0.4760
1.9925 0.7242 2.0567 0.6690 0.6526 2.5020 0.4039 0.3720 0.5037 0.4739
1.9882 0.7260 2.0553 0.6692 0.6513 2.5071 0.4041 0.3715 0.5039 0.4731
1.9825 0.7286 2.0579 0.6727 0.6562 2.4919 0.4074 0.3868 0.5075 0.4867
1.9904 0.7240 2.0539 0.6724 0.6549 2.4964 0.4028 0.3743 0.5038 0.4763
1.9864 0.7262 2.0502 0.6763 0.6593 2.5110 0.3996 0.3657 0.5024 0.4704
1.9838 0.7283 2.0570 0.6710 0.6527 2.4994 0.4030 0.3777 0.5036 0.4785
1.9887 0.7242 2.0546 0.6724 0.6546 2.4963 0.4068 0.3748 0.5069 0.4767
1.9846 0.7199 2.0519 0.6744 0.6570 2.4959 0.3967 0.3655 0.4996 0.4697
1.9816 0.7262 2.0544 0.6738 0.6585 2.5002 0.3935 0.3610 0.4969 0.4663
1.9836 0.7246 2.0516 0.6700 0.6535 2.4964 0.3957 0.3712 0.4975 0.4735
1.9826 0.7262 2.0497 0.6693 0.6518 2.5262 0.3857 0.3660 0.4894 0.4688
1.9806 0.7188 2.0500 0.6652 0.6447 2.4937 0.3926 0.3708 0.4938 0.4708
