3.7608 0.1435 3.8418 0.0653 0.0665 3.3372 0.2219 0.2894 0.1009 0.1081
3.2760 0.3011 3.3924 0.2547 0.2377 3.0445 0.2864 0.3411 0.2696 0.2802
2.8723 0.4312 2.9320 0.4128 0.3802 2.8045 0.3954 0.4106 0.4039 0.3948
2.5636 0.5458 2.5624 0.4991 0.4566 2.6995 0.4341 0.4233 0.4644 0.4393
2.3607 0.6070 2.3465 0.5559 0.5199 2.6497 0.4356 0.4040 0.4885 0.4547
2.2307 0.6472 2.2090 0.5894 0.5591 2.6063 0.4432 0.4108 0.5060 0.4736
2.1299 0.6738 2.1259 0.5945 0.5684 2.5563 0.4581 0.4184 0.5175 0.4820
2.0610 0.6931 2.0365 0.6278 0.6060 2.5248 0.4718 0.4287 0.5387 0.5022
2.0112 0.7011 1.9708 0.6467 0.6221 2.5211 0.4681 0.4186 0.5431 0.5004
1.9752 0.7141 1.9494 0.6397 0.6127 2.4843 0.4735 0.4226 0.5442 0.5002
1.9421 0.7185 1.9163 0.6658 0.6492 2.4741 0.4712 0.4014 0.5519 0.4961
1.9115 0.7282 1.9065 0.6505 0.6345 2.4349 0.4906 0.4261 0.5593 0.5099
1.8989 0.7292 1.9101 0.6498 0.6327 2.4275 0.4797 0.4119 0.5519 0.4989
1.8911 0.7250 1.9100 0.6443 0.6212 2.3881 0.5108 0.4545 0.5699 0.5250
1.8848 0.7323 1.8903 0.6647 0.6463 2.4022 0.5001 0.4325 0.5708 0.5182
1.8752 0.7404 1.9046 0.6588 0.6407 2.3838 0.5037 0.4337 0.5709 0.5172
1.8709 0.7361 1.8949 0.6680 0.6513 2.3728 0.5054 0.4389 0.5754 0.5244
1.8683 0.7384 1.9121 0.6471 0.6302 2.3645 0.5156 0.4472 0.5739 0.5232
1.8730 0.7312 1.9129 0.6601 0.6432 2.3591 0.4999 0.4212 0.5690 0.5091
1.8633 0.7385 1.9375 0.6377 0.6266 2.3591 0.5045 0.4358 0.5633 0.5141
1.8621 0.7342 1.9355 0.6489 0.6395 2.3730 0.4992 0.4286 0.5643 0.5132
1.8743 0.7324 1.9552 0.6369 0.6198 2.3515 0.5017 0.4375 0.5613 0.5130
1.8806 0.7307 1.9628 0.6335 0.6182 2.3472 0.5044 0.4313 0.5616 0.5081
1.8841 0.7235 1.9771 0.6289 0.6105 2.3490 0.5040 0.4454 0.5595 0.5151
1.8848 0.7175 1.9912 0.6231 0.5988 2.3095 0.5018 0.4402 0.5559 0.5074
1.8980 0.7154 1.9853 0.6312 0.6105 2.3195 0.5164 0.4457 0.5681 0.5152
1.8911 0.7178 2.0113 0.6119 0.5867 2.3117 0.5114 0.4612 0.5572 0.5165
1.8999 0.7119 2.0136 0.6037 0.5788 2.3489 0.5041 0.4470 0.5494 0.5044
1.9048 0.7143 2.0343 0.5962 0.5774 2.3211 0.5060 0.4485 0.5474 0.5048
1.9134 0.7061 2.0346 0.6063 0.5816 2.3539 0.5221 0.4694 0.5610 0.5195
1.9126 0.7095 2.0548 0.6008 0.5767 2.3152 0.5293 0.4738 0.5628 0.5202
1.9185 0.7024 2.0663 0.5949 0.5748 2.3366 0.5108 0.4703 0.5496 0.5173
1.9236 0.7012 2.0897 0.5791 0.5619 2.3037 0.5253 0.4717 0.5509 0.5129
1.9349 0.6966 2.1021 0.5809 0.5625 2.3113 0.5179 0.4691 0.5476 0.5116
1.9389 0.6980 2.1035 0.5791 0.5609 2.3324 0.5202 0.4722 0.5480 0.5127
1.9397 0.6933 2.1181 0.5755 0.5567 2.3171 0.5223 0.4679 0.5476 0.5085
1.9466 0.6947 2.1358 0.5668 0.5445 2.3192 0.5229 0.4978 0.5440 0.5201
1.9578 0.6909 2.1541 0.5607 0.5447 2.2991 0.5213 0.4789 0.5403 0.5097
1.9528 0.6899 2.1642 0.5525 0.5337 2.2872 0.5247 0.4823 0.5383 0.5067
1.9547 0.6872 2.1688 0.5488 0.5308 2.3000 0.5165 0.4747 0.5322 0.5012
1.9564 0.6877 2.1861 0.5366 0.5196 2.2918 0.5229 0.5035 0.5297 0.5114
1.9636 0.6809 2.1962 0.5318 0.5109 2.2829 0.5285 0.5137 0.5301 0.5123
1.9683 0.6800 2.1932 0.5442 0.5266 2.3008 0.5257 0.5010 0.5348 0.5135
1.9682 0.6800 2.2088 0.5287 0.5094 2.2894 0.5320 0.5021 0.5304 0.5057
1.9760 0.6779 2.2173 0.5320 0.5144 2.2888 0.5266 0.5023 0.5293 0.5083
1.9747 0.6812 2.2165 0.5282 0.5118 2.2914 0.5242 0.4948 0.5262 0.5032
1.9795 0.6747 2.2303 0.5134 0.4976 2.2916 0.5277 0.5046 0.5205 0.5011
1.9804 0.6701 2.2330 0.5189 0.5003 2.2973 0.5071 0.4815 0.5129 0.4907
1.9799 0.6741 2.2423 0.5143 0.5000 2.3117 0.5093 0.4885 0.5118 0.4942
1.9910 0.6629 2.2519 0.5156 0.4985 2.2744 0.5150 0.5028 0.5153 0.5006
1.9969 0.6635 2.2474 0.5156 0.4953 2.3083 0.5142 0.4982 0.5149 0.4967
1.9976 0.6626 2.2621 0.5043 0.4850 2.2905 0.5231 0.5055 0.5135 0.4951
1.9930 0.6677 2.2649 0.5029 0.4834 2.2896 0.5103 0.4932 0.5066 0.4883
1.9985 0.6592 2.2684 0.4998 0.4824 2.3035 0.5202 0.5141 0.5098 0.4978
1.9954 0.6715 2.2761 0.5007 0.4838 2.2877 0.5066 0.4957 0.5036 0.4897
2.0021 0.6562 2.2699 0.5058 0.4878 2.2910 0.5178 0.5005 0.5117 0.4940
2.0017 0.6649 2.2849 0.5002 0.4841 2.2839 0.5082 0.5016 0.5041 0.4927
1.9991 0.6617 2.2930 0.4903 0.4755 2.2835 0.5276 0.5115 0.5083 0.4929
2.0006 0.6624 2.2936 0.4912 0.4804 2.2765 0.5247 0.5162 0.5074 0.4976
2.0009 0.6627 2.2864 0.4974 0.4836 2.3113 0.5056 0.5062 0.5015 0.4947
2.0098 0.6565 2.2946 0.4915 0.4773 2.2951 0.5218 0.5169 0.5062 0.4963
2.0026 0.6574 2.3042 0.4830 0.4697 2.2788 0.5085 0.5140 0.4954 0.4909
2.0023 0.6559 2.3045 0.4849 0.4725 2.2893 0.5251 0.5212 0.5042 0.4957
2.0030 0.6540 2.3033 0.4832 0.4723 2.3055 0.5092 0.5163 0.4958 0.4933
2.0061 0.6518 2.3081 0.4767 0.4653 2.2809 0.5131 0.5108 0.4942 0.4870
2.0075 0.6506 2.3065 0.4764 0.4620 2.2973 0.5049 0.5053 0.4902 0.4827
2.0084 0.6510 2.3054 0.4842 0.4729 2.2988 0.5070 0.4975 0.4953 0.4849
2.0020 0.6575 2.3074 0.4886 0.4763 2.3052 0.5056 0.5064 0.4970 0.4909
2.0059 0.6516 2.3257 0.4731 0.4586 2.2648 0.5143 0.5122 0.4929 0.4839
2.0028 0.6575 2.3201 0.4725 0.4620 2.2987 0.5018 0.5108 0.4867 0.4852
2.0048 0.6553 2.3172 0.4760 0.4648 2.3028 0.5046 0.5185 0.4899 0.4902
2.0075 0.6565 2.3222 0.4696 0.4611 2.2860 0.5088 0.5121 0.4884 0.4853
2.0019 0.6570 2.3147 0.4793 0.4672 2.2982 0.5007 0.5053 0.4897 0.4855
2.0074 0.6542 2.3246 0.4723 0.4622 2.3010 0.4973 0.5102 0.4845 0.4850
2.0024 0.6539 2.3221 0.4736 0.4589 2.3162 0.5009 0.5138 0.4869 0.4848
2.0070 0.6477 2.3228 0.4774 0.4647 2.2917 0.4948 0.5112 0.4859 0.4868
2.0042 0.6544 2.3225 0.4794 0.4666 2.3052 0.5001 0.5118 0.4895 0.4882
2.0041 0.6548 2.3242 0.4786 0.4670 2.2966 0.4869 0.4960 0.4827 0.4811
2.0021 0.6540 2.3190 0.4764 0.4643 2.3288 0.4873 0.5016 0.4818 0.4822
2.0033 0.6485 2.3288 0.4684 0.4627 2.2870 0.4964 0.4982 0.4820 0.4798
2.0046 0.6540 2.3258 0.4748 0.4648 2.2944 0.4849 0.4876 0.4798 0.4759
2.0040 0.6532 2.3389 0.4640 0.4577 2.2681 0.4996 0.4901 0.4811 0.4733
2.0005 0.6590 2.3291 0.4747 0.4696 2.3122 0.4915 0.4861 0.4829 0.4777
1.9961 0.6574 2.3289 0.4733 0.4671 2.2882 0.4965 0.4868 0.4846 0.4767
1.9993 0.6547 2.3277 0.4711 0.4648 2.2982 0.4935 0.4995 0.4820 0.4815
1.9969 0.6553 2.3268 0.4708 0.4649 2.2949 0.4905 0.4987 0.4804 0.4812
1.9980 0.6539 2.3240 0.4689 0.4583 2.3081 0.4936 0.5096 0.4809 0.4826
1.9923 0.6563 2.3300 0.4609 0.4553 2.3130 0.4699 0.4883 0.4653 0.4712
1.9983 0.6505 2.3295 0.4662 0.4618 2.2902 0.4859 0.4770 0.4758 0.4693
2.0006 0.6505 2.3308 0.4653 0.4550 2.2949 0.4778 0.4780 0.4715 0.4662
1.9968 0.6534 2.3199 0.4721 0.4647 2.3302 0.4721 0.4774 0.4721 0.4710
1.9979 0.6515 2.3253 0.4680 0.4577 2.3098 0.4720 0.4809 0.4700 0.4690
1.9924 0.6531 2.3269 0.4629 0.4554 2.3160 0.4613 0.4726 0.4621 0.4638
1.9963 0.6434 2.3268 0.4590 0.4502 2.3212 0.4668 0.5048 0.4629 0.4760
1.9945 0.6490 2.3284 0.4585 0.4575 2.3104 0.4637 0.4748 0.4611 0.4660
1.9900 0.6488 2.3258 0.4645 0.4606 2.3196 0.4678 0.4835 0.4661 0.4718
1.9898 0.6538 2.3217 0.4674 0.4635 2.3324 0.4594 0.4749 0.4633 0.4691
1.9857 0.6573 2.3332 0.4657 0.4635 2.2955 0.4644 0.4898 0.4650 0.4763
1.9821 0.6602 2.3274 0.4602 0.4561 2.3181 0.4606 0.4717 0.4604 0.4638
1.9794 0.6554 2.3190 0.4708 0.4673 2.3282 0.4534 0.4778 0.4619 0.4725
