3.7791 0.0888 3.8963 0.0330 0.0429 3.3710 0.1676 0.1849 0.0551 0.0696
3.2934 0.2767 3.5258 0.1659 0.1716 3.1044 0.2342 0.2716 0.1942 0.2104
2.9499 0.4168 3.1287 0.3040 0.2981 2.9546 0.2948 0.3507 0.2993 0.3223
2.6694 0.4995 2.7685 0.4031 0.3916 2.8492 0.3273 0.3674 0.3613 0.3791
2.4505 0.5649 2.5170 0.4721 0.4542 2.7803 0.3440 0.3873 0.3980 0.4181
2.2956 0.6118 2.3207 0.5337 0.5174 2.7783 0.3344 0.3927 0.4112 0.4465
2.1909 0.6498 2.2118 0.5702 0.5559 2.6939 0.3533 0.4047 0.4363 0.4684
2.1135 0.6619 2.1275 0.5983 0.5839 2.6408 0.3536 0.3990 0.4445 0.4741
2.0512 0.6864 2.0486 0.6093 0.5965 2.6165 0.3514 0.3976 0.4458 0.4771
1.9972 0.7030 1.9878 0.6479 0.6222 2.6186 0.3489 0.4090 0.4536 0.4936
1.9624 0.7041 1.9710 0.6273 0.6159 2.5427 0.3796 0.4142 0.4730 0.4953
1.9292 0.7190 1.9297 0.6593 0.6396 2.5409 0.3547 0.4169 0.4613 0.5048
1.9115 0.7258 1.9135 0.6673 0.6510 2.5251 0.3463 0.3923 0.4559 0.4896
1.8915 0.7312 1.9191 0.6607 0.6437 2.4893 0.3742 0.4243 0.4778 0.5115
1.8824 0.7343 1.9134 0.6528 0.6328 2.4837 0.3915 0.4524 0.4895 0.5276
1.8673 0.7369 1.9174 0.6411 0.6262 2.4494 0.3978 0.4518 0.4910 0.5249
1.8609 0.7312 1.9110 0.6491 0.6349 2.4312 0.3934 0.4572 0.4899 0.5316
1.8562 0.7402 1.9219 0.6443 0.6321 2.4044 0.4068 0.4561 0.4987 0.5299
1.8608 0.7318 1.9264 0.6386 0.6261 2.4019 0.4084 0.4489 0.4982 0.5229
1.8630 0.7345 1.9507 0.6241 0.6128 2.3667 0.4245 0.4611 0.5053 0.5262
1.8707 0.7286 1.9531 0.6226 0.6107 2.3714 0.4226 0.4680 0.5035 0.5299
1.8667 0.7262 1.9625 0.6248 0.6101 2.3627 0.4252 0.4655 0.5061 0.5281
1.8732 0.7255 1.9861 0.6124 0.5929 2.3534 0.4427 0.4905 0.5139 0.5369
1.8776 0.7139 1.9820 0.6289 0.6047 2.3534 0.4563 0.5038 0.5289 0.5497
1.8829 0.7209 2.0094 0.5995 0.5802 2.3394 0.4522 0.4848 0.5155 0.5283
1.8850 0.7173 2.0148 0.6085 0.5905 2.3637 0.4419 0.5040 0.5120 0.5438
1.8920 0.7113 2.0447 0.5870 0.5709 2.3277 0.4416 0.4917 0.5040 0.5283
1.9049 0.7080 2.0543 0.5886 0.5726 2.3272 0.4525 0.4988 0.5117 0.5332
1.9012 0.7141 2.0601 0.5898 0.5722 2.3452 0.4351 0.4881 0.5008 0.5268
1.9067 0.7031 2.0902 0.5716 0.5502 2.3230 0.4573 0.5075 0.5081 0.5280
1.9153 0.6988 2.1030 0.5736 0.5557 2.3017 0.4523 0.5086 0.5058 0.5311
1.9206 0.6963 2.1083 0.5673 0.5470 2.3087 0.4496 0.4935 0.5017 0.5189
1.9318 0.6952 2.1118 0.5658 0.5419 2.3344 0.4518 0.5048 0.5024 0.5227
1.9299 0.6851 2.1319 0.5585 0.5353 2.3242 0.4595 0.5123 0.5042 0.5235
1.9341 0.6880 2.1376 0.5570 0.5390 2.3136 0.4491 0.4958 0.4973 0.5165
1.9437 0.6885 2.1520 0.5536 0.5291 2.3076 0.4533 0.4951 0.4984 0.5116
1.9471 0.6863 2.1537 0.5643 0.5428 2.3324 0.4429 0.4853 0.4963 0.5124
1.9474 0.6853 2.1611 0.5498 0.5292 2.3221 0.4552 0.5004 0.4981 0.5144
1.9532 0.6846 2.1821 0.5454 0.5265 2.3231 0.4472 0.4871 0.4915 0.5060
1.9578 0.6759 2.1851 0.5434 0.5211 2.3127 0.4499 0.4918 0.4922 0.5060
1.9604 0.6743 2.2001 0.5434 0.5215 2.3226 0.4570 0.4903 0.4964 0.5054
1.9706 0.6747 2.2025 0.5423 0.5179 2.2956 0.4597 0.4995 0.4976 0.5085
1.9746 0.6741 2.2162 0.5270 0.5065 2.3088 0.4589 0.5030 0.4906 0.5047
1.9746 0.6743 2.2278 0.5252 0.5024 2.2942 0.4560 0.4884 0.4881 0.4953
1.9797 0.6717 2.2333 0.5172 0.4974 2.3076 0.4608 0.4908 0.4873 0.4941
1.9801 0.6687 2.2379 0.5156 0.4916 2.3341 0.4563 0.5037 0.4842 0.4976
1.9737 0.6687 2.2445 0.5138 0.4935 2.3048 0.4558 0.4897 0.4831 0.4916
1.9829 0.6700 2.2489 0.5145 0.4915 2.3222 0.4567 0.4986 0.4839 0.4950
1.9883 0.6641 2.2540 0.5070 0.4845 2.3299 0.4601 0.5066 0.4824 0.4953
1.9899 0.6625 2.2709 0.5032 0.4818 2.2963 0.4618 0.5000 0.4816 0.4907
1.9929 0.6626 2.2639 0.5160 0.4922 2.3124 0.4657 0.4997 0.4895 0.4959
1.9929 0.6599 2.2777 0.5077 0.4882 2.3130 0.4573 0.5076 0.4812 0.4977
1.9966 0.6674 2.2751 0.5092 0.4884 2.3014 0.4576 0.4949 0.4820 0.4916
2.0040 0.6627 2.2776 0.5107 0.4870 2.3113 0.4646 0.5023 0.4865 0.4945
2.0026 0.6591 2.2845 0.5051 0.4840 2.2984 0.4634 0.5039 0.4834 0.4937
2.0069 0.6600 2.2930 0.4969 0.4759 2.3182 0.4558 0.4921 0.4755 0.4839
2.0022 0.6663 2.2893 0.5053 0.4805 2.3118 0.4686 0.5018 0.4862 0.4909
2.0061 0.6630 2.2949 0.5053 0.4814 2.3069 0.4647 0.4995 0.4841 0.4903
2.0054 0.6623 2.3119 0.4905 0.4705 2.2973 0.4671 0.4933 0.4785 0.4816
2.0063 0.6562 2.3061 0.4942 0.4710 2.3009 0.4649 0.5000 0.4791 0.4850
2.0088 0.6628 2.3161 0.4872 0.4677 2.3098 0.4570 0.4971 0.4716 0.4820
2.0127 0.6570 2.3225 0.4881 0.4667 2.3048 0.4619 0.4938 0.4746 0.4799
2.0081 0.6596 2.3087 0.4946 0.4721 2.3184 0.4623 0.5034 0.4779 0.4873
2.0025 0.6613 2.3343 0.4694 0.4519 2.2927 0.4616 0.5025 0.4655 0.4759
2.0089 0.6535 2.3131 0.4912 0.4694 2.3214 0.4622 0.4956 0.4762 0.4821
2.0118 0.6584 2.3186 0.4889 0.4718 2.2823 0.4691 0.4969 0.4788 0.4840
2.0069 0.6559 2.3194 0.4917 0.4726 2.3253 0.4613 0.5020 0.4760 0.4869
2.0114 0.6574 2.3223 0.4888 0.4723 2.2933 0.4661 0.4936 0.4772 0.4827
2.0086 0.6576 2.3251 0.4864 0.4676 2.3218 0.4601 0.5002 0.4729 0.4834
2.0149 0.6548 2.3281 0.4852 0.4662 2.3150 0.4608 0.4976 0.4727 0.4814
2.0057 0.6637 2.3251 0.4884 0.4682 2.3206 0.4620 0.5025 0.4749 0.4847
2.0108 0.6595 2.3296 0.4813 0.4647 2.3079 0.4616 0.4980 0.4713 0.4808
2.0064 0.6608 2.3264 0.4869 0.4708 2.3153 0.4606 0.4998 0.4734 0.4849
2.0110 0.6583 2.3428 0.4784 0.4634 2.2877 0.4642 0.5008 0.4712 0.4814
2.0070 0.6635 2.3278 0.4898 0.4724 2.3085 0.4596 0.4888 0.4742 0.4804
2.0063 0.6615 2.3345 0.4828 0.4662 2.2898 0.4642 0.4948 0.4733 0.4801
2.0115 0.6547 2.3328 0.4891 0.4720 2.3053 0.4635 0.5012 0.4760 0.4862
2.0129 0.6578 2.3373 0.4850 0.4676 2.3083 0.4596 0.4931 0.4720 0.4800
2.0088 0.6562 2.3374 0.4888 0.4722 2.3119 0.4632 0.4996 0.4756 0.4855
2.0126 0.6563 2.3453 0.4752 0.4592 2.3006 0.4671 0.5094 0.4711 0.4830
2.0136 0.6563 2.3391 0.4745 0.4554 2.3232 0.4605 0.4910 0.4674 0.4725
2.0115 0.6511 2.3270 0.4889 0.4718 2.3257 0.4585 0.4914 0.4732 0.4814
2.0133 0.6557 2.3431 0.4789 0.4596 2.3019 0.4589 0.4900 0.4687 0.4743
2.0086 0.6503 2.3346 0.4828 0.4640 2.3213 0.4591 0.5026 0.4707 0.4825
2.0121 0.6525 2.3292 0.4859 0.4695 2.3334 0.4606 0.5101 0.4729 0.4890
2.0112 0.6518 2.3430 0.4735 0.4555 2.3103 0.4595 0.4953 0.4664 0.4746
2.0072 0.6513 2.3397 0.4770 0.4620 2.3198 0.4560 0.4952 0.4663 0.4781
2.0067 0.6553 2.3397 0.4745 0.4594 2.3092 0.4649 0.5063 0.4697 0.4817
2.0077 0.6502 2.3411 0.4728 0.4593 2.3185 0.4582 0.4948 0.4654 0.4764
2.0094 0.6545 2.3445 0.4696 0.4556 2.3058 0.4632 0.5053 0.4663 0.4792
2.0079 0.6520 2.3356 0.4743 0.4600 2.3333 0.4579 0.4989 0.4659 0.4787
2.0073 0.6515 2.3376 0.4731 0.4604 2.3025 0.4613 0.4952 0.4671 0.4772
2.0107 0.6500 2.3396 0.4709 0.4554 2.3030 0.4629 0.5061 0.4669 0.4794
2.0006 0.6550 2.3372 0.4721 0.4578 2.3120 0.4616 0.4988 0.4668 0.4774
1.9959 0.6537 2.3379 0.4675 0.4502 2.3139 0.4606 0.4976 0.4641 0.4727
2.0035 0.6497 2.3273 0.4813 0.4654 2.3216 0.4544 0.4861 0.4675 0.4755
2.0009 0.6530 2.3354 0.4711 0.4547 2.3339 0.4590 0.4988 0.4650 0.4757
2.0001 0.6523 2.3356 0.4719 0.4536 2.3153 0.4592 0.4957 0.4655 0.4737
2.0053 0.6510 2.3281 0.4804 0.4670 2.3291 0.4597 0.4980 0.4699 0.4820
1.9993 0.6537 2.3279 0.4804 0.4678 2.3243 0.4579 0.4919 0.4689 0.4795
