3.7089 0.1525 3.8941 0.0462 0.0494 3.2121 0.2420 0.3281 0.0776 0.0858
3.2192 0.3245 3.4808 0.1717 0.1671 2.9925 0.2908 0.3913 0.2159 0.2341
2.8394 0.4340 3.0379 0.3128 0.2963 2.8853 0.3060 0.4139 0.3093 0.3454
2.5480 0.5127 2.6583 0.4167 0.4009 2.8262 0.3095 0.4149 0.3552 0.4077
2.3244 0.5849 2.3625 0.5213 0.4963 2.8064 0.3206 0.4176 0.3970 0.4536
2.1732 0.6253 2.1951 0.5796 0.5578 2.6954 0.3307 0.4191 0.4211 0.4786
2.0682 0.6739 2.0629 0.6316 0.6033 2.6951 0.3266 0.4133 0.4305 0.4905
1.9927 0.7043 1.9865 0.6489 0.6285 2.6499 0.3324 0.4136 0.4396 0.4989
1.9359 0.7226 1.9373 0.6695 0.6462 2.6356 0.3301 0.4042 0.4422 0.4973
1.9065 0.7345 1.9098 0.6668 0.6425 2.6356 0.3307 0.4118 0.4421 0.5019
1.8793 0.7428 1.8722 0.6877 0.6578 2.6110 0.3372 0.4012 0.4525 0.4984
1.8612 0.7459 1.8482 0.7004 0.6693 2.6099 0.3271 0.4004 0.4459 0.5010
1.8515 0.7482 1.8596 0.6979 0.6736 2.5808 0.3377 0.4002 0.4551 0.5021
1.8371 0.7495 1.8561 0.6879 0.6650 2.5597 0.3303 0.4000 0.4463 0.4995
1.8257 0.7535 1.8679 0.6772 0.6555 2.5251 0.3437 0.4026 0.4560 0.4988
1.8190 0.7506 1.8708 0.6772 0.6520 2.5252 0.3489 0.4089 0.4605 0.5026
1.8221 0.7548 1.8874 0.6715 0.6516 2.4879 0.3559 0.4045 0.4652 0.4991
1.8337 0.7465 1.8899 0.6724 0.6529 2.4776 0.3466 0.4096 0.4575 0.5034
1.8294 0.7536 1.8949 0.6675 0.6446 2.4798 0.3636 0.4187 0.4707 0.5076
1.8389 0.7432 1.9067 0.6736 0.6469 2.4811 0.3631 0.4044 0.4718 0.4977
1.8414 0.7447 1.9217 0.6608 0.6330 2.4706 0.3771 0.4266 0.4802 0.5097
1.8462 0.7378 1.9355 0.6595 0.6361 2.4660 0.3653 0.4176 0.4702 0.5042
1.8451 0.7404 1.9481 0.6482 0.6293 2.4481 0.3717 0.4125 0.4725 0.4984
1.8470 0.7374 1.9755 0.6401 0.6170 2.4519 0.3600 0.3992 0.4609 0.4847
1.8593 0.7317 1.9852 0.6277 0.6030 2.4167 0.3899 0.4408 0.4810 0.5093
1.8688 0.7271 1.9955 0.6348 0.6151 2.3929 0.3995 0.4317 0.4904 0.5073
1.8736 0.7248 2.0140 0.6093 0.5863 2.4053 0.3921 0.4381 0.4772 0.5015
1.8784 0.7186 2.0324 0.6017 0.5736 2.4061 0.3881 0.4411 0.4718 0.4987
1.8925 0.7107 2.0526 0.5972 0.5709 2.4008 0.4019 0.4447 0.4805 0.5000
1.8983 0.7143 2.0581 0.5993 0.5746 2.3894 0.3988 0.4595 0.4789 0.5106
1.9076 0.7079 2.0749 0.5967 0.5711 2.4047 0.4054 0.4548 0.4828 0.5064
1.9044 0.7109 2.0880 0.5899 0.5645 2.3912 0.3987 0.4533 0.4758 0.5028
1.9119 0.7070 2.1078 0.5828 0.5575 2.3782 0.4049 0.4576 0.4778 0.5027
1.9188 0.7019 2.1121 0.5838 0.5589 2.3655 0.4193 0.4610 0.4881 0.5052
1.9233 0.7040 2.1241 0.5762 0.5522 2.3612 0.4177 0.4661 0.4843 0.5055
1.9299 0.6992 2.1429 0.5595 0.5331 2.3750 0.4106 0.4602 0.4736 0.4940
1.9435 0.6947 2.1508 0.5508 0.5243 2.3600 0.4139 0.4644 0.4726 0.4925
1.9499 0.6869 2.1515 0.5583 0.5326 2.3882 0.4167 0.4603 0.4772 0.4938
1.9598 0.6853 2.1844 0.5381 0.5143 2.3504 0.4156 0.4651 0.4690 0.4884
1.9581 0.6817 2.1885 0.5394 0.5152 2.3748 0.4251 0.4764 0.4755 0.4951
1.9664 0.6816 2.1953 0.5464 0.5220 2.3575 0.4255 0.4788 0.4784 0.4994
1.9669 0.6803 2.2092 0.5292 0.5065 2.3562 0.4301 0.4736 0.4745 0.4895
1.9684 0.6836 2.2195 0.5247 0.5070 2.3504 0.4287 0.4828 0.4718 0.4946
1.9726 0.6777 2.2237 0.5218 0.4987 2.3463 0.4304 0.4735 0.4717 0.4858
1.9712 0.6761 2.2297 0.5265 0.5041 2.3636 0.4321 0.4848 0.4746 0.4942
1.9774 0.6793 2.2457 0.5209 0.5013 2.3535 0.4258 0.4723 0.4686 0.4864
1.9840 0.6794 2.2631 0.5104 0.4885 2.3295 0.4245 0.4750 0.4635 0.4816
1.9896 0.6720 2.2602 0.5065 0.4867 2.3430 0.4427 0.4909 0.4724 0.4888
1.9888 0.6719 2.2615 0.5143 0.4940 2.3520 0.4413 0.4784 0.4750 0.4861
1.9911 0.6700 2.2736 0.4969 0.4790 2.3530 0.4273 0.4746 0.4595 0.4768
1.9968 0.6686 2.2859 0.4976 0.4823 2.3368 0.4290 0.4733 0.4608 0.4777
1.9993 0.6659 2.2804 0.5020 0.4867 2.3495 0.4342 0.4805 0.4657 0.4836
1.9985 0.6617 2.2920 0.4971 0.4804 2.3532 0.4384 0.4878 0.4659 0.4841
2.0041 0.6657 2.2991 0.4906 0.4766 2.3417 0.4419 0.4842 0.4650 0.4804
2.0062 0.6591 2.2992 0.4905 0.4766 2.3581 0.4333 0.4837 0.4601 0.4801
2.0058 0.6639 2.2956 0.5003 0.4811 2.3693 0.4263 0.4778 0.4603 0.4794
2.0036 0.6660 2.3105 0.4838 0.4676 2.3570 0.4174 0.4659 0.4482 0.4668
2.0097 0.6608 2.3107 0.4889 0.4720 2.3703 0.4255 0.4763 0.4550 0.4742
2.0111 0.6637 2.3099 0.4881 0.4723 2.3644 0.4332 0.4832 0.4590 0.4777
2.0166 0.6571 2.3148 0.4806 0.4651 2.3700 0.4295 0.4738 0.4536 0.4694
2.0102 0.6596 2.3170 0.4808 0.4671 2.3560 0.4364 0.4894 0.4575 0.4780
2.0112 0.6565 2.3186 0.4736 0.4600 2.3641 0.4397 0.4885 0.4560 0.4738
2.0126 0.6557 2.3273 0.4759 0.4636 2.3351 0.4412 0.4812 0.4579 0.4722
2.0126 0.6587 2.3325 0.4706 0.4578 2.3437 0.4395 0.4804 0.4545 0.4688
2.0159 0.6567 2.3286 0.4760 0.4603 2.3344 0.4426 0.4754 0.4587 0.4678
2.0157 0.6544 2.3284 0.4753 0.4614 2.3652 0.4355 0.4788 0.4545 0.4700
2.0199 0.6542 2.3338 0.4726 0.4579 2.3558 0.4404 0.4844 0.4560 0.4707
2.0148 0.6545 2.3382 0.4760 0.4623 2.3468 0.4380 0.4810 0.4562 0.4715
2.0154 0.6564 2.3369 0.4774 0.4621 2.3450 0.4366 0.4782 0.4561 0.4700
2.0178 0.6498 2.3444 0.4655 0.4509 2.3464 0.4371 0.4777 0.4509 0.4639
2.0168 0.6531 2.3448 0.4701 0.4568 2.3424 0.4416 0.4846 0.4554 0.4703
2.0211 0.6518 2.3393 0.4670 0.4512 2.3826 0.4337 0.4805 0.4498 0.4654
2.0162 0.6499 2.3496 0.4595 0.4447 2.3543 0.4378 0.4859 0.4484 0.4644
2.0160 0.6495 2.3400 0.4675 0.4558 2.3551 0.4389 0.4858 0.4528 0.4704
2.0152 0.6547 2.3426 0.4677 0.4560 2.3519 0.4471 0.4849 0.4572 0.4700
2.0188 0.6519 2.3525 0.4570 0.4465 2.3524 0.4323 0.4828 0.4443 0.4640
2.0209 0.6470 2.3475 0.4587 0.4465 2.3742 0.4361 0.4893 0.4471 0.4669
2.0188 0.6462 2.3548 0.4578 0.4466 2.3512 0.4445 0.4900 0.4510 0.4673
2.0176 0.6529 2.3466 0.4685 0.4556 2.3888 0.4385 0.4865 0.4530 0.4706
2.0200 0.6446 2.3478 0.4551 0.4450 2.3618 0.4364 0.4795 0.4455 0.4616
2.0147 0.6500 2.3567 0.4422 0.4368 2.3398 0.4424 0.4916 0.4423 0.4626
2.0129 0.6486 2.3480 0.4597 0.4494 2.3789 0.4399 0.4830 0.4496 0.4656
2.0147 0.6507 2.3543 0.4459 0.4358 2.3566 0.4446 0.4935 0.4453 0.4628
2.0228 0.6420 2.3585 0.4526 0.4432 2.3649 0.4345 0.4798 0.4433 0.4608
2.0165 0.6480 2.3548 0.4544 0.4458 2.3579 0.4419 0.4901 0.4481 0.4669
2.0188 0.6408 2.3555 0.4481 0.4394 2.3611 0.4366 0.4848 0.4423 0.4610
2.0190 0.6420 2.3517 0.4476 0.4404 2.3598 0.4426 0.4837 0.4451 0.4611
2.0128 0.6428 2.3584 0.4468 0.4380 2.3570 0.4380 0.4879 0.4424 0.4616
2.0162 0.6482 2.3554 0.4539 0.4466 2.3632 0.4373 0.4813 0.4454 0.4633
2.0153 0.6469 2.3552 0.4498 0.4388 2.3567 0.4325 0.4806 0.4410 0.4588
2.0130 0.6495 2.3510 0.4555 0.4447 2.3525 0.4450 0.4886 0.4501 0.4656
2.0136 0.6512 2.3418 0.4645 0.4544 2.3814 0.4381 0.4780 0.4509 0.4659
2.0150 0.6408 2.3524 0.4543 0.4438 2.3656 0.4365 0.4883 0.4452 0.4650
2.0125 0.6437 2.3496 0.4592 0.4480 2.3795 0.4335 0.4767 0.4460 0.4619
2.0098 0.6507 2.3471 0.4650 0.4528 2.3863 0.4398 0.4955 0.4520 0.4732
2.0048 0.6530 2.3550 0.4553 0.4453 2.3434 0.4464 0.4947 0.4508 0.4687
2.0080 0.6476 2.3453 0.4663 0.4565 2.3699 0.4428 0.4952 0.4543 0.4751
2.0067 0.6520 2.3495 0.4505 0.4403 2.3535 0.4476 0.4965 0.4491 0.4667
2.0071 0.6474 2.3550 0.4461 0.4400 2.3595 0.4403 0.4904 0.4432 0.4639
2.0093 0.6460 2.3439 0.4493 0.4410 2.3573 0.4504 0.4947 0.4499 0.4663
