3.8538 0.0978 3.7301 0.1088 0.1069 3.6586 0.1043 0.1102 0.1065 0.1085
3.4130 0.2192 3.3578 0.2480 0.2449 3.4701 0.1332 0.1528 0.1733 0.1882
3.0352 0.3431 2.8838 0.4446 0.4307 3.3448 0.1556 0.2001 0.2305 0.2732
2.6918 0.4783 2.4753 0.5887 0.5725 3.1759 0.2181 0.2403 0.3183 0.3385
2.4279 0.5962 2.2131 0.6658 0.6557 3.0562 0.2855 0.3068 0.3996 0.4180
2.2541 0.6604 2.0548 0.7093 0.6977 2.9314 0.3358 0.3450 0.4558 0.4616
2.1477 0.7063 1.9280 0.7518 0.7362 2.9347 0.3038 0.3090 0.4327 0.4353
2.0662 0.7300 1.8704 0.7526 0.7415 2.8405 0.3540 0.3328 0.4815 0.4594
2.0044 0.7432 1.8033 0.7851 0.7678 2.8588 0.2975 0.2993 0.4315 0.4307
1.9703 0.7570 1.7762 0.7854 0.7705 2.8419 0.2938 0.3107 0.4277 0.4429
1.9440 0.7596 1.7390 0.8069 0.7930 2.7900 0.2942 0.2967 0.4312 0.4318
1.9032 0.7784 1.7297 0.7987 0.7844 2.7182 0.3219 0.3058 0.4588 0.4400
1.8862 0.7806 1.7048 0.8096 0.7905 2.8143 0.2807 0.3032 0.4168 0.4383
1.8734 0.7858 1.6913 0.8133 0.7942 2.7277 0.2913 0.2918 0.4290 0.4268
1.8707 0.7854 1.6948 0.8099 0.7925 2.7323 0.3087 0.3204 0.4471 0.4563
1.8645 0.7875 1.6958 0.8074 0.7967 2.7008 0.3459 0.3220 0.4843 0.4586
1.8539 0.7899 1.7063 0.7975 0.7901 2.6391 0.3616 0.3384 0.4975 0.4739
1.8559 0.7921 1.7035 0.7980 0.7872 2.6708 0.3566 0.3481 0.4930 0.4828
1.8430 0.7964 1.7106 0.8028 0.7880 2.6351 0.3595 0.3349 0.4966 0.4700
1.8486 0.7900 1.7218 0.7987 0.7847 2.6238 0.3702 0.3386 0.5059 0.4731
1.8583 0.7887 1.7272 0.7943 0.7824 2.6390 0.3643 0.3369 0.4995 0.4710
1.8586 0.7889 1.7356 0.7970 0.7877 2.6180 0.3688 0.3307 0.5042 0.4658
1.8652 0.7858 1.7463 0.7909 0.7763 2.6156 0.3784 0.3415 0.5119 0.4743
1.8713 0.7856 1.7624 0.7785 0.7668 2.5812 0.3929 0.3543 0.5222 0.4847
1.8713 0.7820 1.7792 0.7720 0.7620 2.5661 0.4097 0.3678 0.5353 0.4962
1.8761 0.7868 1.7855 0.7718 0.7586 2.5511 0.4235 0.3865 0.5469 0.5121
1.8884 0.7779 1.8041 0.7647 0.7542 2.5433 0.4343 0.3854 0.5540 0.5101
1.8929 0.7770 1.8066 0.7667 0.7510 2.5490 0.4186 0.3765 0.5415 0.5016
1.8966 0.7758 1.8216 0.7545 0.7423 2.5332 0.4350 0.3872 0.5518 0.5089
1.8929 0.7708 1.8335 0.7504 0.7316 2.5423 0.4431 0.3947 0.5572 0.5128
1.9044 0.7631 1.8481 0.7511 0.7372 2.5146 0.4413 0.3952 0.5560 0.5146
1.9098 0.7608 1.8507 0.7487 0.7387 2.5161 0.4362 0.3748 0.5513 0.4973
1.9106 0.7626 1.8636 0.7446 0.7300 2.5213 0.4524 0.3902 0.5629 0.5085
1.9223 0.7617 1.8724 0.7395 0.7279 2.5083 0.4488 0.4076 0.5586 0.5226
1.9226 0.7625 1.8862 0.7299 0.7172 2.5094 0.4510 0.4090 0.5575 0.5209
1.9300 0.7540 1.9025 0.7275 0.7149 2.4866 0.4561 0.4028 0.5607 0.5153
1.9436 0.7560 1.9067 0.7229 0.7125 2.4768 0.4707 0.4126 0.5702 0.5226
1.9418 0.7499 1.9134 0.7271 0.7134 2.4831 0.4618 0.4120 0.5648 0.5224
1.9470 0.7530 1.9217 0.7251 0.7106 2.5011 0.4563 0.3919 0.5601 0.5052
1.9523 0.7537 1.9336 0.7202 0.7077 2.4793 0.4604 0.3960 0.5617 0.5078
1.9578 0.7470 1.9424 0.7200 0.7074 2.4840 0.4662 0.4018 0.5659 0.5125
1.9522 0.7541 1.9500 0.7125 0.7004 2.4785 0.4709 0.4076 0.5670 0.5153
1.9600 0.7503 1.9586 0.7081 0.6993 2.4672 0.4809 0.4143 0.5728 0.5203
1.9670 0.7456 1.9621 0.7025 0.6933 2.4759 0.4844 0.4296 0.5734 0.5305
1.9654 0.7382 1.9709 0.6948 0.6822 2.4821 0.4821 0.4368 0.5693 0.5326
1.9681 0.7420 1.9843 0.6999 0.6869 2.4505 0.4700 0.4197 0.5624 0.5210
1.9794 0.7348 1.9828 0.6996 0.6896 2.4693 0.4572 0.4061 0.5530 0.5112
1.9791 0.7361 1.9915 0.6955 0.6830 2.4563 0.4745 0.4254 0.5642 0.5243
1.9807 0.7372 2.0045 0.6894 0.6806 2.4461 0.4985 0.4602 0.5786 0.5491
1.9849 0.7373 2.0023 0.6930 0.6846 2.4578 0.4711 0.4198 0.5609 0.5205
1.9845 0.7369 2.0071 0.6821 0.6716 2.4736 0.4774 0.4364 0.5617 0.5290
1.9909 0.7291 2.0135 0.6874 0.6712 2.4608 0.4859 0.4413 0.5693 0.5325
1.9949 0.7290 2.0124 0.6914 0.6745 2.4603 0.4831 0.4222 0.5688 0.5193
1.9939 0.7325 2.0127 0.6884 0.6725 2.4656 0.4901 0.4512 0.5725 0.5401
1.9967 0.7316 2.0165 0.6904 0.6763 2.4532 0.4849 0.4348 0.5697 0.5293
1.9915 0.7335 2.0261 0.6804 0.6640 2.4499 0.4860 0.4222 0.5670 0.5162
1.9955 0.7292 2.0326 0.6727 0.6643 2.4446 0.4926 0.4474 0.5687 0.5347
1.9984 0.7251 2.0344 0.6758 0.6582 2.4419 0.4915 0.4502 0.5691 0.5347
2.0002 0.7280 2.0400 0.6712 0.6607 2.4388 0.4927 0.4434 0.5683 0.5307
2.0062 0.7211 2.0423 0.6641 0.6539 2.4455 0.4834 0.4481 0.5595 0.5318
2.0033 0.7219 2.0406 0.6775 0.6657 2.4436 0.4806 0.4157 0.5623 0.5118
2.0008 0.7218 2.0410 0.6722 0.6578 2.4568 0.4767 0.4306 0.5578 0.5205
2.0008 0.7198 2.0537 0.6578 0.6496 2.4187 0.4908 0.4419 0.5622 0.5260
2.0017 0.7159 2.0477 0.6615 0.6460 2.4536 0.4821 0.4507 0.5577 0.5310
2.0034 0.7158 2.0507 0.6554 0.6448 2.4417 0.5012 0.4584 0.5680 0.5359
2.0000 0.7183 2.0482 0.6651 0.6504 2.4388 0.4838 0.4171 0.5601 0.5082
2.0032 0.7174 2.0542 0.6651 0.6517 2.4495 0.4715 0.4253 0.5518 0.5147
2.0082 0.7237 2.0492 0.6714 0.6585 2.4480 0.4852 0.4217 0.5633 0.5142
2.0018 0.7270 2.0527 0.6688 0.6526 2.4623 0.4777 0.4133 0.5573 0.5061
2.0053 0.7207 2.0565 0.6658 0.6569 2.4460 0.4884 0.4509 0.5635 0.5348
2.0032 0.7263 2.0575 0.6608 0.6520 2.4458 0.4927 0.4466 0.5645 0.5301
2.0054 0.7202 2.0560 0.6610 0.6496 2.4449 0.4841 0.4544 0.5589 0.5347
2.0000 0.7186 2.0553 0.6537 0.6394 2.4487 0.4766 0.4419 0.5512 0.5226
2.0109 0.7152 2.0610 0.6610 0.6459 2.4400 0.4692 0.4260 0.5488 0.5134
2.0046 0.7180 2.0532 0.6642 0.6532 2.4645 0.4594 0.4032 0.5431 0.4986
2.0050 0.7151 2.0586 0.6549 0.6387 2.4626 0.4692 0.4440 0.5467 0.5238
2.0057 0.7169 2.0607 0.6550 0.6423 2.4561 0.4772 0.4455 0.5521 0.5261
2.0074 0.7167 2.0603 0.6569 0.6453 2.4646 0.4637 0.4288 0.5436 0.5153
2.0061 0.7161 2.0606 0.6579 0.6399 2.4672 0.4725 0.4322 0.5500 0.5160
2.0022 0.7174 2.0599 0.6615 0.6477 2.4485 0.4695 0.4307 0.5492 0.5174
2.0062 0.7192 2.0640 0.6583 0.6454 2.4461 0.4649 0.4196 0.5450 0.5086
2.0097 0.7156 2.0542 0.6601 0.6456 2.4701 0.4666 0.4277 0.5467 0.5145
2.0008 0.7164 2.0589 0.6590 0.6454 2.4540 0.4657 0.4428 0.5457 0.5253
2.0012 0.7105 2.0567 0.6584 0.6415 2.4598 0.4618 0.4299 0.5428 0.5148
2.0019 0.7137 2.0627 0.6544 0.6413 2.4533 0.4735 0.4377 0.5494 0.5203
1.9989 0.7092 2.0647 0.6464 0.6289 2.4526 0.4734 0.4420 0.5465 0.5191
2.0028 0.7125 2.0649 0.6513 0.6374 2.4589 0.4820 0.4458 0.5540 0.5246
2.0021 0.7132 2.0615 0.6562 0.6428 2.4706 0.4700 0.4287 0.5477 0.5144
2.0005 0.7124 2.0674 0.6522 0.6415 2.4271 0.4710 0.4247 0.5470 0.5111
2.0003 0.7162 2.0581 0.6588 0.6464 2.4664 0.4543 0.4075 0.5378 0.4999
2.0020 0.7120 2.0550 0.6618 0.6479 2.4785 0.4556 0.4093 0.5397 0.5017
1.9989 0.7143 2.0634 0.6467 0.6341 2.4708 0.4606 0.4204 0.5380 0.5056
2.0010 0.7166 2.0639 0.6544 0.6402 2.4478 0.4747 0.4291 0.5502 0.5138
2.0032 0.7144 2.0589 0.6581 0.6459 2.4740 0.4600 0.4285 0.5415 0.5152
1.9936 0.7234 2.0567 0.6505 0.6394 2.4643 0.4654 0.4261 0.5426 0.5114
1.9935 0.7193 2.0538 0.6608 0.6511 2.4565 0.4772 0.4374 0.5542 0.5233
1.9884 0.7238 2.0581 0.6527 0.6418 2.4740 0.4558 0.4249 0.5368 0.5113
1.9923 0.7128 2.0549 0.6593 0.6466 2.4572 0.4566 0.4280 0.5395 0.5151
1.9919 0.7153 2.0599 0.6539 0.6420 2.4555 0.4616 0.4254 0.5412 0.5117
1.9863 0.7187 2.0600 0.6499 0.6384 2.4573 0.4500 0.4044 0.5318 0.4951
