3.7723 0.1090 3.6977 0.1251 0.1102 3.4640 0.1225 0.1924 0.1238 0.1402
3.2540 0.3100 3.1606 0.3541 0.3191 3.2123 0.2172 0.3047 0.2693 0.3117
2.7889 0.4795 2.6244 0.5185 0.4945 3.0635 0.2816 0.3029 0.3650 0.3756
2.4614 0.5743 2.2798 0.6297 0.6078 2.9384 0.3158 0.3126 0.4207 0.4129
2.2456 0.6508 2.0688 0.6938 0.6706 2.8870 0.3458 0.3385 0.4615 0.4499
2.1155 0.6904 1.9385 0.7258 0.7119 2.8213 0.3619 0.3342 0.4830 0.4549
2.0387 0.7165 1.8605 0.7373 0.7266 2.7795 0.3561 0.3215 0.4803 0.4457
1.9730 0.7362 1.7849 0.7669 0.7505 2.7621 0.3431 0.3198 0.4741 0.4484
1.9318 0.7448 1.7539 0.7754 0.7680 2.7355 0.3512 0.3148 0.4834 0.4466
1.8913 0.7603 1.7235 0.7844 0.7777 2.6944 0.3509 0.3070 0.4849 0.4403
1.8664 0.7798 1.7027 0.7863 0.7777 2.6572 0.3653 0.3194 0.4989 0.4529
1.8473 0.7800 1.6933 0.7902 0.7827 2.6444 0.3784 0.3317 0.5117 0.4659
1.8249 0.7837 1.7009 0.7812 0.7776 2.6146 0.3827 0.3376 0.5137 0.4708
1.8280 0.7861 1.6760 0.7992 0.7839 2.6332 0.3492 0.3253 0.4860 0.4598
1.8262 0.7914 1.6811 0.7984 0.7868 2.6140 0.3474 0.3162 0.4841 0.4511
1.8198 0.7876 1.6815 0.7960 0.7858 2.6322 0.3651 0.3375 0.5006 0.4722
1.8266 0.7903 1.7041 0.7900 0.7840 2.5709 0.3837 0.3388 0.5165 0.4731
1.8149 0.7983 1.7082 0.7877 0.7859 2.6074 0.3576 0.3194 0.4919 0.4542
1.8261 0.7965 1.7115 0.7919 0.7858 2.6081 0.3732 0.3467 0.5073 0.4811
1.8287 0.7936 1.7240 0.7890 0.7833 2.5835 0.3833 0.3396 0.5159 0.4738
1.8266 0.7990 1.7299 0.7849 0.7796 2.6125 0.3665 0.3341 0.4997 0.4677
1.8406 0.7949 1.7406 0.7890 0.7812 2.5979 0.3599 0.3323 0.4943 0.4662
1.8381 0.7959 1.7563 0.7764 0.7673 2.5964 0.3720 0.3407 0.5030 0.4718
1.8484 0.7862 1.7685 0.7686 0.7588 2.5835 0.3886 0.3592 0.5162 0.4876
1.8451 0.7913 1.7846 0.7717 0.7634 2.5890 0.3799 0.3565 0.5091 0.4860
1.8565 0.7862 1.7877 0.7696 0.7581 2.5512 0.3966 0.3567 0.5234 0.4852
1.8612 0.7843 1.7963 0.7674 0.7581 2.5601 0.3963 0.3584 0.5227 0.4867
1.8710 0.7849 1.8033 0.7768 0.7660 2.5453 0.4113 0.3614 0.5379 0.4911
1.8737 0.7864 1.8201 0.7608 0.7535 2.5605 0.4071 0.3733 0.5303 0.4993
1.8828 0.7780 1.8276 0.7584 0.7505 2.5562 0.3929 0.3546 0.5176 0.4817
1.8932 0.7689 1.8431 0.7593 0.7503 2.5573 0.4031 0.3681 0.5266 0.4939
1.9000 0.7755 1.8545 0.7531 0.7413 2.5443 0.4093 0.3811 0.5304 0.5034
1.8994 0.7766 1.8661 0.7409 0.7334 2.5547 0.4107 0.3715 0.5285 0.4932
1.9124 0.7696 1.8754 0.7504 0.7430 2.5504 0.4188 0.3694 0.5376 0.4935
1.9131 0.7745 1.8861 0.7358 0.7305 2.5384 0.4167 0.3684 0.5320 0.4898
1.9158 0.7709 1.9013 0.7324 0.7196 2.5228 0.4217 0.3671 0.5352 0.4862
1.9200 0.7688 1.9043 0.7392 0.7297 2.5566 0.4106 0.3729 0.5279 0.4935
1.9292 0.7691 1.9166 0.7304 0.7208 2.5754 0.4058 0.3849 0.5217 0.5018
1.9322 0.7608 1.9253 0.7290 0.7218 2.5376 0.4226 0.3778 0.5350 0.4960
1.9299 0.7670 1.9343 0.7180 0.7094 2.5328 0.4208 0.3822 0.5306 0.4967
1.9387 0.7561 1.9387 0.7222 0.7111 2.5353 0.4202 0.3799 0.5313 0.4952
1.9402 0.7638 1.9480 0.7205 0.7117 2.5409 0.4172 0.3737 0.5284 0.4900
1.9489 0.7620 1.9529 0.7198 0.7085 2.5241 0.4204 0.3742 0.5308 0.4897
1.9503 0.7592 1.9649 0.7120 0.7002 2.5233 0.4203 0.3820 0.5286 0.4943
1.9520 0.7567 1.9720 0.7067 0.6976 2.5151 0.4202 0.3673 0.5270 0.4812
1.9597 0.7509 1.9716 0.7076 0.6962 2.5500 0.4029 0.3650 0.5134 0.4790
1.9542 0.7531 1.9805 0.7030 0.6908 2.5658 0.3897 0.3614 0.5015 0.4745
1.9612 0.7472 1.9811 0.7050 0.6947 2.5480 0.3988 0.3661 0.5095 0.4795
1.9702 0.7515 1.9861 0.7033 0.6933 2.5583 0.3913 0.3570 0.5028 0.4713
1.9700 0.7472 2.0021 0.7015 0.6953 2.5376 0.4067 0.3668 0.5149 0.4802
1.9765 0.7485 1.9970 0.7061 0.6924 2.5438 0.3985 0.3687 0.5094 0.4811
1.9680 0.7485 2.0061 0.7042 0.6942 2.5261 0.4064 0.3649 0.5154 0.4783
1.9858 0.7426 2.0028 0.7140 0.7031 2.5624 0.3886 0.3570 0.5033 0.4736
1.9786 0.7516 2.0067 0.7069 0.6922 2.5480 0.3957 0.3644 0.5074 0.4774
1.9780 0.7469 2.0132 0.7016 0.6887 2.5392 0.3973 0.3728 0.5073 0.4837
1.9766 0.7485 2.0167 0.6969 0.6842 2.5382 0.3966 0.3571 0.5055 0.4693
1.9783 0.7460 2.0228 0.6921 0.6753 2.5335 0.3978 0.3620 0.5052 0.4714
1.9857 0.7362 2.0208 0.6964 0.6810 2.5391 0.3964 0.3638 0.5052 0.4742
1.9864 0.7424 2.0200 0.6972 0.6818 2.5398 0.3952 0.3577 0.5044 0.4692
1.9852 0.7369 2.0269 0.6926 0.6795 2.5506 0.3865 0.3609 0.4961 0.4714
1.9830 0.7459 2.0349 0.6931 0.6820 2.5359 0.3915 0.3639 0.5004 0.4745
1.9848 0.7459 2.0306 0.6955 0.6834 2.5597 0.3863 0.3567 0.4967 0.4688
1.9899 0.7367 2.0385 0.6880 0.6760 2.5242 0.3947 0.3683 0.5016 0.4768
1.9942 0.7370 2.0395 0.6926 0.6817 2.5396 0.3910 0.3579 0.4998 0.4694
1.9932 0.7399 2.0401 0.6991 0.6872 2.5483 0.3930 0.3553 0.5032 0.4685
1.9874 0.7420 2.0480 0.6957 0.6837 2.5376 0.3904 0.3653 0.5001 0.4762
1.9930 0.7434 2.0367 0.6994 0.6849 2.5474 0.3868 0.3579 0.4981 0.4702
1.9888 0.7392 2.0341 0.6965 0.6818 2.5604 0.3771 0.3487 0.4893 0.4614
1.9868 0.7409 2.0446 0.6899 0.6763 2.5475 0.3828 0.3650 0.4924 0.4742
1.9885 0.7403 2.0422 0.6902 0.6764 2.5565 0.3798 0.3514 0.4900 0.4625
1.9933 0.7410 2.0477 0.6906 0.6790 2.5461 0.3835 0.3520 0.4932 0.4636
1.9900 0.7381 2.0440 0.6919 0.6771 2.5492 0.3830 0.3549 0.4931 0.4657
1.9900 0.7383 2.0507 0.6868 0.6718 2.5401 0.3835 0.3591 0.4922 0.4680
1.9814 0.7402 2.0516 0.6845 0.6699 2.5522 0.3794 0.3552 0.4882 0.4642
1.9901 0.7383 2.0436 0.6960 0.6805 2.5403 0.3838 0.3587 0.4948 0.4698
1.9906 0.7386 2.0452 0.6994 0.6854 2.5397 0.3856 0.3611 0.4971 0.4730
1.9935 0.7372 2.0470 0.6979 0.6839 2.5545 0.3774 0.3549 0.4898 0.4673
1.9859 0.7435 2.0471 0.6938 0.6808 2.5575 0.3763 0.3528 0.4880 0.4648
1.9889 0.7398 2.0482 0.6925 0.6780 2.5521 0.3768 0.3522 0.4881 0.4636
1.9883 0.7450 2.0505 0.6887 0.6776 2.5373 0.3824 0.3509 0.4918 0.4624
1.9897 0.7350 2.0515 0.6860 0.6734 2.5441 0.3766 0.3538 0.4862 0.4639
1.9815 0.7395 2.0595 0.6811 0.6679 2.5491 0.3742 0.3501 0.4830 0.4594
1.9904 0.7355 2.0568 0.6821 0.6724 2.5379 0.3750 0.3421 0.4839 0.4535
1.9916 0.7315 2.0583 0.6804 0.6666 2.5307 0.3900 0.3667 0.4958 0.4732
1.9866 0.7362 2.0543 0.6807 0.6667 2.5456 0.3795 0.3526 0.4873 0.4613
1.9842 0.7353 2.0544 0.6891 0.6770 2.5400 0.3867 0.3561 0.4954 0.4667
1.9802 0.7405 2.0516 0.6867 0.6726 2.5459 0.3767 0.3540 0.4865 0.4639
1.9847 0.7366 2.0573 0.6782 0.6658 2.5160 0.3983 0.3721 0.5019 0.4774
1.9834 0.7334 2.0525 0.6863 0.6721 2.5257 0.3919 0.3626 0.4989 0.4711
1.9822 0.7392 2.0556 0.6841 0.6718 2.5406 0.3844 0.3559 0.4922 0.4653
1.9784 0.7368 2.0529 0.6811 0.6683 2.5524 0.3753 0.3541 0.4840 0.4629
1.9726 0.7388 2.0514 0.6855 0.6702 2.5445 0.3786 0.3469 0.4878 0.4572
1.9806 0.7340 2.0492 0.6904 0.6752 2.5540 0.3817 0.3513 0.4916 0.4622
1.9746 0.7379 2.0423 0.6880 0.6766 2.5772 0.3680 0.3397 0.4795 0.4523
1.9837 0.7238 2.0525 0.6836 0.6711 2.5405 0.3780 0.3538 0.4868 0.4633
1.9793 0.7418 2.0471 0.6906 0.6769 2.5485 0.3695 0.3480 0.4814 0.4596
1.9785 0.7425 2.0518 0.6891 0.6758 2.5271 0.3839 0.3536 0.4931 0.4643
1.9720 0.7380 2.0469 0.6870 0.6742 2.5439 0.3777 0.3523 0.4875 0.4628
1.9762 0.7355 2.0465 0.6855 0.6699 2.5511 0.3758 0.3382 0.4855 0.4495
1.9712 0.7406 2.0514 0.6840 0.6693 2.5647 0.3729 0.3484 0.4827 0.4583
