3.7998 0.1125 3.7236 0.1146 0.1272 3.5168 0.1398 0.2091 0.1259 0.1582
3.2854 0.3124 3.2287 0.3405 0.3400 3.2525 0.2346 0.2504 0.2778 0.2884
2.8830 0.4720 2.7343 0.5102 0.4887 3.1170 0.2501 0.2584 0.3357 0.3381
2.5634 0.5789 2.3601 0.6251 0.6011 3.0462 0.2593 0.2356 0.3666 0.3385
2.3381 0.6551 2.1279 0.6923 0.6726 2.9801 0.2816 0.2383 0.4003 0.3519
2.2009 0.6965 1.9924 0.7331 0.7189 2.9462 0.2463 0.2204 0.3687 0.3374
2.1105 0.7317 1.8938 0.7690 0.7537 2.9227 0.2402 0.2146 0.3661 0.3341
2.0385 0.7523 1.8332 0.7780 0.7667 2.8643 0.2653 0.2370 0.3956 0.3621
1.9867 0.7571 1.7735 0.7967 0.7848 2.8619 0.2587 0.2455 0.3906 0.3740
1.9391 0.7757 1.7624 0.7943 0.7895 2.8024 0.2847 0.2594 0.4192 0.3904
1.9105 0.7785 1.7275 0.8004 0.7856 2.8005 0.2715 0.2576 0.4054 0.3880
1.8965 0.7796 1.6991 0.8189 0.8085 2.8031 0.2795 0.2530 0.4168 0.3854
1.8738 0.7923 1.7054 0.8106 0.8004 2.7373 0.2840 0.2653 0.4206 0.3985
1.8570 0.8015 1.6976 0.8120 0.8041 2.7467 0.2980 0.2689 0.4360 0.4030
1.8526 0.7959 1.6881 0.8123 0.8021 2.7245 0.3046 0.2794 0.4430 0.4144
1.8429 0.7995 1.7018 0.8064 0.7939 2.7085 0.3180 0.2927 0.4561 0.4277
1.8398 0.8040 1.7140 0.8036 0.7977 2.7003 0.3211 0.2851 0.4589 0.4201
1.8470 0.7987 1.7177 0.7982 0.7875 2.6752 0.3202 0.2953 0.4571 0.4296
1.8411 0.8026 1.7153 0.8052 0.7915 2.7057 0.3010 0.2907 0.4382 0.4252
1.8518 0.7973 1.7308 0.7973 0.7842 2.6695 0.3296 0.3042 0.4664 0.4384
1.8556 0.7973 1.7399 0.7996 0.7880 2.6816 0.3372 0.3090 0.4743 0.4439
1.8592 0.7943 1.7597 0.7887 0.7787 2.6180 0.3589 0.3245 0.4933 0.4581
1.8679 0.7911 1.7680 0.7962 0.7895 2.6600 0.3431 0.3183 0.4795 0.4537
1.8701 0.7979 1.7742 0.7929 0.7793 2.6638 0.3435 0.3074 0.4793 0.4409
1.8782 0.7927 1.7892 0.7875 0.7719 2.6240 0.3691 0.3301 0.5027 0.4624
1.8850 0.7826 1.8044 0.7873 0.7732 2.6095 0.3798 0.3510 0.5124 0.4829
1.8941 0.7850 1.8072 0.7829 0.7675 2.6181 0.3665 0.3354 0.4993 0.4668
1.8939 0.7880 1.8195 0.7837 0.7700 2.6156 0.3717 0.3314 0.5042 0.4634
1.9005 0.7868 1.8287 0.7746 0.7532 2.6002 0.3774 0.3366 0.5075 0.4653
1.8998 0.7820 1.8522 0.7657 0.7493 2.5825 0.3823 0.3572 0.5100 0.4838
1.9160 0.7749 1.8508 0.7707 0.7524 2.6255 0.3780 0.3631 0.5072 0.4898
1.9203 0.7751 1.8635 0.7640 0.7512 2.5917 0.3945 0.3591 0.5204 0.4860
1.9248 0.7757 1.8764 0.7572 0.7381 2.5869 0.3928 0.3700 0.5172 0.4929
1.9298 0.7752 1.8839 0.7574 0.7402 2.5749 0.3907 0.3571 0.5155 0.4817
1.9272 0.7726 1.8918 0.7535 0.7370 2.5782 0.3896 0.3648 0.5136 0.4880
1.9336 0.7682 1.9022 0.7482 0.7304 2.5598 0.4052 0.3845 0.5257 0.5038
1.9387 0.7703 1.8964 0.7584 0.7405 2.5932 0.3911 0.3606 0.5161 0.4850
1.9391 0.7665 1.9058 0.7537 0.7381 2.5823 0.3918 0.3627 0.5155 0.4864
1.9411 0.7693 1.9172 0.7474 0.7352 2.5755 0.4025 0.3738 0.5232 0.4956
1.9413 0.7713 1.9318 0.7385 0.7236 2.5482 0.4117 0.3871 0.5287 0.5043
1.9488 0.7683 1.9328 0.7401 0.7233 2.5575 0.4087 0.3879 0.5266 0.5050
1.9472 0.7689 1.9442 0.7370 0.7187 2.5460 0.4083 0.3817 0.5255 0.4986
1.9540 0.7603 1.9441 0.7375 0.7206 2.5731 0.4035 0.3803 0.5216 0.4979
1.9558 0.7604 1.9483 0.7401 0.7205 2.5551 0.4110 0.3723 0.5285 0.4909
1.9638 0.7606 1.9572 0.7322 0.7156 2.5427 0.4079 0.3805 0.5240 0.4969
1.9637 0.7579 1.9668 0.7312 0.7131 2.5402 0.4177 0.3973 0.5317 0.5103
1.9675 0.7638 1.9661 0.7305 0.7127 2.5557 0.4024 0.3753 0.5189 0.4917
1.9720 0.7580 1.9733 0.7285 0.7117 2.5577 0.4072 0.3822 0.5224 0.4973
1.9662 0.7574 1.9820 0.7275 0.7078 2.5446 0.4073 0.3855 0.5222 0.4991
1.9767 0.7531 1.9836 0.7248 0.7048 2.5267 0.4143 0.3891 0.5272 0.5014
1.9707 0.7623 1.9871 0.7205 0.7009 2.5407 0.4069 0.3839 0.5201 0.4961
1.9750 0.7552 1.9848 0.7273 0.7086 2.5411 0.4127 0.3790 0.5266 0.4939
1.9780 0.7481 2.0013 0.7120 0.6937 2.5056 0.4149 0.3806 0.5243 0.4916
1.9779 0.7551 1.9990 0.7135 0.6929 2.5386 0.4124 0.3879 0.5227 0.4973
1.9833 0.7460 1.9984 0.7152 0.6959 2.5319 0.4163 0.3851 0.5263 0.4958
1.9827 0.7510 2.0018 0.7154 0.6952 2.5247 0.4130 0.3828 0.5237 0.4937
1.9845 0.7511 2.0032 0.7183 0.6984 2.5189 0.4115 0.3797 0.5232 0.4919
1.9806 0.7564 2.0043 0.7188 0.7006 2.5383 0.4022 0.3795 0.5158 0.4924
1.9815 0.7528 2.0107 0.7161 0.6962 2.5349 0.4106 0.3863 0.5219 0.4969
1.9814 0.7545 2.0119 0.7185 0.7017 2.5194 0.4045 0.3773 0.5176 0.4907
1.9830 0.7518 2.0166 0.7105 0.6945 2.5321 0.4107 0.3811 0.5205 0.4921
1.9814 0.7509 2.0147 0.7118 0.6885 2.5330 0.4079 0.3864 0.5186 0.4950
1.9828 0.7498 2.0189 0.7078 0.6887 2.5134 0.4150 0.3883 0.5232 0.4966
1.9893 0.7448 2.0231 0.7052 0.6885 2.4985 0.4131 0.3709 0.5210 0.4821
1.9903 0.7490 2.0314 0.6993 0.6818 2.4913 0.4145 0.3785 0.5205 0.4867
1.9850 0.7440 2.0259 0.7096 0.6919 2.5186 0.4073 0.3808 0.5175 0.4913
1.9880 0.7373 2.0354 0.7020 0.6866 2.5166 0.4082 0.3808 0.5162 0.4899
1.9908 0.7455 2.0409 0.6969 0.6837 2.5027 0.4110 0.3869 0.5170 0.4942
1.9854 0.7478 2.0343 0.7030 0.6852 2.5100 0.4169 0.3917 0.5234 0.4984
1.9859 0.7466 2.0353 0.7016 0.6859 2.5143 0.4103 0.3800 0.5178 0.4891
1.9828 0.7425 2.0299 0.7067 0.6920 2.5348 0.4011 0.3694 0.5118 0.4816
1.9899 0.7421 2.0350 0.6993 0.6837 2.5256 0.4058 0.3785 0.5136 0.4872
1.9851 0.7440 2.0379 0.6969 0.6816 2.5181 0.4035 0.3752 0.5111 0.4840
1.9875 0.7470 2.0443 0.6967 0.6813 2.5207 0.4052 0.3738 0.5124 0.4828
1.9915 0.7384 2.0343 0.6996 0.6844 2.5257 0.4036 0.3737 0.5119 0.4835
1.9889 0.7446 2.0366 0.6936 0.6800 2.5236 0.3992 0.3692 0.5068 0.4786
1.9862 0.7412 2.0367 0.6925 0.6778 2.5068 0.4036 0.3671 0.5100 0.4762
1.9882 0.7386 2.0351 0.6942 0.6768 2.5208 0.4081 0.3759 0.5140 0.4834
1.9861 0.7362 2.0415 0.6884 0.6720 2.4888 0.4196 0.3788 0.5214 0.4845
1.9821 0.7374 2.0388 0.6943 0.6793 2.5190 0.3995 0.3684 0.5072 0.4777
1.9866 0.7386 2.0415 0.6901 0.6748 2.5202 0.4011 0.3619 0.5073 0.4712
1.9780 0.7430 2.0470 0.6843 0.6709 2.5067 0.4039 0.3814 0.5080 0.4863
1.9862 0.7400 2.0425 0.6960 0.6819 2.5196 0.3990 0.3698 0.5072 0.4796
1.9834 0.7418 2.0403 0.6879 0.6731 2.5235 0.3964 0.3761 0.5030 0.4826
1.9812 0.7418 2.0499 0.6845 0.6706 2.4847 0.4183 0.3901 0.5193 0.4933
1.9821 0.7436 2.0374 0.7015 0.6886 2.5308 0.3937 0.3660 0.5043 0.4779
1.9847 0.7406 2.0396 0.6993 0.6822 2.5137 0.4028 0.3701 0.5111 0.4799
1.9818 0.7450 2.0429 0.6906 0.6750 2.5388 0.3953 0.3701 0.5028 0.4781
1.9859 0.7401 2.0426 0.6855 0.6713 2.5179 0.3988 0.3693 0.5043 0.4765
1.9790 0.7383 2.0400 0.6899 0.6718 2.5031 0.4004 0.3654 0.5067 0.4734
1.9798 0.7372 2.0417 0.6845 0.6703 2.5080 0.4010 0.3682 0.5057 0.4753
1.9777 0.7386 2.0452 0.6860 0.6718 2.5192 0.3958 0.3664 0.5020 0.4742
1.9809 0.7329 2.0415 0.6889 0.6729 2.5140 0.3926 0.3532 0.5002 0.4632
1.9783 0.7401 2.0390 0.6879 0.6726 2.5224 0.3930 0.3638 0.5002 0.4722
1.9765 0.7372 2.0440 0.6811 0.6684 2.5176 0.3944 0.3693 0.4995 0.4758
1.9836 0.7337 2.0419 0.6899 0.6768 2.5063 0.4038 0.3719 0.5094 0.4800
1.9758 0.7338 2.0385 0.6902 0.6771 2.5224 0.3948 0.3584 0.5023 0.4687
1.9767 0.7386 2.0440 0.6857 0.6730 2.5223 0.3906 0.3530 0.4977 0.4631
1.9784 0.7404 2.0424 0.6885 0.6759 2.5096 0.3962 0.3683 0.5030 0.4768
1.9747 0.7385 2.0374 0.6880 0.6729 2.5226 0.3953 0.3651 0.5021 0.4734
