3.8003 0.1163 3.7302 0.0961 0.0860 3.4608 0.1662 0.2004 0.1217 0.1204
3.3360 0.2767 3.2829 0.3079 0.2791 3.2498 0.2388 0.2768 0.2690 0.2779
2.9446 0.4411 2.7999 0.4859 0.4624 3.1492 0.2476 0.2667 0.3280 0.3383
2.5944 0.5587 2.4141 0.5957 0.5723 2.9668 0.3111 0.2883 0.4088 0.3834
2.3638 0.6343 2.1674 0.6804 0.6614 2.9514 0.2889 0.2790 0.4056 0.3925
2.1987 0.6824 2.0017 0.7275 0.7058 2.8972 0.3176 0.2923 0.4421 0.4134
2.0937 0.7075 1.9123 0.7574 0.7473 2.8241 0.3166 0.2907 0.4465 0.4185
2.0189 0.7499 1.8296 0.7829 0.7626 2.7993 0.3296 0.2995 0.4639 0.4301
1.9745 0.7572 1.7825 0.7970 0.7799 2.7486 0.3214 0.3078 0.4580 0.4414
1.9440 0.7660 1.7558 0.8108 0.7924 2.7132 0.3429 0.3249 0.4819 0.4609
1.9057 0.7823 1.7416 0.7999 0.7865 2.6711 0.3720 0.3417 0.5079 0.4764
1.8906 0.7779 1.7309 0.8081 0.7907 2.6665 0.3695 0.3475 0.5071 0.4828
1.8823 0.7858 1.7078 0.8184 0.8014 2.6542 0.3717 0.3375 0.5112 0.4750
1.8670 0.7910 1.7075 0.8176 0.8058 2.6373 0.3724 0.3365 0.5117 0.4748
1.8658 0.7930 1.7163 0.8069 0.7989 2.5887 0.4059 0.3467 0.5401 0.4836
1.8511 0.7976 1.7080 0.8166 0.8033 2.6001 0.3911 0.3448 0.5289 0.4825
1.8462 0.7979 1.7151 0.8070 0.7901 2.5662 0.4212 0.3721 0.5535 0.5060
1.8423 0.8000 1.7128 0.8125 0.7954 2.5468 0.4231 0.3683 0.5564 0.5035
1.8519 0.8005 1.7178 0.8116 0.7969 2.5448 0.4198 0.3646 0.5534 0.5003
1.8456 0.8036 1.7430 0.7965 0.7824 2.5074 0.4519 0.3877 0.5767 0.5185
1.8531 0.7960 1.7424 0.7928 0.7788 2.5231 0.4485 0.3788 0.5729 0.5097
1.8568 0.7988 1.7600 0.7909 0.7728 2.5128 0.4384 0.3770 0.5641 0.5068
1.8617 0.7916 1.7612 0.7929 0.7754 2.5107 0.4505 0.3929 0.5746 0.5215
1.8671 0.7909 1.7739 0.7890 0.7739 2.5047 0.4544 0.3887 0.5767 0.5175
1.8663 0.7893 1.7917 0.7827 0.7682 2.5078 0.4528 0.3786 0.5737 0.5072
1.8772 0.7886 1.8076 0.7735 0.7569 2.4880 0.4696 0.4025 0.5844 0.5256
1.8828 0.7850 1.8225 0.7686 0.7557 2.4954 0.4604 0.3919 0.5758 0.5161
1.8994 0.7800 1.8242 0.7720 0.7554 2.5222 0.4470 0.3996 0.5662 0.5227
1.8963 0.7834 1.8448 0.7562 0.7403 2.4795 0.4800 0.4182 0.5872 0.5345
1.9015 0.7773 1.8543 0.7547 0.7371 2.4841 0.4846 0.4123 0.5902 0.5288
1.9102 0.7755 1.8595 0.7552 0.7375 2.4624 0.5094 0.4265 0.6084 0.5404
1.9112 0.7748 1.8690 0.7569 0.7419 2.4797 0.4910 0.4109 0.5956 0.5288
1.9211 0.7725 1.8852 0.7486 0.7343 2.4691 0.5137 0.4266 0.6093 0.5397
1.9257 0.7775 1.8887 0.7560 0.7395 2.4883 0.4954 0.4220 0.5986 0.5374
1.9306 0.7702 1.8992 0.7431 0.7245 2.4794 0.4940 0.4217 0.5935 0.5331
1.9339 0.7671 1.9107 0.7416 0.7253 2.4706 0.4941 0.4086 0.5931 0.5227
1.9377 0.7710 1.9212 0.7309 0.7159 2.4496 0.5159 0.4249 0.6048 0.5333
1.9449 0.7615 1.9263 0.7321 0.7166 2.4538 0.5166 0.4277 0.6058 0.5357
1.9492 0.7619 1.9342 0.7270 0.7101 2.4574 0.5031 0.4230 0.5947 0.5302
1.9539 0.7606 1.9413 0.7271 0.7089 2.4730 0.5094 0.4339 0.5991 0.5383
1.9560 0.7580 1.9429 0.7259 0.7068 2.4728 0.5002 0.4160 0.5923 0.5238
1.9623 0.7567 1.9559 0.7197 0.7031 2.4631 0.4960 0.4082 0.5873 0.5165
1.9641 0.7565 1.9668 0.7215 0.7038 2.4510 0.5036 0.4255 0.5932 0.5304
1.9635 0.7579 1.9686 0.7181 0.7009 2.4397 0.5114 0.4249 0.5974 0.5291
1.9702 0.7493 1.9650 0.7237 0.7025 2.4750 0.4820 0.4140 0.5786 0.5210
1.9693 0.7529 1.9731 0.7132 0.6966 2.4523 0.5116 0.4225 0.5958 0.5260
1.9749 0.7532 1.9821 0.7181 0.6981 2.4628 0.4978 0.4188 0.5880 0.5235
1.9778 0.7509 1.9830 0.7137 0.6963 2.4491 0.5107 0.4235 0.5954 0.5266
1.9728 0.7520 1.9925 0.7028 0.6879 2.4564 0.5195 0.4391 0.5974 0.5361
1.9792 0.7476 1.9961 0.7067 0.6909 2.4463 0.5060 0.4256 0.5898 0.5267
1.9825 0.7509 2.0121 0.6931 0.6760 2.4348 0.5119 0.4373 0.5889 0.5311
1.9793 0.7481 2.0090 0.6928 0.6800 2.4416 0.5156 0.4234 0.5912 0.5219
1.9793 0.7456 2.0114 0.6955 0.6818 2.4357 0.5212 0.4275 0.5958 0.5255
1.9831 0.7452 2.0102 0.7028 0.6851 2.4474 0.4994 0.4101 0.5839 0.5131
1.9827 0.7444 2.0175 0.6902 0.6750 2.4303 0.5258 0.4328 0.5969 0.5274
1.9895 0.7347 2.0183 0.6936 0.6768 2.4272 0.5210 0.4297 0.5951 0.5257
1.9891 0.7442 2.0155 0.6967 0.6819 2.4498 0.5069 0.4190 0.5868 0.5191
1.9886 0.7407 2.0273 0.6875 0.6734 2.4429 0.5084 0.4197 0.5845 0.5171
1.9835 0.7428 2.0280 0.6838 0.6676 2.4380 0.5073 0.4301 0.5824 0.5231
1.9870 0.7380 2.0189 0.6962 0.6797 2.4343 0.5113 0.4226 0.5896 0.5211
1.9881 0.7397 2.0186 0.6930 0.6752 2.4396 0.5085 0.4258 0.5866 0.5222
1.9932 0.7364 2.0215 0.6887 0.6735 2.4558 0.4985 0.4168 0.5784 0.5149
1.9894 0.7405 2.0210 0.6967 0.6765 2.4506 0.4939 0.4168 0.5780 0.5158
1.9902 0.7443 2.0240 0.6931 0.6756 2.4497 0.4996 0.4121 0.5806 0.5120
1.9838 0.7437 2.0306 0.6824 0.6656 2.4255 0.5022 0.4179 0.5786 0.5134
1.9946 0.7360 2.0323 0.6797 0.6643 2.4356 0.5026 0.4217 0.5779 0.5159
1.9902 0.7390 2.0300 0.6792 0.6628 2.4392 0.5015 0.4291 0.5769 0.5209
1.9866 0.7374 2.0275 0.6931 0.6765 2.4465 0.5001 0.4279 0.5810 0.5242
1.9874 0.7426 2.0249 0.6897 0.6729 2.4520 0.4912 0.4187 0.5738 0.5162
1.9820 0.7395 2.0245 0.6942 0.6760 2.4439 0.4864 0.4145 0.5720 0.5139
1.9863 0.7431 2.0238 0.6938 0.6757 2.4470 0.4865 0.4166 0.5720 0.5154
1.9861 0.7441 2.0339 0.6870 0.6680 2.4449 0.4854 0.4130 0.5689 0.5104
1.9842 0.7402 2.0333 0.6867 0.6692 2.4579 0.4779 0.4098 0.5636 0.5083
1.9801 0.7438 2.0329 0.6885 0.6717 2.4487 0.4819 0.4210 0.5670 0.5176
1.9800 0.7445 2.0267 0.6928 0.6743 2.4661 0.4638 0.4032 0.5556 0.5047
1.9857 0.7366 2.0352 0.6838 0.6698 2.4386 0.4801 0.4023 0.5641 0.5027
1.9900 0.7350 2.0336 0.6785 0.6623 2.4379 0.4868 0.4108 0.5669 0.5071
1.9837 0.7366 2.0339 0.6800 0.6611 2.4456 0.4844 0.4165 0.5658 0.5110
1.9825 0.7338 2.0263 0.6795 0.6632 2.4503 0.4667 0.4030 0.5534 0.5014
1.9814 0.7338 2.0309 0.6782 0.6579 2.4503 0.4700 0.4296 0.5552 0.5198
1.9779 0.7350 2.0300 0.6766 0.6582 2.4588 0.4640 0.4075 0.5505 0.5034
1.9749 0.7382 2.0302 0.6851 0.6680 2.4418 0.4659 0.4070 0.5547 0.5058
1.9813 0.7335 2.0254 0.6885 0.6715 2.4708 0.4585 0.3987 0.5504 0.5003
1.9783 0.7370 2.0307 0.6826 0.6649 2.4560 0.4585 0.4085 0.5485 0.5061
1.9743 0.7381 2.0284 0.6862 0.6703 2.4608 0.4637 0.4072 0.5534 0.5066
1.9756 0.7390 2.0376 0.6783 0.6635 2.4415 0.4620 0.4001 0.5497 0.4992
1.9730 0.7354 2.0285 0.6816 0.6667 2.4808 0.4376 0.3942 0.5330 0.4954
1.9770 0.7373 2.0379 0.6765 0.6623 2.4392 0.4611 0.4079 0.5484 0.5048
1.9741 0.7384 2.0335 0.6845 0.6690 2.4660 0.4433 0.3883 0.5381 0.4914
1.9753 0.7364 2.0346 0.6826 0.6693 2.4490 0.4519 0.3988 0.5438 0.4998
1.9773 0.7354 2.0326 0.6882 0.6707 2.4559 0.4474 0.3980 0.5422 0.4995
1.9779 0.7394 2.0347 0.6840 0.6690 2.4545 0.4457 0.3878 0.5397 0.4909
1.9738 0.7417 2.0337 0.6879 0.6742 2.4586 0.4426 0.3867 0.5386 0.4915
1.9714 0.7469 2.0297 0.6919 0.6755 2.4663 0.4381 0.3797 0.5365 0.4862
1.9693 0.7434 2.0233 0.6942 0.6773 2.4702 0.4366 0.3785 0.5361 0.4856
1.9715 0.7421 2.0259 0.6926 0.6778 2.4585 0.4409 0.3877 0.5388 0.4933
1.9679 0.7400 2.0264 0.6891 0.6716 2.4534 0.4412 0.3885 0.5379 0.4922
1.9661 0.7391 2.0268 0.6892 0.6710 2.4491 0.4413 0.3816 0.5381 0.4865
1.9684 0.7373 2.0254 0.6906 0.6706 2.4829 0.4298 0.3882 0.5298 0.4917
1.9715 0.7338 2.0333 0.6831 0.6662 2.4445 0.4427 0.3893 0.5372 0.4914
