3.6801 0.1437 3.9399 0.0323 0.0354 2.9230 0.3362 0.2942 0.0589 0.0632
3.1653 0.2730 3.5437 0.1501 0.1569 2.6752 0.3953 0.3708 0.2176 0.2205
2.8379 0.4071 3.1463 0.2899 0.2868 2.5766 0.4480 0.4271 0.3520 0.3432
2.5888 0.4863 2.8027 0.3951 0.3795 2.5310 0.4376 0.4404 0.4153 0.4076
2.3887 0.5355 2.5424 0.4532 0.4381 2.5106 0.4481 0.4648 0.4507 0.4510
2.2483 0.5809 2.3669 0.5058 0.4941 2.4783 0.4479 0.4800 0.4751 0.4870
2.1495 0.6253 2.2295 0.5542 0.5405 2.4451 0.4712 0.4932 0.5094 0.5158
2.0775 0.6523 2.1552 0.5784 0.5641 2.4484 0.4517 0.4899 0.5072 0.5244
2.0196 0.6647 2.0820 0.5989 0.5838 2.4469 0.4699 0.4987 0.5266 0.5379
1.9877 0.6706 2.0246 0.6227 0.6103 2.4593 0.4500 0.4866 0.5225 0.5415
1.9571 0.6850 1.9976 0.6095 0.5931 2.4043 0.4846 0.5106 0.5399 0.5488
1.9356 0.6887 1.9660 0.6190 0.6041 2.4066 0.4868 0.5239 0.5450 0.5611
1.9077 0.7055 1.9569 0.6246 0.6091 2.3989 0.4819 0.5234 0.5440 0.5630
1.9036 0.7083 1.9524 0.6284 0.6143 2.3575 0.4894 0.5106 0.5503 0.5577
1.8922 0.7116 1.9446 0.6331 0.6164 2.3793 0.4879 0.5098 0.5511 0.5581
1.8929 0.7024 1.9467 0.6284 0.6102 2.3438 0.4988 0.5224 0.5561 0.5629
1.8830 0.7058 1.9501 0.6239 0.6111 2.3421 0.4894 0.5131 0.5486 0.5578
1.8913 0.7047 1.9449 0.6219 0.6037 2.3658 0.4884 0.5136 0.5471 0.5550
1.8788 0.7069 1.9631 0.6165 0.6013 2.3300 0.5017 0.5228 0.5532 0.5593
1.8789 0.7063 1.9818 0.5993 0.5810 2.3248 0.4834 0.5144 0.5351 0.5457
1.8959 0.7043 1.9727 0.6154 0.5998 2.3397 0.4965 0.5171 0.5496 0.5554
1.8873 0.7114 1.9938 0.6052 0.5874 2.3135 0.5018 0.5303 0.5487 0.5574
1.8989 0.7012 2.0139 0.5976 0.5778 2.3178 0.4942 0.5270 0.5410 0.5512
1.9014 0.6995 2.0164 0.5949 0.5749 2.3242 0.4958 0.5284 0.5408 0.5507
1.9076 0.6982 2.0346 0.5859 0.5680 2.3045 0.4994 0.5297 0.5392 0.5482
1.9156 0.6990 2.0544 0.5802 0.5627 2.2946 0.5065 0.5309 0.5409 0.5463
1.9219 0.6960 2.0695 0.5828 0.5643 2.3090 0.5051 0.5243 0.5412 0.5436
1.9342 0.6844 2.0740 0.5789 0.5596 2.3042 0.5012 0.5264 0.5372 0.5425
1.9343 0.6933 2.0959 0.5661 0.5492 2.3046 0.5003 0.5287 0.5312 0.5387
1.9399 0.6916 2.1111 0.5663 0.5498 2.3143 0.5007 0.5317 0.5315 0.5406
1.9425 0.6863 2.1156 0.5580 0.5413 2.3094 0.4960 0.5269 0.5252 0.5340
1.9568 0.6820 2.1213 0.5602 0.5414 2.3115 0.5013 0.5281 0.5291 0.5347
1.9501 0.6853 2.1405 0.5445 0.5260 2.2989 0.5022 0.5332 0.5225 0.5295
1.9623 0.6752 2.1461 0.5473 0.5284 2.3318 0.4896 0.5237 0.5168 0.5261
1.9653 0.6762 2.1622 0.5471 0.5263 2.3025 0.4994 0.5287 0.5222 0.5275
1.9730 0.6689 2.1753 0.5410 0.5224 2.3143 0.4874 0.5185 0.5128 0.5204
1.9799 0.6729 2.1949 0.5277 0.5097 2.2997 0.4893 0.5240 0.5078 0.5168
1.9844 0.6677 2.1954 0.5474 0.5291 2.2819 0.4959 0.5197 0.5204 0.5244
1.9855 0.6731 2.2033 0.5355 0.5179 2.3011 0.4974 0.5290 0.5158 0.5234
1.9949 0.6702 2.2212 0.5308 0.5125 2.2879 0.4970 0.5248 0.5133 0.5186
1.9977 0.6685 2.2287 0.5308 0.5138 2.2912 0.4992 0.5327 0.5145 0.5231
1.9999 0.6687 2.2370 0.5330 0.5138 2.3016 0.4915 0.5285 0.5114 0.5211
2.0032 0.6635 2.2521 0.5182 0.4976 2.2725 0.4967 0.5255 0.5072 0.5112
2.0065 0.6660 2.2556 0.5204 0.5014 2.3029 0.4921 0.5266 0.5059 0.5137
2.0140 0.6590 2.2599 0.5172 0.5017 2.2837 0.4848 0.5129 0.5004 0.5072
2.0089 0.6656 2.2788 0.5041 0.4915 2.2636 0.5046 0.5306 0.5043 0.5103
2.0159 0.6631 2.2726 0.5119 0.4965 2.2867 0.4879 0.5220 0.4996 0.5089
2.0151 0.6607 2.2809 0.5049 0.4878 2.2816 0.4915 0.5247 0.4981 0.5056
2.0203 0.6575 2.2932 0.5060 0.4863 2.2858 0.5009 0.5256 0.5034 0.5052
2.0179 0.6619 2.2942 0.5095 0.4889 2.2730 0.4897 0.5214 0.4994 0.5046
2.0164 0.6602 2.2989 0.5036 0.4837 2.2891 0.4973 0.5275 0.5004 0.5047
2.0247 0.6531 2.3039 0.5041 0.4873 2.2740 0.5004 0.5238 0.5023 0.5049
2.0243 0.6538 2.3093 0.4978 0.4825 2.2766 0.4925 0.5196 0.4951 0.5004
2.0312 0.6476 2.3180 0.4949 0.4773 2.2757 0.5051 0.5339 0.5000 0.5040
2.0253 0.6577 2.3217 0.4981 0.4788 2.2784 0.4945 0.5248 0.4963 0.5007
2.0293 0.6546 2.3208 0.4930 0.4764 2.2877 0.4925 0.5235 0.4928 0.4989
2.0318 0.6552 2.3269 0.4910 0.4747 2.2787 0.4922 0.5217 0.4916 0.4971
2.0273 0.6548 2.3309 0.4913 0.4749 2.2689 0.4900 0.5206 0.4906 0.4967
2.0306 0.6544 2.3383 0.4837 0.4682 2.2729 0.4950 0.5242 0.4893 0.4946
2.0319 0.6540 2.3291 0.4937 0.4793 2.2810 0.4926 0.5231 0.4932 0.5002
2.0339 0.6491 2.3341 0.4827 0.4667 2.2859 0.4994 0.5296 0.4909 0.4961
2.0391 0.6444 2.3503 0.4808 0.4649 2.2570 0.4898 0.5188 0.4853 0.4904
2.0365 0.6468 2.3327 0.4929 0.4745 2.3071 0.4790 0.5131 0.4858 0.4931
2.0337 0.6507 2.3314 0.4927 0.4737 2.2843 0.4892 0.5212 0.4909 0.4963
2.0350 0.6505 2.3379 0.4832 0.4648 2.2967 0.4874 0.5215 0.4853 0.4915
2.0356 0.6511 2.3453 0.4872 0.4691 2.2850 0.5002 0.5312 0.4936 0.4982
2.0388 0.6470 2.3525 0.4762 0.4592 2.2846 0.4913 0.5264 0.4837 0.4905
2.0374 0.6537 2.3404 0.4804 0.4640 2.2989 0.4833 0.5173 0.4818 0.4892
2.0340 0.6472 2.3473 0.4799 0.4614 2.2931 0.4767 0.5140 0.4783 0.4863
2.0372 0.6472 2.3563 0.4747 0.4568 2.2695 0.4883 0.5240 0.4814 0.4881
2.0365 0.6492 2.3506 0.4857 0.4705 2.2929 0.4675 0.5054 0.4764 0.4873
2.0340 0.6461 2.3614 0.4726 0.4580 2.2732 0.4821 0.5212 0.4773 0.4876
2.0423 0.6411 2.3522 0.4731 0.4571 2.3031 0.4819 0.5201 0.4775 0.4865
2.0333 0.6474 2.3558 0.4755 0.4626 2.2790 0.4757 0.5110 0.4756 0.4856
2.0328 0.6512 2.3707 0.4668 0.4548 2.2638 0.4848 0.5215 0.4756 0.4858
2.0348 0.6452 2.3585 0.4786 0.4649 2.2670 0.4903 0.5166 0.4844 0.4894
2.0329 0.6461 2.3612 0.4696 0.4542 2.2772 0.4711 0.5069 0.4703 0.4791
2.0305 0.6444 2.3569 0.4721 0.4565 2.3051 0.4711 0.5130 0.4716 0.4831
2.0416 0.6429 2.3537 0.4774 0.4600 2.3026 0.4742 0.5114 0.4758 0.4843
2.0375 0.6421 2.3638 0.4702 0.4538 2.2994 0.4673 0.5150 0.4688 0.4824
2.0351 0.6473 2.3688 0.4663 0.4503 2.2843 0.4768 0.5146 0.4715 0.4803
2.0302 0.6451 2.3619 0.4640 0.4483 2.2984 0.4716 0.5149 0.4678 0.4793
2.0266 0.6401 2.3583 0.4653 0.4499 2.2933 0.4700 0.5146 0.4676 0.4801
2.0325 0.6403 2.3620 0.4604 0.4465 2.2883 0.4702 0.5098 0.4653 0.4761
2.0261 0.6427 2.3555 0.4638 0.4472 2.2951 0.4604 0.4995 0.4621 0.4719
2.0293 0.6425 2.3535 0.4640 0.4479 2.2954 0.4639 0.4992 0.4639 0.4722
2.0272 0.6454 2.3569 0.4587 0.4434 2.2976 0.4664 0.5025 0.4625 0.4711
2.0248 0.6469 2.3539 0.4670 0.4539 2.3016 0.4597 0.5047 0.4634 0.4780
2.0269 0.6441 2.3480 0.4689 0.4522 2.3114 0.4657 0.5117 0.4673 0.4801
2.0238 0.6440 2.3541 0.4638 0.4485 2.2971 0.4648 0.5105 0.4643 0.4775
2.0170 0.6439 2.3617 0.4617 0.4502 2.2962 0.4632 0.5106 0.4625 0.4785
2.0165 0.6438 2.3591 0.4634 0.4518 2.2880 0.4568 0.4999 0.4601 0.4746
2.0203 0.6471 2.3514 0.4677 0.4554 2.2989 0.4560 0.5018 0.4618 0.4775
2.0224 0.6439 2.3626 0.4583 0.4462 2.3004 0.4710 0.5212 0.4646 0.4808
2.0207 0.6432 2.3571 0.4636 0.4514 2.3090 0.4633 0.5115 0.4635 0.4796
2.0178 0.6423 2.3515 0.4626 0.4504 2.3213 0.4527 0.5031 0.4576 0.4753
2.0205 0.6413 2.3519 0.4612 0.4523 2.3208 0.4537 0.5017 0.4574 0.4757
2.0159 0.6442 2.3517 0.4638 0.4496 2.3031 0.4522 0.5070 0.4579 0.4766
2.0147 0.6457 2.3423 0.4680 0.4543 2.3358 0.4457 0.5007 0.4566 0.4764
2.0105 0.6451 2.3568 0.4577 0.4451 2.3075 0.4539 0.5045 0.4558 0.4729
