3.4215 0.1962 4.0896 0.0056 0.0073 2.4670 0.3258 0.3508 0.0110 0.0144
2.7006 0.3705 3.6086 0.0556 0.0698 2.0444 0.3980 0.4433 0.0976 0.1206
2.2334 0.4522 2.9560 0.2040 0.1955 1.9022 0.4441 0.4771 0.2796 0.2774
1.8777 0.5329 2.3386 0.3509 0.3300 1.8326 0.4803 0.4906 0.4055 0.3946
1.5941 0.6049 1.8778 0.4515 0.4281 1.8576 0.4625 0.4736 0.4570 0.4497
1.3911 0.6627 1.5588 0.5757 0.5551 1.8365 0.4532 0.4412 0.5071 0.4917
1.2514 0.7078 1.3983 0.6246 0.6122 1.8440 0.4392 0.4315 0.5157 0.5062
1.1728 0.7291 1.2959 0.6411 0.6259 1.7887 0.4584 0.4214 0.5345 0.5037
1.1175 0.7460 1.2033 0.6768 0.6536 1.8637 0.4244 0.4300 0.5217 0.5187
1.0717 0.7604 1.1854 0.6732 0.6550 1.8153 0.4469 0.4328 0.5372 0.5212
1.0431 0.7666 1.1566 0.6885 0.6764 1.7677 0.4663 0.4348 0.5561 0.5294
1.0233 0.7793 1.1271 0.6989 0.6844 1.8060 0.4451 0.4324 0.5438 0.5300
1.0052 0.7819 1.1008 0.7144 0.6956 1.8007 0.4556 0.4317 0.5564 0.5327
0.9916 0.7830 1.1162 0.6962 0.6794 1.8100 0.4522 0.4252 0.5483 0.5230
0.9854 0.7809 1.0985 0.7159 0.7002 1.8034 0.4494 0.4113 0.5522 0.5182
0.9817 0.7837 1.0864 0.7190 0.7030 1.7771 0.4513 0.4026 0.5545 0.5120
0.9823 0.7848 1.0970 0.7173 0.7003 1.7982 0.4695 0.4465 0.5675 0.5454
0.9813 0.7852 1.1075 0.7168 0.7082 1.7996 0.4661 0.4348 0.5648 0.5388
0.9756 0.7887 1.1021 0.7154 0.6945 1.8457 0.4541 0.4442 0.5555 0.5418
0.9739 0.7860 1.1042 0.7161 0.6985 1.8291 0.4587 0.4335 0.5592 0.5350
0.9742 0.7890 1.0990 0.7214 0.6991 1.7785 0.4764 0.4429 0.5739 0.5423
0.9710 0.7872 1.1084 0.7193 0.7051 1.7812 0.4646 0.4195 0.5645 0.5260
0.9800 0.7870 1.1165 0.7100 0.6915 1.8304 0.4453 0.4399 0.5473 0.5377
0.9791 0.7802 1.1356 0.7134 0.6942 1.8055 0.4706 0.4367 0.5671 0.5361
0.9857 0.7826 1.1278 0.7152 0.6934 1.8113 0.4720 0.4414 0.5687 0.5394
0.9858 0.7826 1.1497 0.7042 0.6839 1.7597 0.4653 0.4069 0.5604 0.5102
0.9852 0.7829 1.1627 0.7033 0.6824 1.7772 0.4683 0.4261 0.5623 0.5246
0.9873 0.7823 1.1657 0.7006 0.6824 1.8104 0.4711 0.4398 0.5634 0.5349
0.9803 0.7841 1.1715 0.6972 0.6742 1.7872 0.4701 0.4371 0.5616 0.5303
0.9948 0.7808 1.1744 0.7061 0.6847 1.7849 0.4873 0.4498 0.5766 0.5430
0.9936 0.7802 1.1569 0.7105 0.6868 1.8337 0.4632 0.4194 0.5608 0.5208
0.9967 0.7792 1.1654 0.7093 0.6921 1.7907 0.4705 0.4254 0.5657 0.5270
0.9965 0.7813 1.1936 0.7010 0.6814 1.7924 0.4911 0.4483 0.5775 0.5408
0.9967 0.7763 1.1902 0.7038 0.6845 1.8358 0.4815 0.4407 0.5718 0.5362
0.9950 0.7782 1.2067 0.6974 0.6819 1.8105 0.4954 0.4469 0.5793 0.5400
0.9966 0.7786 1.2004 0.6994 0.6782 1.8385 0.4815 0.4499 0.5703 0.5409
1.0034 0.7712 1.2012 0.6964 0.6740 1.8402 0.4661 0.4328 0.5584 0.5271
0.9965 0.7832 1.2122 0.6916 0.6734 1.8647 0.4747 0.4502 0.5630 0.5397
1.0006 0.7756 1.2325 0.6916 0.6703 1.7916 0.4953 0.4461 0.5772 0.5357
1.0043 0.7748 1.2243 0.6908 0.6684 1.8335 0.4675 0.4186 0.5576 0.5148
1.0039 0.7745 1.2286 0.6969 0.6732 1.8257 0.4615 0.4246 0.5553 0.5207
1.0076 0.7716 1.2422 0.6877 0.6662 1.8228 0.4852 0.4412 0.5689 0.5309
1.0034 0.7763 1.2279 0.7011 0.6840 1.8499 0.4774 0.4320 0.5681 0.5295
1.0151 0.7650 1.2401 0.6928 0.6773 1.7956 0.4927 0.4409 0.5759 0.5341
1.0108 0.7744 1.2301 0.6880 0.6656 1.8726 0.4662 0.4426 0.5558 0.5317
1.0046 0.7712 1.2476 0.6860 0.6688 1.8522 0.4781 0.4346 0.5635 0.5269
1.0049 0.7727 1.2617 0.6792 0.6599 1.8240 0.4820 0.4310 0.5638 0.5214
1.0079 0.7741 1.2418 0.6838 0.6636 1.8592 0.4596 0.4192 0.5497 0.5138
1.0089 0.7696 1.2411 0.6943 0.6728 1.9064 0.4486 0.4227 0.5451 0.5192
1.0115 0.7700 1.2529 0.6826 0.6615 1.8782 0.4749 0.4476 0.5601 0.5339
1.0091 0.7750 1.2641 0.6806 0.6608 1.8961 0.4825 0.4473 0.5647 0.5335
1.0099 0.7697 1.2531 0.6930 0.6728 1.8940 0.4601 0.4185 0.5530 0.5160
1.0091 0.7682 1.2665 0.6829 0.6665 1.8227 0.4759 0.4217 0.5609 0.5166
1.0112 0.7734 1.2442 0.6950 0.6695 1.9179 0.4597 0.4175 0.5534 0.5143
1.0048 0.7721 1.2630 0.6892 0.6733 1.8529 0.4668 0.4199 0.5566 0.5172
1.0138 0.7693 1.2747 0.6734 0.6509 1.8762 0.4791 0.4442 0.5599 0.5281
1.0118 0.7670 1.2719 0.6850 0.6663 1.8703 0.4685 0.4246 0.5564 0.5187
1.0115 0.7699 1.2677 0.6850 0.6670 1.8914 0.4640 0.4353 0.5533 0.5268
1.0075 0.7696 1.2633 0.6868 0.6678 1.8915 0.4532 0.4129 0.5461 0.5103
1.0161 0.7665 1.2544 0.6882 0.6656 1.9324 0.4461 0.4127 0.5413 0.5095
1.0174 0.7636 1.2701 0.6867 0.6716 1.8862 0.4637 0.4130 0.5536 0.5115
1.0071 0.7712 1.2828 0.6761 0.6590 1.8824 0.4668 0.4267 0.5523 0.5180
1.0080 0.7729 1.2667 0.6908 0.6709 1.8781 0.4581 0.4063 0.5509 0.5061
1.0069 0.7715 1.2695 0.6819 0.6625 1.8913 0.4505 0.3995 0.5426 0.4984
1.0107 0.7620 1.2824 0.6790 0.6609 1.8924 0.4677 0.4369 0.5539 0.5260
1.0110 0.7660 1.2694 0.6879 0.6702 1.8997 0.4412 0.3983 0.5376 0.4997
1.0077 0.7703 1.2537 0.6914 0.6715 1.9445 0.4288 0.4114 0.5293 0.5102
1.0075 0.7698 1.2867 0.6697 0.6503 1.8700 0.4625 0.4265 0.5472 0.5152
1.0083 0.7650 1.2701 0.6841 0.6652 1.9007 0.4470 0.4015 0.5407 0.5007
1.0095 0.7663 1.2660 0.6884 0.6695 1.9326 0.4341 0.4039 0.5324 0.5039
1.0084 0.7662 1.2647 0.6831 0.6631 1.9455 0.4438 0.4242 0.5381 0.5174
1.0060 0.7688 1.2748 0.6795 0.6664 1.9221 0.4541 0.4130 0.5444 0.5100
1.0096 0.7611 1.2706 0.6809 0.6612 1.9113 0.4532 0.4251 0.5442 0.5175
1.0044 0.7682 1.3011 0.6624 0.6441 1.8841 0.4712 0.4390 0.5507 0.5221
1.0065 0.7697 1.2851 0.6734 0.6532 1.9152 0.4482 0.4170 0.5382 0.5090
1.0037 0.7668 1.2851 0.6707 0.6511 1.8830 0.4604 0.4217 0.5460 0.5119
1.0074 0.7631 1.2852 0.6724 0.6552 1.9319 0.4488 0.4189 0.5383 0.5110
1.0042 0.7703 1.2830 0.6690 0.6485 1.8966 0.4432 0.4041 0.5332 0.4980
1.0093 0.7627 1.2760 0.6800 0.6641 1.9614 0.4263 0.4086 0.5240 0.5059
1.0044 0.7670 1.2723 0.6777 0.6578 1.9430 0.4394 0.4092 0.5331 0.5045
1.0079 0.7660 1.2673 0.6792 0.6579 1.9333 0.4210 0.3754 0.5198 0.4780
1.0098 0.7667 1.2617 0.6877 0.6678 1.9544 0.4284 0.3980 0.5279 0.4987
1.0006 0.7686 1.2638 0.6811 0.6621 1.9844 0.4242 0.3935 0.5228 0.4936
1.0019 0.7698 1.2907 0.6692 0.6518 1.9229 0.4327 0.4117 0.5256 0.5046
1.0096 0.7674 1.2747 0.6763 0.6572 1.9291 0.4364 0.3931 0.5305 0.4919
0.9941 0.7694 1.2762 0.6738 0.6546 1.9469 0.4316 0.4001 0.5261 0.4966
0.9998 0.7676 1.2776 0.6726 0.6517 1.9120 0.4303 0.4023 0.5248 0.4975
0.9948 0.7678 1.2674 0.6800 0.6600 1.9660 0.4179 0.3833 0.5177 0.4849
1.0079 0.7677 1.2823 0.6693 0.6524 1.9386 0.4327 0.4041 0.5256 0.4991
1.0005 0.7691 1.2783 0.6775 0.6618 1.9727 0.4297 0.4106 0.5258 0.5068
0.9973 0.7732 1.2789 0.6727 0.6539 1.9715 0.4323 0.4089 0.5264 0.5031
0.9968 0.7690 1.2770 0.6755 0.6584 1.9703 0.4287 0.4074 0.5245 0.5034
0.9969 0.7671 1.2791 0.6724 0.6537 1.9606 0.4256 0.3954 0.5213 0.4928
0.9950 0.7662 1.2837 0.6668 0.6500 1.9641 0.4213 0.4046 0.5164 0.4988
0.9894 0.7694 1.2706 0.6753 0.6558 1.9592 0.4312 0.4083 0.5263 0.5033
0.9939 0.7687 1.2705 0.6705 0.6507 1.9562 0.4173 0.3955 0.5144 0.4920
1.0009 0.7642 1.2898 0.6641 0.6464 1.9642 0.4356 0.4076 0.5261 0.4999
0.9975 0.7668 1.2744 0.6755 0.6559 2.0169 0.4177 0.4048 0.5162 0.5006
0.9946 0.7658 1.2636 0.6782 0.6598 1.9866 0.4153 0.3900 0.5151 0.4903
1.0022 0.7654 1.2682 0.6777 0.6590 1.9939 0.4086 0.3825 0.5098 0.4841
