3.6271 0.1147 3.4625 0.0751 0.0761 2.7065 0.4218 0.2902 0.1276 0.1206
2.8378 0.3192 2.6522 0.3623 0.3567 2.3284 0.4388 0.3442 0.3969 0.3504
2.1602 0.5212 1.8983 0.5653 0.5536 2.2077 0.4098 0.3463 0.4752 0.4261
1.6709 0.6469 1.3861 0.7113 0.6916 2.1248 0.3871 0.3110 0.5013 0.4290
1.3657 0.7278 1.1161 0.7734 0.7631 2.0741 0.3774 0.3131 0.5072 0.4440
1.1914 0.7723 0.9585 0.8140 0.8016 2.0640 0.3550 0.3023 0.4944 0.4391
1.0873 0.7984 0.8899 0.8330 0.8199 2.1166 0.3298 0.2899 0.4726 0.4283
1.0247 0.8135 0.8475 0.8427 0.8298 2.1209 0.3272 0.2904 0.4714 0.4302
0.9884 0.8263 0.8183 0.8484 0.8389 2.0555 0.3171 0.2740 0.4616 0.4131
0.9595 0.8345 0.7888 0.8553 0.8473 2.1101 0.3139 0.2763 0.4593 0.4168
0.9371 0.8405 0.7723 0.8660 0.8547 2.0846 0.3023 0.2818 0.4481 0.4238
0.9305 0.8402 0.7858 0.8565 0.8505 2.0963 0.3100 0.2845 0.4552 0.4264
0.9207 0.8381 0.7638 0.8635 0.8539 2.0592 0.3205 0.2677 0.4675 0.4076
0.9156 0.8395 0.7671 0.8655 0.8578 2.0488 0.2994 0.2752 0.4449 0.4167
0.9053 0.8469 0.7587 0.8684 0.8614 2.0974 0.3000 0.2845 0.4460 0.4277
0.9054 0.8478 0.7652 0.8713 0.8661 2.0963 0.2907 0.2769 0.4359 0.4196
0.9062 0.8494 0.7798 0.8596 0.8514 2.0527 0.3271 0.3063 0.4738 0.4505
0.9052 0.8468 0.7768 0.8616 0.8468 2.0466 0.3089 0.2929 0.4547 0.4352
0.9077 0.8437 0.7760 0.8621 0.8515 2.0973 0.3171 0.3023 0.4636 0.4462
0.9136 0.8455 0.7805 0.8645 0.8534 2.0382 0.3224 0.2906 0.4696 0.4335
0.9098 0.8462 0.7766 0.8703 0.8613 2.0872 0.2932 0.2746 0.4386 0.4164
0.9168 0.8433 0.7914 0.8654 0.8532 2.0662 0.3157 0.2921 0.4626 0.4352
0.9171 0.8455 0.7886 0.8706 0.8603 2.0487 0.3123 0.2879 0.4597 0.4314
0.9214 0.8454 0.8132 0.8592 0.8542 1.9846 0.3508 0.3046 0.4982 0.4490
0.9176 0.8456 0.8044 0.8637 0.8545 2.0485 0.3204 0.2815 0.4674 0.4235
0.9249 0.8424 0.8133 0.8579 0.8469 2.0214 0.3421 0.2979 0.4891 0.4407
0.9264 0.8420 0.8113 0.8669 0.8544 2.0615 0.3229 0.2930 0.4705 0.4364
0.9353 0.8408 0.8261 0.8550 0.8453 2.0391 0.3374 0.3079 0.4839 0.4513
0.9332 0.8428 0.8288 0.8601 0.8478 2.0171 0.3307 0.2988 0.4777 0.4419
0.9362 0.8400 0.8304 0.8570 0.8430 2.0420 0.3326 0.2966 0.4792 0.4388
0.9362 0.8405 0.8387 0.8574 0.8478 2.0026 0.3439 0.3062 0.4909 0.4499
0.9372 0.8415 0.8383 0.8574 0.8467 2.0385 0.3363 0.3058 0.4831 0.4493
0.9428 0.8347 0.8399 0.8570 0.8472 2.0471 0.3188 0.2912 0.4648 0.4334
0.9476 0.8401 0.8565 0.8485 0.8406 2.0334 0.3489 0.2951 0.4945 0.4369
0.9458 0.8363 0.8719 0.8461 0.8434 2.0120 0.3561 0.3178 0.5013 0.4617
0.9485 0.8387 0.8736 0.8433 0.8381 2.0232 0.3636 0.3314 0.5081 0.4749
0.9561 0.8326 0.8671 0.8480 0.8402 2.0322 0.3427 0.3198 0.4882 0.4633
0.9512 0.8319 0.8583 0.8552 0.8430 2.0741 0.3216 0.2915 0.4674 0.4332
0.9575 0.8329 0.8669 0.8472 0.8346 2.0511 0.3483 0.3183 0.4936 0.4608
0.9560 0.8343 0.8649 0.8509 0.8385 2.0622 0.3301 0.3016 0.4757 0.4436
0.9548 0.8307 0.8725 0.8441 0.8343 2.0377 0.3578 0.3252 0.5025 0.4680
0.9504 0.8342 0.8691 0.8484 0.8398 2.0820 0.3338 0.3011 0.4790 0.4433
0.9579 0.8272 0.8781 0.8422 0.8339 2.0659 0.3408 0.3005 0.4853 0.4418
0.9650 0.8324 0.8897 0.8373 0.8332 2.0468 0.3659 0.3207 0.5092 0.4632
0.9656 0.8297 0.8809 0.8429 0.8361 2.0543 0.3431 0.2981 0.4877 0.4395
0.9638 0.8267 0.8757 0.8465 0.8340 2.0771 0.3396 0.3137 0.4847 0.4559
0.9696 0.8273 0.8965 0.8351 0.8276 2.0144 0.3712 0.3163 0.5139 0.4577
0.9570 0.8263 0.8926 0.8375 0.8282 2.0191 0.3562 0.3163 0.4999 0.4578
0.9685 0.8251 0.8865 0.8414 0.8295 2.0353 0.3418 0.3044 0.4862 0.4453
0.9603 0.8297 0.9013 0.8317 0.8234 2.0046 0.3718 0.3277 0.5139 0.4688
0.9645 0.8277 0.8935 0.8370 0.8275 2.0850 0.3360 0.3060 0.4795 0.4468
0.9622 0.8227 0.9048 0.8307 0.8219 2.0338 0.3450 0.3197 0.4875 0.4604
0.9669 0.8240 0.8883 0.8390 0.8325 2.0623 0.3458 0.3028 0.4897 0.4441
0.9644 0.8250 0.8996 0.8332 0.8300 2.0378 0.3532 0.3058 0.4961 0.4469
0.9630 0.8230 0.9016 0.8392 0.8323 2.0565 0.3386 0.2951 0.4825 0.4357
0.9614 0.8288 0.9122 0.8288 0.8207 2.0271 0.3635 0.3136 0.5053 0.4538
0.9606 0.8267 0.8958 0.8330 0.8255 2.0593 0.3444 0.3002 0.4873 0.4403
0.9590 0.8253 0.8953 0.8334 0.8291 2.0781 0.3504 0.3021 0.4934 0.4429
0.9693 0.8233 0.9090 0.8322 0.8265 2.0450 0.3440 0.3102 0.4868 0.4511
0.9619 0.8209 0.9035 0.8315 0.8270 2.0619 0.3518 0.3111 0.4944 0.4521
0.9668 0.8202 0.9212 0.8215 0.8214 2.0022 0.3825 0.3354 0.5220 0.4763
0.9631 0.8270 0.9135 0.8291 0.8234 2.0316 0.3568 0.3188 0.4989 0.4596
0.9741 0.8180 0.9033 0.8291 0.8235 2.1409 0.3286 0.2953 0.4706 0.4347
0.9744 0.8170 0.9168 0.8247 0.8219 2.0459 0.3597 0.3118 0.5009 0.4521
0.9659 0.8219 0.9233 0.8217 0.8190 2.0576 0.3637 0.3185 0.5042 0.4586
0.9635 0.8261 0.9070 0.8269 0.8204 2.0575 0.3436 0.3068 0.4855 0.4466
0.9717 0.8196 0.9096 0.8268 0.8189 2.0778 0.3465 0.3123 0.4884 0.4522
0.9669 0.8167 0.9087 0.8264 0.8207 2.0848 0.3475 0.3072 0.4893 0.4470
0.9659 0.8205 0.9129 0.8266 0.8179 2.0772 0.3397 0.3099 0.4815 0.4495
0.9728 0.8157 0.9055 0.8315 0.8257 2.0677 0.3362 0.2982 0.4788 0.4382
0.9662 0.8159 0.9080 0.8273 0.8175 2.0428 0.3470 0.3140 0.4889 0.4537
0.9656 0.8185 0.9229 0.8150 0.8088 2.0474 0.3511 0.3178 0.4907 0.4563
0.9756 0.8175 0.9061 0.8286 0.8177 2.0720 0.3353 0.2927 0.4774 0.4311
0.9736 0.8169 0.9149 0.8237 0.8173 2.0372 0.3470 0.2949 0.4883 0.4335
0.9750 0.8121 0.9031 0.8327 0.8251 2.1168 0.3326 0.3010 0.4754 0.4411
0.9666 0.8168 0.9236 0.8167 0.8099 2.0451 0.3600 0.3197 0.4998 0.4584
0.9661 0.8191 0.9055 0.8264 0.8154 2.0889 0.3348 0.2978 0.4765 0.4363
0.9654 0.8190 0.9267 0.8145 0.8083 2.0406 0.3540 0.3149 0.4935 0.4532
0.9666 0.8149 0.9128 0.8234 0.8123 2.0556 0.3513 0.3097 0.4925 0.4484
0.9711 0.8131 0.9119 0.8244 0.8198 2.0420 0.3459 0.3082 0.4873 0.4480
0.9580 0.8180 0.9198 0.8176 0.8112 2.0540 0.3473 0.3154 0.4875 0.4542
0.9597 0.8181 0.9138 0.8188 0.8139 2.0989 0.3316 0.3029 0.4720 0.4415
0.9722 0.8123 0.9099 0.8232 0.8143 2.0730 0.3302 0.2855 0.4714 0.4228
0.9739 0.8128 0.9234 0.8189 0.8133 2.0630 0.3461 0.3140 0.4866 0.4531
0.9695 0.8148 0.9115 0.8206 0.8111 2.0711 0.3417 0.3144 0.4825 0.4531
0.9714 0.8145 0.9146 0.8169 0.8105 2.1192 0.3226 0.2964 0.4626 0.4340
0.9666 0.8147 0.9194 0.8196 0.8132 2.0333 0.3635 0.3183 0.5036 0.4575
0.9696 0.8118 0.9102 0.8211 0.8135 2.1008 0.3331 0.2943 0.4740 0.4323
0.9749 0.8071 0.9229 0.8147 0.8091 2.0839 0.3406 0.3060 0.4803 0.4440
0.9706 0.8136 0.9114 0.8240 0.8165 2.0641 0.3546 0.3155 0.4958 0.4551
0.9703 0.8143 0.9076 0.8218 0.8113 2.0515 0.3310 0.2958 0.4719 0.4335
0.9693 0.8109 0.9086 0.8239 0.8121 2.1379 0.3267 0.3012 0.4678 0.4394
0.9689 0.8115 0.9154 0.8167 0.8097 2.1040 0.3185 0.2996 0.4582 0.4374
0.9699 0.8113 0.9137 0.8210 0.8161 2.0893 0.3293 0.2994 0.4701 0.4381
0.9692 0.8145 0.9140 0.8155 0.8087 2.0673 0.3351 0.3044 0.4751 0.4423
0.9666 0.8159 0.9000 0.8205 0.8080 2.1340 0.3247 0.3006 0.4652 0.4382
0.9592 0.8110 0.9116 0.8211 0.8116 2.0743 0.3341 0.3026 0.4750 0.4408
0.9626 0.8145 0.9205 0.8135 0.8076 2.0594 0.3338 0.2912 0.4733 0.4280
0.9614 0.8113 0.9040 0.8208 0.8114 2.1048 0.3212 0.2952 0.4618 0.4329
0.9601 0.8138 0.8983 0.8223 0.8120 2.1171 0.3200 0.2869 0.4607 0.4240
