3.3935 0.1734 4.0922 0.0048 0.0038 2.3983 0.3861 0.3511 0.0094 0.0075
2.7197 0.3363 3.5052 0.0930 0.0901 1.9707 0.5202 0.4699 0.1578 0.1512
2.2588 0.4495 2.7992 0.2564 0.2378 1.8471 0.5415 0.4949 0.3480 0.3212
1.8579 0.5667 2.1613 0.4162 0.3951 1.7636 0.5467 0.5121 0.4726 0.4460
1.5539 0.6379 1.7091 0.5279 0.5052 1.7146 0.5419 0.5115 0.5348 0.5083
1.3452 0.6907 1.4352 0.5937 0.5722 1.6972 0.5167 0.4964 0.5525 0.5316
1.2202 0.7184 1.2818 0.6564 0.6349 1.7478 0.4964 0.4943 0.5653 0.5559
1.1372 0.7470 1.1772 0.6964 0.6738 1.7806 0.4573 0.4471 0.5521 0.5375
1.0714 0.7664 1.1583 0.6964 0.6713 1.6889 0.4881 0.4727 0.5739 0.5548
1.0467 0.7720 1.1157 0.7050 0.6824 1.7220 0.4637 0.4509 0.5594 0.5430
1.0155 0.7780 1.1020 0.7091 0.6879 1.6998 0.4720 0.4479 0.5668 0.5426
0.9991 0.7787 1.0818 0.7195 0.6998 1.7460 0.4524 0.4422 0.5555 0.5420
0.9855 0.7822 1.0444 0.7348 0.7177 1.7505 0.4434 0.4095 0.5531 0.5215
0.9873 0.7874 1.0484 0.7336 0.7103 1.7971 0.4452 0.4297 0.5541 0.5355
0.9783 0.7897 1.0555 0.7287 0.7088 1.8029 0.4407 0.4337 0.5492 0.5381
0.9551 0.7999 1.0454 0.7380 0.7169 1.8051 0.4304 0.4162 0.5437 0.5266
0.9603 0.7964 1.0361 0.7450 0.7239 1.7899 0.4417 0.4243 0.5546 0.5350
0.9672 0.7967 1.0450 0.7402 0.7185 1.7993 0.4383 0.4240 0.5506 0.5333
0.9649 0.7907 1.0589 0.7339 0.7088 1.7835 0.4423 0.4101 0.5520 0.5196
0.9689 0.7900 1.0641 0.7355 0.7153 1.7916 0.4349 0.4187 0.5466 0.5282
0.9669 0.7945 1.0674 0.7414 0.7155 1.7819 0.4443 0.4111 0.5557 0.5222
0.9659 0.7970 1.0798 0.7348 0.7167 1.8079 0.4336 0.4152 0.5454 0.5258
0.9743 0.7898 1.0744 0.7453 0.7264 1.8058 0.4380 0.4064 0.5518 0.5212
0.9740 0.7937 1.1047 0.7261 0.7059 1.8185 0.4352 0.4105 0.5442 0.5191
0.9668 0.7955 1.1027 0.7293 0.7064 1.8197 0.4285 0.4116 0.5399 0.5201
0.9745 0.7916 1.0938 0.7401 0.7197 1.8500 0.4317 0.4035 0.5453 0.5171
0.9795 0.7880 1.1160 0.7327 0.7055 1.8539 0.4150 0.4020 0.5299 0.5121
0.9787 0.7918 1.1514 0.7115 0.6915 1.7683 0.4484 0.4093 0.5501 0.5142
0.9837 0.7892 1.1522 0.7185 0.6937 1.8077 0.4515 0.4227 0.5546 0.5253
0.9847 0.7927 1.1547 0.7113 0.6867 1.8170 0.4381 0.4229 0.5423 0.5235
0.9890 0.7858 1.1596 0.7154 0.6899 1.7970 0.4384 0.4025 0.5436 0.5084
0.9934 0.7840 1.1707 0.7125 0.6915 1.8169 0.4467 0.4159 0.5492 0.5194
0.9940 0.7860 1.1942 0.7045 0.6864 1.8397 0.4369 0.4163 0.5393 0.5182
0.9971 0.7850 1.1872 0.7108 0.6871 1.8614 0.4225 0.4079 0.5300 0.5119
1.0005 0.7791 1.1969 0.7018 0.6792 1.8515 0.4351 0.4056 0.5372 0.5079
1.0052 0.7788 1.2178 0.6960 0.6731 1.8567 0.4392 0.4360 0.5385 0.5292
1.0054 0.7788 1.2248 0.6860 0.6642 1.8863 0.4271 0.4172 0.5265 0.5125
1.0085 0.7767 1.2309 0.6811 0.6589 1.8493 0.4287 0.4067 0.5262 0.5030
1.0163 0.7757 1.2167 0.6962 0.6728 1.9256 0.4298 0.4149 0.5315 0.5133
1.0088 0.7760 1.2290 0.6919 0.6667 1.8856 0.4395 0.4203 0.5376 0.5156
1.0114 0.7752 1.2474 0.6862 0.6679 1.8717 0.4500 0.4175 0.5436 0.5138
1.0069 0.7776 1.2520 0.6787 0.6610 1.8890 0.4370 0.4082 0.5317 0.5047
1.0120 0.7719 1.2335 0.6967 0.6760 1.8796 0.4290 0.4050 0.5311 0.5066
1.0137 0.7725 1.2498 0.6845 0.6607 1.8949 0.4312 0.4039 0.5291 0.5013
1.0076 0.7755 1.2594 0.6773 0.6571 1.9124 0.4292 0.4140 0.5254 0.5079
1.0204 0.7721 1.2405 0.6970 0.6738 1.9480 0.4313 0.4055 0.5329 0.5063
1.0113 0.7731 1.2726 0.6789 0.6612 1.8727 0.4351 0.4213 0.5303 0.5146
1.0259 0.7645 1.2594 0.6880 0.6661 1.9250 0.4232 0.3994 0.5241 0.4993
1.0170 0.7702 1.2798 0.6697 0.6511 1.9059 0.4337 0.4182 0.5265 0.5093
1.0291 0.7620 1.2680 0.6816 0.6586 1.8944 0.4304 0.4130 0.5276 0.5076
1.0291 0.7660 1.2798 0.6780 0.6566 1.9530 0.4239 0.4007 0.5216 0.4977
1.0232 0.7665 1.2959 0.6647 0.6447 1.9114 0.4388 0.4138 0.5286 0.5041
1.0286 0.7642 1.2855 0.6676 0.6501 1.8933 0.4367 0.4070 0.5281 0.5006
1.0240 0.7687 1.2715 0.6807 0.6600 1.9538 0.4144 0.3933 0.5152 0.4929
1.0283 0.7628 1.2895 0.6727 0.6513 1.9269 0.4255 0.4036 0.5213 0.4983
1.0195 0.7654 1.3035 0.6639 0.6442 1.9365 0.4301 0.4061 0.5220 0.4982
1.0257 0.7651 1.3037 0.6617 0.6425 1.9398 0.4275 0.4057 0.5194 0.4974
1.0260 0.7618 1.2995 0.6613 0.6439 1.9388 0.4285 0.3999 0.5201 0.4934
1.0272 0.7657 1.2964 0.6671 0.6475 1.9251 0.4290 0.4038 0.5222 0.4974
1.0245 0.7664 1.2861 0.6693 0.6454 1.9983 0.4162 0.4011 0.5132 0.4947
1.0233 0.7627 1.3251 0.6474 0.6311 1.9193 0.4380 0.4125 0.5225 0.4989
1.0220 0.7637 1.2954 0.6659 0.6475 2.0149 0.4110 0.3955 0.5083 0.4911
1.0239 0.7621 1.3129 0.6600 0.6422 1.9520 0.4174 0.3986 0.5114 0.4919
1.0249 0.7658 1.3111 0.6578 0.6357 2.0010 0.4151 0.4050 0.5090 0.4948
1.0151 0.7672 1.3093 0.6508 0.6314 1.9922 0.4116 0.3980 0.5043 0.4882
1.0292 0.7609 1.3024 0.6601 0.6399 1.9810 0.4116 0.4015 0.5071 0.4934
1.0234 0.7611 1.2955 0.6702 0.6532 1.9573 0.4084 0.3890 0.5076 0.4876
1.0255 0.7582 1.3061 0.6651 0.6493 1.9556 0.4158 0.3937 0.5117 0.4902
1.0201 0.7632 1.3068 0.6583 0.6401 2.0019 0.4083 0.3861 0.5040 0.4816
1.0281 0.7577 1.2976 0.6676 0.6464 1.9822 0.4074 0.3722 0.5060 0.4724
1.0269 0.7626 1.3245 0.6522 0.6374 1.9745 0.4215 0.4044 0.5120 0.4948
1.0216 0.7594 1.3050 0.6612 0.6394 2.0393 0.4095 0.3851 0.5057 0.4807
1.0196 0.7651 1.3316 0.6379 0.6245 1.9587 0.4112 0.3873 0.5001 0.4781
1.0170 0.7632 1.3088 0.6505 0.6275 1.9777 0.4083 0.3969 0.5017 0.4862
1.0245 0.7584 1.3143 0.6545 0.6389 1.9887 0.4103 0.3847 0.5044 0.4802
1.0219 0.7602 1.3088 0.6576 0.6398 2.0050 0.4137 0.3854 0.5079 0.4811
1.0214 0.7593 1.3305 0.6503 0.6329 1.9860 0.4295 0.4120 0.5174 0.4991
1.0201 0.7620 1.3108 0.6600 0.6428 1.9688 0.4240 0.3904 0.5163 0.4857
1.0199 0.7601 1.2990 0.6681 0.6508 1.9800 0.4173 0.3875 0.5137 0.4858
1.0227 0.7632 1.3071 0.6629 0.6419 1.9854 0.4136 0.3923 0.5094 0.4869
1.0105 0.7662 1.2947 0.6659 0.6400 2.0085 0.4179 0.3866 0.5135 0.4820
1.0174 0.7600 1.3079 0.6617 0.6418 2.0164 0.4110 0.3878 0.5070 0.4835
1.0214 0.7601 1.3177 0.6561 0.6364 2.0460 0.4125 0.3964 0.5065 0.4885
1.0245 0.7625 1.2909 0.6675 0.6467 2.0542 0.4072 0.3771 0.5058 0.4764
1.0183 0.7635 1.3041 0.6625 0.6426 2.0425 0.4145 0.3996 0.5100 0.4927
1.0162 0.7618 1.2973 0.6644 0.6422 2.0775 0.3942 0.3792 0.4948 0.4768
1.0170 0.7583 1.2969 0.6617 0.6377 2.0465 0.4024 0.3797 0.5004 0.4760
1.0126 0.7657 1.3116 0.6559 0.6385 2.0153 0.4116 0.3822 0.5058 0.4782
1.0133 0.7618 1.3104 0.6544 0.6412 2.0049 0.4079 0.3815 0.5026 0.4784
1.0135 0.7618 1.2832 0.6680 0.6445 2.0821 0.3925 0.3793 0.4945 0.4776
1.0042 0.7658 1.3032 0.6567 0.6397 2.0116 0.4101 0.3846 0.5049 0.4804
1.0171 0.7585 1.2847 0.6693 0.6478 2.0663 0.4031 0.3885 0.5032 0.4857
1.0114 0.7642 1.2887 0.6685 0.6428 2.0747 0.4031 0.3813 0.5030 0.4786
1.0055 0.7677 1.3084 0.6537 0.6314 2.0287 0.4067 0.3800 0.5014 0.4745
1.0165 0.7592 1.3006 0.6627 0.6449 2.0325 0.4076 0.3839 0.5047 0.4813
1.0176 0.7599 1.3067 0.6540 0.6331 2.0510 0.4062 0.3920 0.5011 0.4842
1.0118 0.7617 1.3087 0.6493 0.6312 2.0104 0.4110 0.3861 0.5033 0.4791
1.0136 0.7609 1.3050 0.6586 0.6356 2.0088 0.4154 0.3982 0.5095 0.4897
1.0114 0.7594 1.3009 0.6583 0.6416 2.0248 0.4068 0.3701 0.5029 0.4694
1.0145 0.7604 1.3082 0.6518 0.6360 2.0635 0.4002 0.3828 0.4959 0.4779
