3.4873 0.1691 4.0356 0.0192 0.0169 2.5918 0.3883 0.3299 0.0366 0.0322
2.7845 0.3279 3.6309 0.0831 0.0716 2.0651 0.4407 0.4140 0.1399 0.1221
2.3159 0.4271 2.9884 0.2275 0.2014 1.8934 0.5012 0.4565 0.3129 0.2795
1.9439 0.5200 2.3756 0.3592 0.3289 1.8277 0.5102 0.4794 0.4216 0.3901
1.6437 0.5950 1.8865 0.4896 0.4593 1.8397 0.4920 0.4778 0.4908 0.4684
1.4156 0.6653 1.5249 0.5741 0.5486 1.8206 0.4870 0.4676 0.5270 0.5049
1.2465 0.7085 1.3443 0.6263 0.6051 1.8029 0.4816 0.4406 0.5445 0.5099
1.1457 0.7385 1.1965 0.6795 0.6606 1.8208 0.4673 0.4209 0.5538 0.5141
1.0769 0.7601 1.1457 0.6984 0.6879 1.7905 0.4774 0.4153 0.5672 0.5179
1.0565 0.7633 1.0982 0.7108 0.6984 1.8439 0.4488 0.4208 0.5502 0.5252
1.0167 0.7796 1.0575 0.7344 0.7195 1.8389 0.4448 0.4103 0.5541 0.5226
0.9894 0.7868 1.0826 0.7071 0.6924 1.8135 0.4579 0.4267 0.5558 0.5280
0.9881 0.7808 1.0542 0.7256 0.7099 1.8152 0.4313 0.4127 0.5410 0.5220
0.9760 0.7849 1.0459 0.7402 0.7347 1.8342 0.4321 0.4072 0.5456 0.5240
0.9589 0.7957 1.0578 0.7299 0.7190 1.8034 0.4500 0.4139 0.5568 0.5254
0.9648 0.7915 1.0493 0.7351 0.7247 1.8208 0.4332 0.4144 0.5452 0.5272
0.9584 0.7999 1.0842 0.7219 0.7153 1.8378 0.4371 0.4163 0.5445 0.5263
0.9635 0.7903 1.0606 0.7368 0.7290 1.8221 0.4357 0.3987 0.5476 0.5155
0.9657 0.7951 1.0724 0.7310 0.7212 1.8256 0.4443 0.4190 0.5527 0.5300
0.9583 0.7953 1.0730 0.7297 0.7155 1.8412 0.4183 0.3984 0.5318 0.5118
0.9644 0.7917 1.0720 0.7350 0.7256 1.8041 0.4196 0.3896 0.5342 0.5070
0.9669 0.7943 1.0822 0.7297 0.7167 1.8278 0.4242 0.3847 0.5365 0.5006
0.9690 0.7897 1.0869 0.7331 0.7168 1.8675 0.4151 0.3893 0.5301 0.5046
0.9669 0.7909 1.1005 0.7197 0.6982 1.8336 0.4287 0.4097 0.5373 0.5163
0.9696 0.7899 1.1210 0.7212 0.7049 1.7973 0.4364 0.4074 0.5437 0.5163
0.9678 0.7894 1.1227 0.7146 0.7028 1.8081 0.4364 0.4175 0.5418 0.5239
0.9719 0.7888 1.1337 0.7191 0.7056 1.8088 0.4294 0.3941 0.5377 0.5057
0.9798 0.7876 1.1317 0.7183 0.6995 1.8461 0.4284 0.4049 0.5367 0.5129
0.9761 0.7884 1.1593 0.7059 0.6921 1.8210 0.4298 0.4047 0.5343 0.5108
0.9806 0.7877 1.1469 0.7173 0.7009 1.8711 0.4132 0.3958 0.5244 0.5059
0.9802 0.7893 1.1696 0.6970 0.6792 1.8527 0.4288 0.4183 0.5310 0.5177
0.9786 0.7874 1.1807 0.7021 0.6828 1.8161 0.4270 0.4173 0.5311 0.5180
0.9906 0.7867 1.1673 0.7103 0.6898 1.8154 0.4297 0.4069 0.5354 0.5119
0.9824 0.7830 1.1863 0.6989 0.6823 1.8242 0.4364 0.4048 0.5373 0.5081
0.9954 0.7762 1.2001 0.6972 0.6793 1.8378 0.4256 0.4073 0.5286 0.5092
1.0009 0.7759 1.2066 0.6940 0.6729 1.8325 0.4227 0.4016 0.5254 0.5030
0.9992 0.7791 1.2129 0.6909 0.6747 1.8171 0.4292 0.4143 0.5295 0.5134
0.9995 0.7785 1.2286 0.6891 0.6724 1.8212 0.4405 0.4225 0.5375 0.5190
1.0071 0.7757 1.2061 0.6955 0.6791 1.8355 0.4264 0.3948 0.5287 0.4993
0.9967 0.7776 1.2291 0.6894 0.6744 1.8357 0.4298 0.4043 0.5295 0.5056
1.0058 0.7776 1.2230 0.6967 0.6802 1.8266 0.4307 0.4027 0.5323 0.5059
1.0107 0.7726 1.2463 0.6841 0.6680 1.8289 0.4361 0.4114 0.5327 0.5092
1.0028 0.7779 1.2627 0.6753 0.6610 1.8083 0.4504 0.4224 0.5404 0.5154
1.0080 0.7740 1.2636 0.6727 0.6551 1.8392 0.4365 0.4210 0.5295 0.5126
1.0078 0.7729 1.2676 0.6690 0.6475 1.8480 0.4307 0.4293 0.5240 0.5163
1.0111 0.7672 1.2716 0.6663 0.6492 1.8140 0.4359 0.4034 0.5270 0.4976
1.0108 0.7734 1.2724 0.6697 0.6527 1.7990 0.4474 0.4160 0.5364 0.5082
1.0140 0.7675 1.2545 0.6831 0.6630 1.8614 0.4280 0.4086 0.5263 0.5056
1.0139 0.7691 1.2669 0.6772 0.6567 1.8506 0.4308 0.4091 0.5266 0.5041
1.0102 0.7679 1.2684 0.6731 0.6492 1.8594 0.4328 0.4171 0.5269 0.5079
1.0097 0.7697 1.2565 0.6840 0.6603 1.8662 0.4189 0.4010 0.5196 0.4989
1.0132 0.7660 1.2809 0.6664 0.6513 1.8509 0.4287 0.4003 0.5217 0.4958
1.0176 0.7636 1.2869 0.6673 0.6456 1.8445 0.4303 0.4158 0.5232 0.5058
1.0191 0.7677 1.2904 0.6605 0.6395 1.8358 0.4407 0.4124 0.5286 0.5014
1.0117 0.7632 1.2754 0.6743 0.6544 1.8578 0.4326 0.4140 0.5270 0.5071
1.0272 0.7603 1.2711 0.6761 0.6536 1.8741 0.4212 0.4119 0.5191 0.5054
1.0181 0.7624 1.3051 0.6603 0.6420 1.8459 0.4392 0.4235 0.5275 0.5103
1.0163 0.7668 1.2962 0.6608 0.6424 1.8668 0.4338 0.4206 0.5238 0.5084
1.0183 0.7608 1.2857 0.6663 0.6450 1.8316 0.4453 0.4193 0.5339 0.5082
1.0194 0.7637 1.3080 0.6612 0.6442 1.8033 0.4520 0.4219 0.5370 0.5098
1.0221 0.7620 1.2989 0.6634 0.6478 1.8774 0.4288 0.4050 0.5209 0.4984
1.0193 0.7648 1.3097 0.6511 0.6346 1.8392 0.4461 0.4214 0.5295 0.5065
1.0140 0.7642 1.3176 0.6462 0.6294 1.8231 0.4495 0.4224 0.5302 0.5056
1.0252 0.7554 1.3093 0.6564 0.6363 1.8497 0.4380 0.4095 0.5254 0.4983
1.0277 0.7559 1.3030 0.6556 0.6347 1.8572 0.4330 0.4168 0.5215 0.5032
1.0198 0.7601 1.2822 0.6632 0.6391 1.9017 0.4289 0.4051 0.5209 0.4959
1.0196 0.7581 1.2809 0.6625 0.6398 1.8943 0.4287 0.4149 0.5205 0.5034
1.0164 0.7640 1.2848 0.6732 0.6489 1.8734 0.4327 0.4227 0.5268 0.5119
1.0127 0.7630 1.3002 0.6537 0.6324 1.8705 0.4389 0.4370 0.5252 0.5168
1.0169 0.7635 1.2874 0.6649 0.6417 1.8797 0.4284 0.4205 0.5211 0.5081
1.0223 0.7559 1.2830 0.6734 0.6509 1.8828 0.4236 0.4079 0.5201 0.5015
1.0170 0.7608 1.2917 0.6603 0.6380 1.8760 0.4297 0.4124 0.5206 0.5009
1.0144 0.7625 1.2844 0.6659 0.6450 1.8802 0.4269 0.4140 0.5203 0.5043
1.0078 0.7690 1.2853 0.6634 0.6373 1.8352 0.4380 0.4120 0.5276 0.5005
1.0114 0.7635 1.2907 0.6569 0.6364 1.8698 0.4293 0.3982 0.5193 0.4899
1.0099 0.7594 1.3022 0.6620 0.6422 1.8768 0.4301 0.4181 0.5214 0.5065
1.0098 0.7654 1.2995 0.6545 0.6327 1.8578 0.4365 0.4114 0.5237 0.4986
1.0087 0.7627 1.2968 0.6590 0.6380 1.8756 0.4317 0.4139 0.5216 0.5021
1.0121 0.7634 1.2776 0.6630 0.6344 1.8910 0.4251 0.3938 0.5181 0.4859
1.0040 0.7608 1.2881 0.6639 0.6414 1.8897 0.4312 0.4026 0.5228 0.4947
1.0042 0.7612 1.2814 0.6673 0.6437 1.8685 0.4398 0.4276 0.5302 0.5138
1.0035 0.7654 1.2735 0.6729 0.6485 1.8661 0.4352 0.4095 0.5286 0.5020
1.0120 0.7571 1.2888 0.6659 0.6460 1.9114 0.4153 0.4011 0.5115 0.4949
1.0051 0.7606 1.2822 0.6617 0.6425 1.9028 0.4270 0.4094 0.5191 0.5001
1.0070 0.7623 1.2791 0.6644 0.6432 1.8855 0.4297 0.4078 0.5219 0.4992
1.0044 0.7634 1.2826 0.6649 0.6444 1.9059 0.4221 0.4112 0.5164 0.5021
1.0036 0.7629 1.2747 0.6649 0.6433 1.9505 0.4049 0.3953 0.5033 0.4897
1.0066 0.7651 1.3002 0.6550 0.6358 1.9057 0.4232 0.3997 0.5142 0.4908
1.0117 0.7581 1.2973 0.6618 0.6425 1.9030 0.4285 0.4198 0.5202 0.5078
1.0101 0.7629 1.2913 0.6658 0.6473 1.8869 0.4283 0.4054 0.5212 0.4986
1.0070 0.7576 1.3132 0.6430 0.6276 1.8846 0.4308 0.4136 0.5159 0.4986
1.0058 0.7596 1.2825 0.6676 0.6462 1.9019 0.4184 0.3838 0.5144 0.4816
1.0012 0.7675 1.2736 0.6758 0.6571 1.9388 0.4116 0.3801 0.5116 0.4816
0.9996 0.7603 1.2900 0.6658 0.6493 1.9170 0.4240 0.3979 0.5181 0.4934
1.0005 0.7650 1.2834 0.6634 0.6412 1.8726 0.4357 0.4148 0.5260 0.5038
0.9939 0.7618 1.2703 0.6715 0.6508 1.9102 0.4222 0.3999 0.5185 0.4954
1.0092 0.7602 1.2642 0.6768 0.6538 1.9203 0.4132 0.3929 0.5132 0.4908
1.0030 0.7642 1.2866 0.6644 0.6428 1.9188 0.4197 0.4131 0.5144 0.5030
1.0040 0.7624 1.2776 0.6627 0.6426 1.9373 0.4163 0.4092 0.5113 0.5000
1.0028 0.7630 1.2681 0.6695 0.6456 1.9368 0.4197 0.4011 0.5159 0.4948
