3.6131 0.1098 3.4423 0.1110 0.1013 2.9280 0.2730 0.2394 0.1578 0.1423
2.9301 0.2941 2.6853 0.3480 0.3359 2.4481 0.4355 0.3957 0.3869 0.3634
2.2405 0.5028 1.8829 0.5570 0.5413 2.1804 0.4467 0.4054 0.4958 0.4636
1.6658 0.6474 1.3582 0.7030 0.6918 2.0467 0.4084 0.3653 0.5167 0.4782
1.3427 0.7276 1.0713 0.7843 0.7735 2.0319 0.3535 0.3188 0.4873 0.4515
1.1731 0.7706 0.9359 0.8234 0.8107 2.0788 0.3089 0.2855 0.4492 0.4223
1.0935 0.7904 0.9118 0.8188 0.8134 2.0169 0.3229 0.3017 0.4631 0.4402
1.0316 0.8096 0.8447 0.8397 0.8321 2.0094 0.3298 0.2938 0.4736 0.4342
1.0015 0.8208 0.8337 0.8458 0.8428 1.9966 0.3178 0.2927 0.4620 0.4345
0.9695 0.8260 0.7980 0.8565 0.8549 2.0214 0.3051 0.2765 0.4499 0.4179
0.9485 0.8341 0.7931 0.8582 0.8560 2.0404 0.2902 0.2684 0.4337 0.4086
0.9393 0.8389 0.7813 0.8647 0.8642 2.0810 0.2702 0.2578 0.4117 0.3971
0.9336 0.8359 0.7800 0.8628 0.8636 2.0812 0.2634 0.2559 0.4035 0.3949
0.9275 0.8438 0.7796 0.8628 0.8598 2.0547 0.2776 0.2662 0.4201 0.4065
0.9240 0.8440 0.7769 0.8711 0.8657 2.0713 0.2641 0.2621 0.4053 0.4024
0.9151 0.8483 0.7762 0.8689 0.8635 2.0525 0.2766 0.2701 0.4197 0.4114
0.9156 0.8481 0.7869 0.8630 0.8553 2.0323 0.2899 0.2812 0.4340 0.4233
0.9184 0.8435 0.7730 0.8779 0.8707 2.0840 0.2540 0.2578 0.3940 0.3979
0.9248 0.8388 0.7841 0.8682 0.8604 2.0213 0.2903 0.2894 0.4351 0.4331
0.9228 0.8448 0.8055 0.8643 0.8629 2.0186 0.3041 0.2908 0.4499 0.4350
0.9251 0.8437 0.8025 0.8631 0.8571 1.9749 0.3169 0.3027 0.4636 0.4474
0.9272 0.8468 0.8116 0.8665 0.8610 2.0395 0.2813 0.2809 0.4247 0.4237
0.9310 0.8426 0.8301 0.8589 0.8552 2.0026 0.2985 0.2957 0.4430 0.4395
0.9242 0.8423 0.8240 0.8608 0.8551 1.9483 0.3346 0.3036 0.4819 0.4481
0.9359 0.8430 0.8214 0.8682 0.8618 2.0180 0.3060 0.2924 0.4525 0.4367
0.9437 0.8391 0.8331 0.8640 0.8599 1.9982 0.3047 0.2767 0.4505 0.4187
0.9453 0.8420 0.8408 0.8575 0.8527 2.0186 0.3010 0.2903 0.4456 0.4331
0.9457 0.8387 0.8408 0.8591 0.8527 2.0180 0.2905 0.2797 0.4342 0.4212
0.9475 0.8397 0.8447 0.8589 0.8485 2.0279 0.3023 0.2920 0.4472 0.4345
0.9534 0.8389 0.8486 0.8574 0.8459 2.0085 0.3080 0.2851 0.4532 0.4265
0.9518 0.8373 0.8536 0.8596 0.8556 2.0126 0.3046 0.2806 0.4498 0.4226
0.9536 0.8401 0.8544 0.8586 0.8500 2.0235 0.2960 0.2784 0.4402 0.4194
0.9589 0.8341 0.8650 0.8512 0.8420 2.0285 0.3000 0.2924 0.4437 0.4341
0.9586 0.8370 0.8739 0.8480 0.8393 2.0009 0.3161 0.2981 0.4605 0.4399
0.9641 0.8357 0.8697 0.8538 0.8456 2.0360 0.3032 0.3013 0.4475 0.4443
0.9683 0.8328 0.8712 0.8535 0.8436 2.0363 0.3041 0.2852 0.4484 0.4262
0.9669 0.8351 0.8828 0.8504 0.8397 2.0150 0.3072 0.2936 0.4514 0.4351
0.9710 0.8295 0.8860 0.8502 0.8435 2.0463 0.3036 0.2910 0.4474 0.4327
0.9715 0.8321 0.8834 0.8444 0.8310 2.0629 0.2960 0.2928 0.4383 0.4331
0.9688 0.8317 0.8981 0.8429 0.8313 2.0162 0.3073 0.3000 0.4504 0.4409
0.9758 0.8268 0.9071 0.8390 0.8309 1.9697 0.3254 0.3042 0.4689 0.4454
0.9742 0.8319 0.9026 0.8433 0.8324 2.0404 0.2996 0.3013 0.4422 0.4425
0.9834 0.8209 0.9084 0.8417 0.8315 2.0466 0.3012 0.2954 0.4436 0.4359
0.9790 0.8257 0.9270 0.8310 0.8214 2.0399 0.3022 0.2978 0.4432 0.4371
0.9880 0.8215 0.9078 0.8397 0.8281 2.0079 0.3082 0.2795 0.4509 0.4179
0.9875 0.8216 0.8976 0.8485 0.8314 2.0696 0.2904 0.2811 0.4327 0.4201
0.9777 0.8305 0.9190 0.8368 0.8284 2.0705 0.2990 0.2830 0.4406 0.4219
0.9791 0.8273 0.9195 0.8382 0.8318 2.0078 0.3130 0.2871 0.4558 0.4269
0.9820 0.8235 0.9110 0.8426 0.8256 2.0839 0.2789 0.2852 0.4191 0.4240
0.9826 0.8252 0.9136 0.8370 0.8217 2.0502 0.2910 0.2840 0.4319 0.4221
0.9775 0.8258 0.9238 0.8342 0.8192 2.0315 0.3068 0.2927 0.4487 0.4313
0.9844 0.8209 0.9104 0.8390 0.8240 2.0810 0.2702 0.2677 0.4087 0.4041
0.9718 0.8267 0.9219 0.8308 0.8230 2.0347 0.3105 0.2904 0.4521 0.4293
0.9845 0.8194 0.9253 0.8322 0.8227 2.0693 0.2885 0.2824 0.4285 0.4204
0.9807 0.8238 0.9289 0.8254 0.8136 2.0717 0.3028 0.2884 0.4431 0.4259
0.9779 0.8218 0.9243 0.8293 0.8143 2.0369 0.3046 0.2749 0.4455 0.4110
0.9889 0.8183 0.9252 0.8291 0.8178 2.0529 0.3082 0.2892 0.4494 0.4273
0.9866 0.8193 0.9262 0.8330 0.8179 2.0781 0.2854 0.2725 0.4251 0.4088
0.9905 0.8170 0.9195 0.8334 0.8212 2.1187 0.2752 0.2647 0.4138 0.4003
0.9787 0.8220 0.9331 0.8220 0.8072 2.0896 0.2991 0.2840 0.4386 0.4202
0.9840 0.8160 0.9314 0.8247 0.8112 2.0699 0.3072 0.2904 0.4477 0.4277
0.9851 0.8134 0.9350 0.8237 0.8148 2.0963 0.2980 0.2860 0.4377 0.4234
0.9848 0.8172 0.9336 0.8252 0.8119 2.0794 0.3038 0.2830 0.4441 0.4197
0.9886 0.8133 0.9320 0.8244 0.8105 2.0855 0.2909 0.2755 0.4301 0.4112
0.9818 0.8190 0.9276 0.8251 0.8144 2.1019 0.2874 0.2733 0.4263 0.4093
0.9824 0.8184 0.9281 0.8245 0.8119 2.0828 0.3075 0.2810 0.4479 0.4175
0.9930 0.8110 0.9402 0.8201 0.8096 2.1217 0.2851 0.2730 0.4231 0.4084
0.9949 0.8151 0.9320 0.8254 0.8137 2.1095 0.2987 0.2762 0.4387 0.4124
0.9937 0.8117 0.9385 0.8225 0.8091 2.1146 0.2861 0.2769 0.4245 0.4126
0.9902 0.8177 0.9351 0.8254 0.8120 2.0833 0.2898 0.2777 0.4290 0.4139
0.9916 0.8102 0.9354 0.8176 0.8031 2.1183 0.2871 0.2657 0.4250 0.3994
0.9867 0.8103 0.9353 0.8176 0.8082 2.1518 0.2802 0.2694 0.4173 0.4041
0.9816 0.8159 0.9389 0.8176 0.8037 2.1214 0.2773 0.2648 0.4141 0.3983
0.9825 0.8145 0.9400 0.8181 0.8055 2.1557 0.2835 0.2700 0.4210 0.4044
0.9846 0.8127 0.9384 0.8149 0.8037 2.1103 0.2961 0.2751 0.4344 0.4099
0.9919 0.8110 0.9312 0.8160 0.7997 2.1393 0.2763 0.2625 0.4128 0.3952
0.9871 0.8103 0.9404 0.8125 0.8014 2.1130 0.2837 0.2691 0.4206 0.4030
0.9877 0.8066 0.9351 0.8167 0.8013 2.1188 0.2895 0.2786 0.4275 0.4135
0.9871 0.8115 0.9404 0.8123 0.8005 2.1209 0.2848 0.2671 0.4218 0.4005
0.9860 0.8099 0.9300 0.8174 0.8007 2.1441 0.2721 0.2506 0.4083 0.3817
0.9836 0.8100 0.9450 0.8053 0.7928 2.1289 0.2972 0.2796 0.4342 0.4134
0.9804 0.8100 0.9363 0.8120 0.7971 2.1564 0.2764 0.2716 0.4124 0.4052
0.9842 0.8087 0.9542 0.8048 0.7926 2.1099 0.3000 0.2808 0.4371 0.4147
0.9798 0.8117 0.9344 0.8109 0.7985 2.1686 0.2694 0.2526 0.4045 0.3838
0.9849 0.8084 0.9416 0.8067 0.7876 2.1133 0.2993 0.2868 0.4366 0.4205
0.9938 0.8067 0.9389 0.8074 0.7937 2.1393 0.2793 0.2636 0.4150 0.3958
0.9830 0.8073 0.9319 0.8096 0.7950 2.1385 0.2827 0.2680 0.4191 0.4008
0.9779 0.8108 0.9430 0.8089 0.7957 2.1073 0.2998 0.2771 0.4374 0.4111
0.9716 0.8116 0.9368 0.8064 0.7956 2.1377 0.2904 0.2697 0.4270 0.4028
0.9841 0.8076 0.9383 0.8087 0.7937 2.1487 0.2867 0.2798 0.4234 0.4137
0.9832 0.8056 0.9277 0.8123 0.7994 2.1894 0.2760 0.2582 0.4120 0.3904
0.9855 0.8061 0.9399 0.8064 0.7945 2.1789 0.2775 0.2665 0.4129 0.3991
0.9891 0.8006 0.9337 0.8065 0.7901 2.1891 0.2698 0.2622 0.4044 0.3938
0.9840 0.8030 0.9335 0.8060 0.7916 2.1837 0.2616 0.2557 0.3950 0.3865
0.9917 0.8035 0.9302 0.8113 0.7957 2.1525 0.2836 0.2712 0.4203 0.4045
0.9793 0.8075 0.9334 0.8060 0.7905 2.1610 0.2739 0.2619 0.4088 0.3934
0.9816 0.8055 0.9267 0.8087 0.7925 2.1671 0.2783 0.2668 0.4141 0.3992
0.9823 0.8030 0.9469 0.8018 0.7906 2.1327 0.2903 0.2761 0.4262 0.4092
0.9766 0.8048 0.9320 0.8028 0.7902 2.1683 0.2907 0.2741 0.4268 0.4071
0.9752 0.8067 0.9337 0.8074 0.7915 2.1449 0.2804 0.2669 0.4163 0.3992
