3.5506 0.1538 3.8691 0.0165 0.0165 2.6896 0.3205 0.3131 0.0314 0.0314
2.8990 0.2778 3.2683 0.1721 0.1601 2.3394 0.3311 0.3762 0.2264 0.2246
2.3443 0.4463 2.5682 0.3603 0.3532 2.1905 0.3152 0.3824 0.3362 0.3672
1.8801 0.5674 1.9225 0.5230 0.5191 2.1670 0.2950 0.3430 0.3772 0.4131
1.5263 0.6595 1.5192 0.6217 0.6194 2.1244 0.2823 0.3058 0.3883 0.4094
1.3217 0.7163 1.2593 0.6914 0.6839 2.1820 0.2454 0.2885 0.3623 0.4058
1.1976 0.7520 1.1254 0.7290 0.7207 2.1836 0.2610 0.3020 0.3843 0.4256
1.1109 0.7747 1.0558 0.7520 0.7514 2.1350 0.2536 0.2852 0.3793 0.4134
1.0647 0.7842 0.9866 0.7764 0.7661 2.1755 0.2506 0.2763 0.3789 0.4061
1.0279 0.7931 0.9639 0.7866 0.7768 2.1772 0.2426 0.2673 0.3709 0.3978
0.9924 0.8067 0.9420 0.7866 0.7828 2.1580 0.2477 0.2845 0.3768 0.4173
0.9829 0.8085 0.9065 0.8101 0.8025 2.1654 0.2306 0.2528 0.3590 0.3845
0.9683 0.8111 0.9114 0.8023 0.8016 2.1294 0.2640 0.2754 0.3973 0.4100
0.9580 0.8198 0.8887 0.8120 0.8027 2.2524 0.2194 0.2521 0.3454 0.3838
0.9484 0.8159 0.9095 0.8062 0.7988 2.1082 0.2627 0.2787 0.3963 0.4132
0.9484 0.8153 0.9027 0.8007 0.7901 2.1316 0.2519 0.2644 0.3832 0.3962
0.9479 0.8170 0.9063 0.8040 0.7941 2.1824 0.2496 0.2750 0.3809 0.4086
0.9463 0.8174 0.9108 0.8023 0.7950 2.1576 0.2386 0.2541 0.3678 0.3851
0.9410 0.8202 0.9195 0.8026 0.7918 2.1434 0.2522 0.2739 0.3839 0.4070
0.9467 0.8183 0.9214 0.8002 0.7961 2.1420 0.2529 0.2670 0.3843 0.3998
0.9429 0.8193 0.9226 0.8045 0.7932 2.1617 0.2735 0.2862 0.4082 0.4206
0.9477 0.8197 0.9229 0.8062 0.7999 2.1290 0.2618 0.2558 0.3953 0.3877
0.9470 0.8134 0.9514 0.7895 0.7818 2.0785 0.2808 0.2922 0.4143 0.4254
0.9552 0.8117 0.9392 0.8019 0.7930 2.1091 0.2838 0.2965 0.4193 0.4316
0.9496 0.8176 0.9433 0.8035 0.7939 2.1312 0.2752 0.2854 0.4100 0.4199
0.9588 0.8173 0.9547 0.7985 0.7881 2.1345 0.2769 0.2936 0.4112 0.4279
0.9584 0.8120 0.9376 0.8135 0.8006 2.1603 0.2572 0.2638 0.3908 0.3969
0.9575 0.8170 0.9561 0.8016 0.7883 2.1074 0.2878 0.2928 0.4235 0.4270
0.9622 0.8131 0.9565 0.8026 0.7934 2.1209 0.2840 0.2855 0.4195 0.4199
0.9598 0.8157 0.9700 0.7967 0.7858 2.1064 0.2823 0.2866 0.4169 0.4200
0.9694 0.8095 0.9899 0.7885 0.7818 2.0802 0.2909 0.3011 0.4250 0.4348
0.9753 0.8077 0.9824 0.7973 0.7839 2.1001 0.2867 0.2984 0.4218 0.4323
0.9698 0.8088 0.9835 0.7968 0.7843 2.1062 0.2756 0.2729 0.4096 0.4049
0.9698 0.8114 0.9890 0.7929 0.7804 2.1506 0.2720 0.2829 0.4050 0.4153
0.9715 0.8060 0.9902 0.7968 0.7862 2.1365 0.2813 0.2858 0.4158 0.4192
0.9797 0.8061 1.0138 0.7793 0.7678 2.0949 0.2852 0.2845 0.4176 0.4152
0.9798 0.8095 1.0038 0.7883 0.7721 2.1325 0.2866 0.2983 0.4204 0.4303
0.9881 0.8051 1.0211 0.7788 0.7703 2.0756 0.3067 0.3061 0.4401 0.4381
0.9774 0.8082 1.0180 0.7829 0.7763 2.0763 0.2904 0.2899 0.4237 0.4221
0.9902 0.8017 1.0007 0.7924 0.7790 2.1306 0.2847 0.2879 0.4189 0.4205
0.9852 0.8012 1.0219 0.7795 0.7655 2.0813 0.3104 0.3140 0.4440 0.4453
0.9992 0.7999 1.0424 0.7659 0.7564 2.0707 0.3172 0.3087 0.4486 0.4385
0.9872 0.7985 1.0300 0.7698 0.7594 2.0870 0.2995 0.2910 0.4312 0.4208
0.9954 0.7963 1.0271 0.7824 0.7689 2.1007 0.3052 0.2987 0.4391 0.4302
0.9940 0.7997 1.0407 0.7688 0.7564 2.1275 0.2864 0.2848 0.4173 0.4138
0.9908 0.7995 1.0249 0.7822 0.7694 2.1164 0.2855 0.2759 0.4183 0.4061
0.9914 0.8010 1.0397 0.7741 0.7631 2.1419 0.3019 0.2912 0.4344 0.4215
1.0030 0.7872 1.0506 0.7662 0.7545 2.0868 0.3133 0.3078 0.4447 0.4372
0.9971 0.7947 1.0538 0.7625 0.7493 2.0986 0.3089 0.3122 0.4396 0.4408
0.9927 0.7986 1.0468 0.7684 0.7578 2.1248 0.3152 0.3148 0.4470 0.4448
0.9965 0.7960 1.0442 0.7690 0.7530 2.1391 0.2914 0.2862 0.4227 0.4147
0.9936 0.7930 1.0571 0.7605 0.7474 2.1322 0.3091 0.3068 0.4396 0.4350
0.9962 0.7957 1.0506 0.7652 0.7520 2.1272 0.3138 0.3010 0.4451 0.4299
0.9971 0.7960 1.0507 0.7649 0.7523 2.1541 0.2828 0.2778 0.4130 0.4058
0.9949 0.7969 1.0648 0.7594 0.7485 2.0932 0.3138 0.3004 0.4441 0.4287
1.0076 0.7895 1.0487 0.7678 0.7508 2.1319 0.3017 0.2918 0.4331 0.4202
0.9984 0.7939 1.0481 0.7693 0.7545 2.1311 0.3029 0.2928 0.4347 0.4219
1.0011 0.7951 1.0671 0.7603 0.7475 2.1249 0.3143 0.3145 0.4447 0.4427
0.9967 0.7905 1.0501 0.7681 0.7536 2.1247 0.3046 0.2979 0.4362 0.4269
0.9938 0.7912 1.0768 0.7540 0.7455 2.1175 0.3205 0.3042 0.4498 0.4321
1.0028 0.7897 1.0548 0.7696 0.7572 2.1319 0.2969 0.2868 0.4285 0.4160
0.9975 0.7923 1.0501 0.7710 0.7569 2.1586 0.2969 0.2881 0.4287 0.4174
0.9894 0.7941 1.0649 0.7569 0.7427 2.1604 0.3096 0.2998 0.4395 0.4272
0.9940 0.7914 1.0681 0.7594 0.7480 2.1311 0.3245 0.3186 0.4547 0.4469
0.9970 0.7897 1.0540 0.7671 0.7504 2.1052 0.3119 0.3029 0.4435 0.4316
0.9921 0.7884 1.0488 0.7695 0.7488 2.1729 0.2904 0.2905 0.4217 0.4186
1.0084 0.7796 1.0606 0.7586 0.7412 2.1201 0.3247 0.3020 0.4547 0.4291
0.9986 0.7880 1.0685 0.7557 0.7402 2.1198 0.3139 0.2952 0.4436 0.4220
0.9983 0.7910 1.0652 0.7577 0.7408 2.1593 0.3063 0.2966 0.4363 0.4236
1.0004 0.7875 1.0601 0.7632 0.7431 2.1547 0.3022 0.3011 0.4329 0.4286
1.0004 0.7873 1.0606 0.7632 0.7481 2.1472 0.3144 0.3088 0.4454 0.4371
0.9998 0.7855 1.0619 0.7610 0.7469 2.1486 0.3151 0.3065 0.4456 0.4346
0.9995 0.7911 1.0629 0.7545 0.7368 2.1722 0.2936 0.2902 0.4227 0.4164
0.9975 0.7870 1.0731 0.7508 0.7361 2.1310 0.3133 0.3046 0.4421 0.4309
0.9995 0.7823 1.0615 0.7586 0.7428 2.1512 0.3001 0.2998 0.4301 0.4272
0.9836 0.7955 1.0630 0.7596 0.7431 2.1528 0.3113 0.3014 0.4416 0.4288
0.9904 0.7924 1.0586 0.7589 0.7426 2.1634 0.3036 0.2899 0.4337 0.4171
0.9931 0.7865 1.0556 0.7613 0.7450 2.1614 0.3075 0.2957 0.4380 0.4234
0.9985 0.7843 1.0646 0.7589 0.7404 2.1528 0.2965 0.2956 0.4264 0.4226
0.9922 0.7933 1.0467 0.7693 0.7493 2.1812 0.3013 0.2925 0.4330 0.4207
0.9886 0.7851 1.0581 0.7640 0.7479 2.1669 0.3092 0.2984 0.4403 0.4266
0.9839 0.7893 1.0551 0.7623 0.7423 2.1574 0.3182 0.3087 0.4490 0.4360
0.9963 0.7848 1.0505 0.7667 0.7478 2.1547 0.3097 0.2905 0.4412 0.4185
0.9929 0.7863 1.0517 0.7603 0.7463 2.1676 0.3015 0.2911 0.4318 0.4189
0.9890 0.7889 1.0442 0.7688 0.7463 2.1657 0.2891 0.2720 0.4202 0.3987
0.9895 0.7870 1.0551 0.7579 0.7410 2.1700 0.2991 0.2889 0.4290 0.4157
0.9917 0.7853 1.0600 0.7582 0.7438 2.1692 0.3062 0.2821 0.4362 0.4090
0.9929 0.7885 1.0472 0.7606 0.7451 2.1934 0.3009 0.3029 0.4312 0.4308
0.9871 0.7905 1.0490 0.7639 0.7494 2.1704 0.3190 0.3030 0.4500 0.4315
0.9917 0.7836 1.0509 0.7565 0.7399 2.1602 0.3147 0.3003 0.4445 0.4272
0.9871 0.7884 1.0492 0.7691 0.7534 2.2021 0.3108 0.2943 0.4427 0.4233
0.9797 0.7913 1.0407 0.7632 0.7452 2.2156 0.2934 0.2827 0.4239 0.4099
0.9883 0.7843 1.0582 0.7576 0.7429 2.1807 0.2982 0.2854 0.4280 0.4124
0.9902 0.7874 1.0628 0.7530 0.7436 2.1741 0.3192 0.2945 0.4484 0.4219
0.9853 0.7827 1.0451 0.7603 0.7380 2.2140 0.3163 0.3038 0.4468 0.4304
0.9864 0.7855 1.0505 0.7584 0.7429 2.1747 0.3199 0.3046 0.4499 0.4320
0.9791 0.7875 1.0354 0.7647 0.7443 2.2292 0.2980 0.2856 0.4289 0.4128
0.9889 0.7825 1.0548 0.7588 0.7441 2.1604 0.3060 0.2873 0.4361 0.4145
0.9901 0.7879 1.0539 0.7620 0.7491 2.1227 0.3204 0.3003 0.4511 0.4287
0.9877 0.7850 1.0492 0.7630 0.7464 2.1724 0.3110 0.2949 0.4419 0.4228
