3.6785 0.1035 3.5697 0.1234 0.1046 3.1404 0.2246 0.2229 0.1593 0.1424
3.0967 0.2452 2.9413 0.3065 0.2700 2.7736 0.2794 0.2632 0.2923 0.2665
2.5014 0.4137 2.1918 0.5080 0.4792 2.4803 0.3360 0.2942 0.4045 0.3646
1.9202 0.5907 1.5785 0.6391 0.6197 2.3126 0.3081 0.3056 0.4158 0.4093
1.5093 0.6882 1.2202 0.7424 0.7237 2.1837 0.3236 0.2941 0.4508 0.4182
1.2787 0.7517 1.0374 0.7866 0.7809 2.1033 0.3363 0.2855 0.4712 0.4182
1.1566 0.7879 0.9323 0.8239 0.8119 2.1427 0.3080 0.2877 0.4483 0.4248
1.0816 0.8054 0.8912 0.8295 0.8268 2.1009 0.3188 0.2798 0.4606 0.4181
1.0341 0.8205 0.8610 0.8417 0.8298 2.0691 0.3118 0.2851 0.4550 0.4244
1.0133 0.8251 0.8338 0.8490 0.8446 2.0925 0.3169 0.2719 0.4616 0.4114
0.9878 0.8265 0.8147 0.8523 0.8481 2.1122 0.2955 0.2685 0.4388 0.4079
0.9642 0.8353 0.8161 0.8400 0.8431 2.0747 0.3120 0.2722 0.4550 0.4115
0.9582 0.8375 0.7951 0.8606 0.8552 2.1492 0.2797 0.2658 0.4221 0.4056
0.9467 0.8357 0.7886 0.8599 0.8541 2.1044 0.3014 0.2665 0.4464 0.4063
0.9407 0.8463 0.8053 0.8540 0.8554 2.0761 0.3041 0.2702 0.4484 0.4107
0.9335 0.8451 0.7994 0.8526 0.8488 2.1139 0.3133 0.2737 0.4582 0.4139
0.9387 0.8433 0.7820 0.8691 0.8662 2.1006 0.2951 0.2735 0.4406 0.4157
0.9325 0.8462 0.8088 0.8521 0.8503 2.0679 0.3302 0.3084 0.4760 0.4526
0.9362 0.8407 0.8123 0.8546 0.8521 2.1108 0.3077 0.2943 0.4525 0.4375
0.9432 0.8399 0.8040 0.8623 0.8562 2.0719 0.3171 0.2994 0.4637 0.4437
0.9392 0.8481 0.8225 0.8529 0.8500 2.0485 0.3474 0.3275 0.4937 0.4728
0.9383 0.8425 0.8236 0.8560 0.8500 2.0423 0.3268 0.2949 0.4730 0.4379
0.9452 0.8437 0.8163 0.8562 0.8569 2.0504 0.3266 0.2838 0.4728 0.4263
0.9451 0.8461 0.8203 0.8526 0.8503 2.0493 0.3418 0.3099 0.4880 0.4543
0.9430 0.8458 0.8344 0.8531 0.8464 2.0232 0.3403 0.3092 0.4866 0.4530
0.9433 0.8446 0.8313 0.8599 0.8532 2.0680 0.3330 0.3062 0.4801 0.4506
0.9479 0.8470 0.8483 0.8460 0.8443 2.0449 0.3326 0.2931 0.4775 0.4351
0.9577 0.8433 0.8435 0.8558 0.8542 2.0789 0.3384 0.3096 0.4851 0.4544
0.9547 0.8465 0.8681 0.8429 0.8431 2.0459 0.3355 0.3123 0.4800 0.4557
0.9610 0.8394 0.8537 0.8543 0.8534 2.0834 0.3144 0.2869 0.4597 0.4295
0.9524 0.8449 0.8636 0.8443 0.8369 2.0543 0.3503 0.3167 0.4952 0.4595
0.9616 0.8450 0.8632 0.8472 0.8425 2.0590 0.3392 0.3050 0.4844 0.4479
0.9561 0.8404 0.8746 0.8472 0.8398 2.0396 0.3496 0.3129 0.4949 0.4560
0.9638 0.8361 0.8716 0.8494 0.8443 2.0498 0.3373 0.3033 0.4828 0.4462
0.9698 0.8413 0.8805 0.8439 0.8393 2.0529 0.3480 0.3083 0.4928 0.4509
0.9747 0.8339 0.8925 0.8399 0.8318 2.0410 0.3364 0.2977 0.4804 0.4384
0.9739 0.8370 0.8894 0.8424 0.8379 2.0436 0.3595 0.3277 0.5040 0.4711
0.9712 0.8381 0.8938 0.8371 0.8299 2.0180 0.3675 0.3232 0.5108 0.4652
0.9825 0.8332 0.8901 0.8393 0.8297 2.0381 0.3557 0.3199 0.4997 0.4618
0.9711 0.8352 0.8972 0.8375 0.8338 2.0342 0.3517 0.3080 0.4954 0.4499
0.9740 0.8373 0.9007 0.8351 0.8296 2.0332 0.3544 0.3151 0.4976 0.4567
0.9794 0.8337 0.9012 0.8368 0.8306 2.0411 0.3374 0.3016 0.4809 0.4425
0.9797 0.8330 0.9143 0.8336 0.8274 2.0050 0.3621 0.3181 0.5048 0.4595
0.9835 0.8315 0.9033 0.8397 0.8320 2.0435 0.3489 0.3136 0.4930 0.4555
0.9805 0.8283 0.9045 0.8330 0.8269 2.0478 0.3532 0.3109 0.4961 0.4519
0.9797 0.8273 0.9051 0.8329 0.8210 2.0544 0.3355 0.3039 0.4783 0.4436
0.9872 0.8322 0.9047 0.8370 0.8268 2.0914 0.3454 0.3104 0.4890 0.4513
0.9815 0.8293 0.9096 0.8317 0.8186 2.0698 0.3446 0.3162 0.4873 0.4561
0.9846 0.8295 0.9118 0.8334 0.8249 2.0613 0.3446 0.3040 0.4876 0.4443
0.9852 0.8263 0.9147 0.8325 0.8238 2.0630 0.3473 0.3119 0.4901 0.4525
0.9730 0.8334 0.9246 0.8239 0.8157 2.0353 0.3472 0.3175 0.4885 0.4570
0.9811 0.8231 0.9235 0.8249 0.8188 2.0469 0.3499 0.3104 0.4914 0.4501
0.9861 0.8231 0.9162 0.8285 0.8164 2.0919 0.3327 0.2996 0.4748 0.4384
0.9782 0.8273 0.9232 0.8268 0.8182 2.0650 0.3490 0.3105 0.4909 0.4502
0.9785 0.8260 0.9207 0.8213 0.8147 2.0635 0.3348 0.2929 0.4757 0.4309
0.9865 0.8226 0.9243 0.8251 0.8153 2.0609 0.3308 0.2872 0.4723 0.4247
0.9853 0.8257 0.9242 0.8217 0.8117 2.0524 0.3544 0.3110 0.4952 0.4497
0.9943 0.8220 0.9384 0.8167 0.8074 2.0532 0.3530 0.3076 0.4929 0.4455
0.9903 0.8171 0.9142 0.8296 0.8205 2.0867 0.3348 0.2901 0.4770 0.4286
0.9782 0.8254 0.9218 0.8237 0.8160 2.0925 0.3391 0.2942 0.4804 0.4325
0.9828 0.8216 0.9333 0.8205 0.8109 2.0651 0.3489 0.3044 0.4896 0.4427
0.9850 0.8206 0.9256 0.8225 0.8149 2.0628 0.3469 0.3043 0.4880 0.4431
0.9813 0.8214 0.9111 0.8313 0.8212 2.0940 0.3364 0.3068 0.4790 0.4467
0.9893 0.8164 0.9234 0.8252 0.8137 2.0683 0.3307 0.2994 0.4722 0.4377
0.9883 0.8196 0.9189 0.8225 0.8124 2.0787 0.3398 0.2994 0.4809 0.4375
0.9759 0.8245 0.9306 0.8149 0.8021 2.0744 0.3426 0.3059 0.4824 0.4428
0.9849 0.8158 0.9251 0.8247 0.8142 2.0789 0.3397 0.2996 0.4812 0.4380
0.9771 0.8228 0.9226 0.8222 0.8163 2.0999 0.3370 0.2992 0.4781 0.4379
0.9762 0.8198 0.9253 0.8181 0.8089 2.0682 0.3386 0.3026 0.4789 0.4404
0.9837 0.8173 0.9306 0.8200 0.8148 2.0910 0.3357 0.2929 0.4763 0.4309
0.9740 0.8230 0.9414 0.8111 0.8032 2.0326 0.3659 0.3082 0.5043 0.4454
0.9785 0.8200 0.9346 0.8166 0.8099 2.0820 0.3396 0.2981 0.4797 0.4358
0.9767 0.8186 0.9221 0.8194 0.8091 2.1131 0.3148 0.2842 0.4549 0.4207
0.9813 0.8192 0.9287 0.8196 0.8080 2.0607 0.3502 0.3120 0.4907 0.4501
0.9853 0.8163 0.9256 0.8118 0.8009 2.1391 0.3269 0.2900 0.4661 0.4258
0.9761 0.8197 0.9345 0.8116 0.8062 2.0644 0.3426 0.3027 0.4818 0.4402
0.9734 0.8199 0.9336 0.8140 0.8037 2.0596 0.3429 0.3008 0.4825 0.4378
0.9801 0.8164 0.9269 0.8159 0.8080 2.0945 0.3286 0.2929 0.4685 0.4300
0.9775 0.8205 0.9234 0.8154 0.8062 2.0988 0.3310 0.2826 0.4708 0.4185
0.9738 0.8166 0.9406 0.8055 0.8017 2.0906 0.3255 0.2996 0.4637 0.4362
0.9801 0.8128 0.9240 0.8109 0.8014 2.1008 0.3183 0.2888 0.4572 0.4245
0.9764 0.8150 0.9191 0.8162 0.8036 2.1123 0.3293 0.2922 0.4693 0.4286
0.9729 0.8138 0.9375 0.8099 0.8012 2.1033 0.3205 0.2850 0.4592 0.4205
0.9732 0.8173 0.9214 0.8150 0.8055 2.0958 0.3383 0.2948 0.4781 0.4316
0.9753 0.8108 0.9200 0.8176 0.8084 2.0900 0.3217 0.2847 0.4618 0.4211
0.9656 0.8214 0.9215 0.8109 0.7991 2.0887 0.3394 0.2883 0.4786 0.4237
0.9670 0.8173 0.9155 0.8137 0.8030 2.1021 0.3235 0.2930 0.4630 0.4294
0.9715 0.8209 0.9272 0.8104 0.8040 2.0982 0.3324 0.2996 0.4714 0.4366
0.9747 0.8140 0.9106 0.8172 0.8087 2.1279 0.3188 0.2778 0.4587 0.4136
0.9721 0.8141 0.9133 0.8162 0.8079 2.1403 0.3086 0.2828 0.4479 0.4189
0.9674 0.8162 0.9097 0.8157 0.8022 2.1431 0.3089 0.2748 0.4481 0.4093
0.9653 0.8131 0.9220 0.8120 0.8055 2.1208 0.3268 0.2951 0.4660 0.4320
0.9676 0.8153 0.9145 0.8143 0.8025 2.1305 0.3072 0.2730 0.4461 0.4074
0.9678 0.8157 0.9136 0.8106 0.8003 2.1338 0.3187 0.2880 0.4575 0.4235
0.9656 0.8150 0.9196 0.8123 0.8024 2.1168 0.3211 0.2818 0.4603 0.4171
0.9661 0.8170 0.9114 0.8128 0.8039 2.1492 0.3104 0.2751 0.4492 0.4099
0.9678 0.8138 0.9166 0.8084 0.8010 2.1302 0.3133 0.2790 0.4516 0.4138
0.9633 0.8162 0.9099 0.8130 0.8021 2.1375 0.3110 0.2753 0.4499 0.4099
0.9656 0.8116 0.9092 0.8150 0.8065 2.1515 0.3121 0.2834 0.4514 0.4195
0.9663 0.8145 0.9180 0.8101 0.8020 2.1004 0.3215 0.2816 0.4603 0.4169
