3.6807 0.1079 3.5124 0.1357 0.1373 3.2347 0.2769 0.2417 0.1821 0.1751
3.0352 0.2991 2.8307 0.3788 0.3625 2.8122 0.3439 0.3117 0.3605 0.3352
2.4159 0.4933 2.1179 0.5493 0.5288 2.4986 0.3422 0.3215 0.4217 0.3999
1.8818 0.6013 1.5658 0.6651 0.6535 2.3135 0.3298 0.3061 0.4410 0.4169
1.4961 0.6893 1.2166 0.7565 0.7488 2.2008 0.3077 0.2762 0.4375 0.4036
1.2759 0.7450 1.0315 0.7984 0.7943 2.1120 0.3334 0.2849 0.4703 0.4194
1.1507 0.7745 0.9366 0.8194 0.8157 2.0933 0.3502 0.2918 0.4907 0.4299
1.0811 0.7999 0.8675 0.8380 0.8307 2.0860 0.3259 0.2809 0.4693 0.4198
1.0303 0.8081 0.8255 0.8502 0.8426 2.1150 0.3188 0.2754 0.4638 0.4151
0.9976 0.8156 0.8034 0.8538 0.8465 2.0783 0.3154 0.2722 0.4607 0.4119
0.9685 0.8284 0.7741 0.8647 0.8535 2.1070 0.2879 0.2652 0.4319 0.4047
0.9493 0.8362 0.7737 0.8711 0.8644 2.0754 0.2960 0.2593 0.4418 0.3990
0.9323 0.8415 0.7630 0.8750 0.8662 2.1133 0.2842 0.2588 0.4291 0.3985
0.9281 0.8436 0.7635 0.8713 0.8650 2.0961 0.2904 0.2573 0.4356 0.3966
0.9203 0.8431 0.7564 0.8733 0.8703 2.1504 0.2830 0.2546 0.4274 0.3940
0.9121 0.8490 0.7605 0.8684 0.8568 2.0962 0.3058 0.2729 0.4523 0.4140
0.9076 0.8453 0.7585 0.8701 0.8608 2.0806 0.3109 0.2715 0.4581 0.4128
0.9107 0.8431 0.7627 0.8732 0.8686 2.1118 0.2803 0.2515 0.4244 0.3901
0.9230 0.8410 0.7639 0.8711 0.8621 2.1421 0.2704 0.2524 0.4127 0.3905
0.9172 0.8480 0.7708 0.8681 0.8605 2.0740 0.2828 0.2586 0.4266 0.3977
0.9184 0.8443 0.7871 0.8671 0.8608 2.0843 0.3077 0.2628 0.4542 0.4026
0.9151 0.8482 0.7798 0.8688 0.8623 2.1177 0.2923 0.2518 0.4374 0.3898
0.9262 0.8442 0.7974 0.8684 0.8592 2.0728 0.2905 0.2653 0.4354 0.4054
0.9150 0.8494 0.7946 0.8660 0.8597 2.0599 0.3071 0.2666 0.4534 0.4070
0.9198 0.8482 0.8020 0.8620 0.8510 2.0991 0.3158 0.2800 0.4623 0.4213
0.9306 0.8413 0.8133 0.8642 0.8563 2.0579 0.3133 0.2635 0.4599 0.4030
0.9322 0.8413 0.8189 0.8616 0.8550 2.0658 0.3094 0.2663 0.4553 0.4061
0.9333 0.8423 0.8171 0.8552 0.8453 2.0926 0.2942 0.2626 0.4378 0.4007
0.9380 0.8386 0.8153 0.8608 0.8518 2.0722 0.3130 0.2724 0.4591 0.4128
0.9386 0.8385 0.8256 0.8597 0.8505 2.0786 0.3043 0.2596 0.4495 0.3977
0.9447 0.8373 0.8395 0.8524 0.8443 2.0771 0.3125 0.2788 0.4574 0.4192
0.9501 0.8344 0.8508 0.8511 0.8418 2.0341 0.3212 0.2819 0.4664 0.4224
0.9496 0.8345 0.8449 0.8540 0.8454 2.0269 0.3183 0.2748 0.4638 0.4147
0.9535 0.8351 0.8551 0.8484 0.8371 2.0761 0.3110 0.2836 0.4552 0.4236
0.9563 0.8342 0.8441 0.8575 0.8430 2.0704 0.3125 0.2725 0.4581 0.4119
0.9569 0.8306 0.8602 0.8526 0.8404 2.0533 0.3255 0.2832 0.4712 0.4237
0.9568 0.8332 0.8731 0.8436 0.8325 2.0286 0.3449 0.2936 0.4896 0.4341
0.9681 0.8308 0.8729 0.8477 0.8348 2.0622 0.3320 0.2887 0.4771 0.4291
0.9620 0.8253 0.8706 0.8529 0.8403 2.0589 0.3039 0.2750 0.4482 0.4143
0.9614 0.8281 0.8665 0.8528 0.8390 2.0941 0.3183 0.2802 0.4636 0.4201
0.9617 0.8333 0.8839 0.8421 0.8313 2.0439 0.3188 0.2802 0.4625 0.4192
0.9673 0.8259 0.8729 0.8478 0.8365 2.0986 0.3258 0.2861 0.4707 0.4263
0.9654 0.8284 0.8811 0.8451 0.8333 2.0555 0.3245 0.2730 0.4690 0.4112
0.9696 0.8259 0.8937 0.8342 0.8232 2.0312 0.3311 0.2866 0.4741 0.4252
0.9737 0.8247 0.8873 0.8460 0.8379 2.0704 0.3145 0.2676 0.4586 0.4057
0.9676 0.8283 0.9015 0.8380 0.8281 2.0304 0.3426 0.2916 0.4864 0.4313
0.9712 0.8244 0.8869 0.8463 0.8323 2.0807 0.3106 0.2747 0.4545 0.4130
0.9734 0.8299 0.8872 0.8416 0.8256 2.0970 0.2999 0.2705 0.4422 0.4075
0.9686 0.8295 0.8975 0.8388 0.8292 2.0524 0.3195 0.2718 0.4627 0.4094
0.9710 0.8260 0.9002 0.8356 0.8232 2.0825 0.3274 0.2855 0.4705 0.4240
0.9740 0.8237 0.9020 0.8356 0.8274 2.0506 0.3228 0.2737 0.4657 0.4113
0.9762 0.8250 0.9139 0.8327 0.8188 2.0421 0.3207 0.2822 0.4631 0.4197
0.9755 0.8198 0.9103 0.8341 0.8236 2.0507 0.3378 0.2836 0.4809 0.4219
0.9839 0.8198 0.9031 0.8373 0.8242 2.1183 0.3149 0.2785 0.4577 0.4163
0.9805 0.8184 0.9134 0.8358 0.8207 2.0745 0.3167 0.2783 0.4593 0.4156
0.9740 0.8253 0.9153 0.8291 0.8242 2.0790 0.3369 0.2784 0.4791 0.4163
0.9820 0.8201 0.9090 0.8341 0.8212 2.0845 0.3228 0.2759 0.4654 0.4130
0.9799 0.8236 0.9242 0.8271 0.8139 2.0814 0.3322 0.2883 0.4741 0.4258
0.9762 0.8200 0.9111 0.8349 0.8225 2.0753 0.3290 0.2791 0.4720 0.4168
0.9742 0.8234 0.9190 0.8298 0.8213 2.0715 0.3167 0.2795 0.4584 0.4170
0.9730 0.8243 0.9236 0.8298 0.8188 2.0522 0.3262 0.2799 0.4683 0.4172
0.9809 0.8191 0.9315 0.8278 0.8192 2.0192 0.3418 0.2853 0.4839 0.4232
0.9833 0.8151 0.9242 0.8295 0.8199 2.0685 0.3260 0.2775 0.4681 0.4146
0.9800 0.8158 0.9262 0.8239 0.8157 2.0849 0.3097 0.2817 0.4502 0.4188
0.9837 0.8148 0.9126 0.8303 0.8143 2.1027 0.3100 0.2726 0.4514 0.4084
0.9741 0.8165 0.9407 0.8225 0.8125 2.0290 0.3288 0.2808 0.4698 0.4174
0.9775 0.8177 0.9227 0.8249 0.8096 2.1023 0.3041 0.2622 0.4443 0.3961
0.9806 0.8157 0.9295 0.8240 0.8135 2.0187 0.3545 0.2924 0.4957 0.4302
0.9828 0.8173 0.9213 0.8259 0.8119 2.0735 0.3149 0.2777 0.4560 0.4139
0.9812 0.8118 0.9168 0.8271 0.8142 2.1040 0.3182 0.2781 0.4596 0.4146
0.9785 0.8151 0.9254 0.8220 0.8074 2.0940 0.3181 0.2836 0.4587 0.4198
0.9828 0.8155 0.9340 0.8249 0.8151 2.0254 0.3473 0.3006 0.4888 0.4392
0.9834 0.8151 0.9300 0.8220 0.8119 2.0917 0.3268 0.2968 0.4677 0.4347
0.9831 0.8161 0.9231 0.8261 0.8101 2.0549 0.3263 0.2778 0.4678 0.4138
0.9869 0.8118 0.9248 0.8274 0.8149 2.0567 0.3204 0.2769 0.4619 0.4133
0.9846 0.8129 0.9258 0.8223 0.8107 2.1042 0.3214 0.2896 0.4621 0.4268
0.9764 0.8127 0.9289 0.8227 0.8118 2.0937 0.3311 0.2895 0.4722 0.4268
0.9779 0.8118 0.9283 0.8176 0.8077 2.1013 0.3300 0.2890 0.4702 0.4257
0.9714 0.8190 0.9227 0.8217 0.8084 2.0845 0.3217 0.2739 0.4624 0.4092
0.9816 0.8080 0.9293 0.8206 0.8135 2.0745 0.3341 0.2821 0.4749 0.4189
0.9778 0.8147 0.9397 0.8143 0.8020 2.0522 0.3397 0.3073 0.4794 0.4443
0.9769 0.8104 0.9296 0.8206 0.8106 2.0382 0.3458 0.2913 0.4865 0.4286
0.9765 0.8126 0.9284 0.8206 0.8127 2.0737 0.3297 0.2904 0.4704 0.4279
0.9759 0.8143 0.9245 0.8186 0.8039 2.0653 0.3298 0.2800 0.4702 0.4153
0.9677 0.8122 0.9369 0.8184 0.8125 2.0371 0.3403 0.2830 0.4807 0.4197
0.9856 0.8115 0.9210 0.8225 0.8124 2.0981 0.3130 0.2692 0.4535 0.4044
0.9820 0.8104 0.9143 0.8245 0.8081 2.1052 0.3051 0.2650 0.4454 0.3991
0.9754 0.8136 0.9237 0.8191 0.8083 2.0860 0.3066 0.2766 0.4462 0.4121
0.9795 0.8090 0.9305 0.8145 0.8000 2.0864 0.3142 0.2756 0.4534 0.4099
0.9746 0.8089 0.9243 0.8217 0.8142 2.0850 0.3234 0.2745 0.4641 0.4106
0.9734 0.8127 0.9340 0.8177 0.8062 2.0169 0.3415 0.3076 0.4818 0.4453
0.9790 0.8113 0.9257 0.8145 0.8029 2.0534 0.3348 0.2867 0.4745 0.4225
0.9732 0.8132 0.9286 0.8171 0.8103 2.0456 0.3321 0.2761 0.4723 0.4118
0.9803 0.8117 0.9272 0.8152 0.8021 2.0713 0.3359 0.2868 0.4758 0.4226
0.9758 0.8105 0.9167 0.8184 0.8093 2.0641 0.3302 0.2803 0.4706 0.4164
0.9690 0.8107 0.9288 0.8138 0.8017 2.0440 0.3359 0.2877 0.4755 0.4234
0.9787 0.8104 0.9195 0.8191 0.8091 2.0966 0.3319 0.2844 0.4723 0.4209
0.9705 0.8110 0.9284 0.8154 0.8074 2.0424 0.3374 0.2841 0.4773 0.4203
0.9711 0.8097 0.9166 0.8196 0.8086 2.0739 0.3172 0.2683 0.4574 0.4029
0.9740 0.8114 0.9198 0.8235 0.8108 2.0955 0.3220 0.2816 0.4630 0.4181
