3.6534 0.1011 3.8908 0.0371 0.0339 2.8476 0.2822 0.3101 0.0655 0.0611
3.0088 0.2656 3.3299 0.1676 0.1639 2.3445 0.4124 0.4299 0.2384 0.2373
2.4536 0.4048 2.5865 0.3242 0.3112 2.1675 0.4113 0.4443 0.3626 0.3660
1.9661 0.5281 1.9094 0.5230 0.5020 2.0095 0.4343 0.4047 0.4745 0.4481
1.5949 0.6288 1.5083 0.6127 0.5930 1.9976 0.4077 0.4051 0.4896 0.4814
1.3570 0.6953 1.2510 0.6933 0.6762 1.9403 0.4240 0.3963 0.5262 0.4997
1.2080 0.7407 1.1438 0.7168 0.7070 1.9004 0.4204 0.3955 0.5300 0.5072
1.1271 0.7636 1.0297 0.7564 0.7474 1.8868 0.4198 0.3834 0.5399 0.5068
1.0666 0.7792 0.9711 0.7758 0.7605 1.8845 0.4054 0.3682 0.5325 0.4962
1.0310 0.7898 0.9571 0.7810 0.7665 1.8639 0.4242 0.3844 0.5498 0.5120
1.0038 0.7974 0.9100 0.8053 0.7906 1.9143 0.3714 0.3583 0.5084 0.4931
0.9785 0.8060 0.8880 0.8126 0.7898 1.9917 0.3608 0.3599 0.4997 0.4945
0.9662 0.8130 0.8905 0.8149 0.8003 1.9451 0.3645 0.3561 0.5037 0.4929
0.9617 0.8084 0.8939 0.8084 0.7923 1.9219 0.3746 0.3642 0.5119 0.4990
0.9523 0.8182 0.8838 0.8123 0.7999 1.9060 0.3881 0.3578 0.5252 0.4944
0.9386 0.8201 0.8900 0.8098 0.7943 1.9390 0.3866 0.3698 0.5233 0.5046
0.9431 0.8210 0.8846 0.8211 0.8101 1.9268 0.3798 0.3574 0.5193 0.4960
0.9365 0.8196 0.8808 0.8194 0.8087 1.9556 0.3574 0.3465 0.4977 0.4851
0.9384 0.8197 0.8929 0.8186 0.8080 1.9381 0.3584 0.3471 0.4985 0.4856
0.9368 0.8259 0.9024 0.8138 0.8002 1.9437 0.3635 0.3491 0.5025 0.4862
0.9405 0.8175 0.9174 0.8079 0.8020 1.8709 0.3948 0.3561 0.5304 0.4932
0.9468 0.8195 0.9221 0.8038 0.7922 1.9119 0.3847 0.3798 0.5203 0.5134
0.9483 0.8156 0.9256 0.8024 0.7884 1.9040 0.3815 0.3521 0.5172 0.4868
0.9530 0.8149 0.9288 0.8086 0.7958 1.9568 0.3708 0.3660 0.5084 0.5014
0.9469 0.8200 0.9417 0.8048 0.7933 1.9217 0.3723 0.3506 0.5091 0.4863
0.9506 0.8170 0.9641 0.7888 0.7761 1.8930 0.3949 0.3663 0.5263 0.4977
0.9629 0.8111 0.9355 0.8137 0.8051 1.9247 0.3648 0.3404 0.5038 0.4785
0.9617 0.8144 0.9715 0.7934 0.7802 1.9257 0.3872 0.3684 0.5204 0.5005
0.9618 0.8165 0.9677 0.7972 0.7871 1.9065 0.3787 0.3569 0.5135 0.4911
0.9659 0.8101 0.9732 0.8006 0.7905 1.9067 0.3844 0.3605 0.5194 0.4952
0.9694 0.8133 0.9730 0.7985 0.7840 1.9190 0.3803 0.3465 0.5152 0.4806
0.9760 0.8113 0.9730 0.7996 0.7799 1.9923 0.3755 0.3749 0.5110 0.5064
0.9749 0.8099 0.9752 0.8009 0.7851 1.9559 0.3767 0.3556 0.5124 0.4895
0.9744 0.8095 0.9931 0.7973 0.7866 1.9367 0.3901 0.3779 0.5239 0.5106
0.9716 0.8105 1.0034 0.7929 0.7753 1.9365 0.3653 0.3556 0.5002 0.4875
0.9753 0.8107 0.9936 0.7987 0.7872 1.9649 0.3772 0.3618 0.5124 0.4957
0.9776 0.8095 1.0145 0.7848 0.7704 1.9603 0.3835 0.3642 0.5153 0.4946
0.9812 0.8073 1.0076 0.7917 0.7788 1.9481 0.3722 0.3500 0.5063 0.4830
0.9773 0.8100 1.0122 0.7911 0.7770 1.9812 0.3666 0.3562 0.5010 0.4884
0.9844 0.8052 1.0138 0.7933 0.7766 1.9699 0.3598 0.3354 0.4950 0.4685
0.9925 0.7996 1.0184 0.7860 0.7700 1.9957 0.3608 0.3514 0.4946 0.4825
0.9790 0.8086 1.0197 0.7875 0.7717 2.0008 0.3593 0.3501 0.4934 0.4817
0.9814 0.8075 1.0429 0.7761 0.7634 1.9802 0.3708 0.3479 0.5018 0.4780
0.9832 0.8010 1.0165 0.7921 0.7741 2.0003 0.3805 0.3593 0.5141 0.4908
0.9912 0.7989 1.0510 0.7737 0.7587 2.0094 0.3670 0.3608 0.4978 0.4891
0.9921 0.7975 1.0433 0.7783 0.7643 2.0007 0.3672 0.3644 0.4990 0.4935
0.9868 0.8043 1.0394 0.7839 0.7675 1.9927 0.3612 0.3526 0.4945 0.4832
0.9946 0.7993 1.0433 0.7824 0.7673 2.0010 0.3689 0.3566 0.5014 0.4869
0.9917 0.8010 1.0421 0.7797 0.7638 1.9808 0.3756 0.3485 0.5070 0.4786
0.9917 0.7946 1.0562 0.7695 0.7525 2.0015 0.3651 0.3466 0.4952 0.4746
0.9967 0.7973 1.0535 0.7771 0.7605 1.9927 0.3737 0.3425 0.5047 0.4723
0.9845 0.8060 1.0443 0.7783 0.7630 2.0241 0.3631 0.3528 0.4952 0.4825
0.9954 0.7961 1.0659 0.7667 0.7557 1.9780 0.3808 0.3595 0.5088 0.4872
0.9911 0.7970 1.0506 0.7744 0.7591 2.0062 0.3717 0.3513 0.5023 0.4803
0.9971 0.7975 1.0638 0.7667 0.7506 2.0097 0.3757 0.3570 0.5043 0.4839
0.9965 0.7944 1.0545 0.7734 0.7579 2.0137 0.3501 0.3398 0.4820 0.4692
0.9930 0.8004 1.0606 0.7705 0.7504 2.0208 0.3652 0.3454 0.4955 0.4731
0.9956 0.7989 1.0685 0.7671 0.7537 2.0231 0.3717 0.3538 0.5007 0.4815
0.9951 0.7936 1.0635 0.7691 0.7565 2.0295 0.3683 0.3405 0.4980 0.4696
0.9968 0.7954 1.0629 0.7654 0.7465 2.0413 0.3518 0.3408 0.4821 0.4680
0.9933 0.7972 1.0746 0.7628 0.7505 1.9966 0.3792 0.3434 0.5066 0.4712
0.9946 0.7950 1.0693 0.7674 0.7491 2.0236 0.3531 0.3284 0.4837 0.4566
1.0042 0.7875 1.0649 0.7695 0.7550 2.0548 0.3503 0.3302 0.4814 0.4594
0.9956 0.7942 1.0646 0.7693 0.7512 2.0360 0.3648 0.3414 0.4950 0.4694
0.9968 0.7935 1.0649 0.7647 0.7509 2.0587 0.3526 0.3401 0.4826 0.4682
0.9907 0.7970 1.0720 0.7633 0.7469 2.0405 0.3683 0.3455 0.4968 0.4724
0.9854 0.7960 1.0815 0.7550 0.7379 2.0457 0.3650 0.3505 0.4921 0.4753
0.9881 0.7949 1.0774 0.7593 0.7459 2.0730 0.3517 0.3469 0.4807 0.4735
0.9897 0.7902 1.0795 0.7581 0.7399 2.0608 0.3590 0.3404 0.4873 0.4663
0.9918 0.7918 1.0802 0.7565 0.7388 2.0512 0.3585 0.3437 0.4865 0.4692
0.9851 0.7958 1.0744 0.7599 0.7451 2.0643 0.3508 0.3301 0.4800 0.4575
0.9879 0.7902 1.0658 0.7649 0.7509 2.0739 0.3387 0.3228 0.4695 0.4515
0.9842 0.7966 1.0653 0.7603 0.7445 2.0838 0.3440 0.3229 0.4737 0.4505
0.9846 0.7914 1.0664 0.7622 0.7473 2.0818 0.3538 0.3263 0.4833 0.4543
0.9849 0.7923 1.0648 0.7625 0.7497 2.1016 0.3502 0.3347 0.4799 0.4628
0.9842 0.7907 1.0663 0.7582 0.7384 2.0817 0.3541 0.3462 0.4828 0.4714
0.9909 0.7892 1.0669 0.7582 0.7452 2.1063 0.3450 0.3289 0.4742 0.4564
0.9834 0.7910 1.0826 0.7492 0.7352 2.0554 0.3626 0.3513 0.4887 0.4754
0.9943 0.7913 1.0660 0.7582 0.7432 2.1195 0.3322 0.3271 0.4620 0.4542
0.9953 0.7864 1.0538 0.7613 0.7421 2.1816 0.3301 0.3273 0.4605 0.4542
0.9886 0.7867 1.0610 0.7644 0.7489 2.1352 0.3370 0.3267 0.4678 0.4550
0.9828 0.7912 1.0672 0.7571 0.7430 2.1042 0.3488 0.3374 0.4776 0.4641
0.9802 0.7941 1.0635 0.7576 0.7409 2.1124 0.3456 0.3257 0.4747 0.4525
0.9880 0.7872 1.0563 0.7615 0.7464 2.1740 0.3306 0.3217 0.4610 0.4496
0.9923 0.7870 1.0605 0.7656 0.7519 2.1558 0.3365 0.3225 0.4675 0.4514
0.9923 0.7891 1.0568 0.7616 0.7431 2.1592 0.3374 0.3225 0.4677 0.4498
0.9879 0.7853 1.0506 0.7690 0.7535 2.1470 0.3357 0.3269 0.4673 0.4560
0.9858 0.7884 1.0626 0.7530 0.7367 2.1626 0.3405 0.3236 0.4689 0.4496
0.9891 0.7890 1.0621 0.7547 0.7368 2.1631 0.3240 0.3194 0.4534 0.4456
0.9892 0.7876 1.0633 0.7576 0.7418 2.1541 0.3335 0.3243 0.4631 0.4514
0.9829 0.7910 1.0636 0.7562 0.7434 2.1327 0.3427 0.3187 0.4717 0.4462
0.9836 0.7893 1.0653 0.7562 0.7409 2.1373 0.3345 0.3181 0.4638 0.4451
0.9816 0.7896 1.0549 0.7608 0.7446 2.1981 0.3277 0.3112 0.4581 0.4389
0.9831 0.7859 1.0634 0.7540 0.7413 2.1923 0.3367 0.3290 0.4655 0.4557
0.9823 0.7914 1.0642 0.7576 0.7417 2.1718 0.3303 0.3205 0.4601 0.4475
0.9836 0.7893 1.0617 0.7550 0.7406 2.1358 0.3330 0.3109 0.4622 0.4380
0.9807 0.7888 1.0643 0.7545 0.7391 2.1308 0.3378 0.3269 0.4667 0.4533
0.9782 0.7885 1.0480 0.7616 0.7452 2.1875 0.3153 0.3130 0.4460 0.4408
0.9840 0.7902 1.0616 0.7550 0.7395 2.1773 0.3321 0.3210 0.4613 0.4476
0.9849 0.7858 1.0598 0.7606 0.7471 2.1452 0.3368 0.3298 0.4669 0.4576
