3.5312 0.1465 4.1198 0.0051 0.0041 2.8146 0.2479 0.2836 0.0100 0.0080
2.8649 0.2847 3.6803 0.0947 0.0876 2.2989 0.3541 0.4117 0.1494 0.1445
2.3806 0.4269 3.0965 0.2526 0.2305 2.0651 0.4172 0.4684 0.3147 0.3089
2.0072 0.5360 2.5399 0.3570 0.3334 2.0188 0.4263 0.4942 0.3886 0.3981
1.7210 0.5956 2.1036 0.4658 0.4355 1.9747 0.4293 0.4801 0.4468 0.4567
1.5195 0.6507 1.7862 0.5308 0.5031 1.9939 0.4221 0.4600 0.4702 0.4806
1.3625 0.6876 1.5650 0.5843 0.5634 2.0021 0.4116 0.4348 0.4830 0.4908
1.2447 0.7156 1.4280 0.6149 0.5981 2.0115 0.4031 0.4183 0.4870 0.4923
1.1759 0.7352 1.3312 0.6370 0.6204 1.9718 0.4172 0.4359 0.5042 0.5121
1.1139 0.7537 1.2560 0.6583 0.6445 1.9799 0.4135 0.4299 0.5079 0.5158
1.0740 0.7599 1.1725 0.6923 0.6782 2.0676 0.3766 0.3983 0.4878 0.5019
1.0406 0.7726 1.1538 0.6986 0.6892 2.0362 0.3744 0.4034 0.4876 0.5089
1.0192 0.7772 1.1285 0.7044 0.6962 2.0619 0.3760 0.4002 0.4902 0.5082
1.0033 0.7878 1.1024 0.7125 0.7063 2.0687 0.3686 0.3865 0.4859 0.4996
0.9951 0.7811 1.0921 0.7108 0.6966 2.0553 0.3691 0.3839 0.4859 0.4950
0.9814 0.7853 1.1014 0.7108 0.7001 2.0991 0.3603 0.3826 0.4782 0.4948
0.9805 0.7824 1.1055 0.7011 0.6918 2.1370 0.3507 0.3749 0.4675 0.4863
0.9776 0.7849 1.1173 0.7032 0.6940 2.0745 0.3660 0.3808 0.4814 0.4917
0.9779 0.7821 1.1161 0.7086 0.6985 2.0378 0.3755 0.3831 0.4908 0.4948
0.9790 0.7869 1.1260 0.7037 0.6904 2.0029 0.3863 0.4012 0.4988 0.5075
0.9707 0.7872 1.1138 0.7118 0.7049 2.0166 0.3801 0.3876 0.4956 0.5002
0.9668 0.7907 1.1189 0.7113 0.7073 1.9956 0.3846 0.3876 0.4992 0.5008
0.9706 0.7893 1.1156 0.7134 0.7046 2.0508 0.3726 0.3758 0.4895 0.4902
0.9692 0.7898 1.1235 0.7159 0.7051 2.0399 0.3753 0.3850 0.4925 0.4981
0.9786 0.7833 1.1238 0.7176 0.7074 2.0805 0.3729 0.3842 0.4908 0.4980
0.9772 0.7834 1.1414 0.7117 0.7029 2.0243 0.3767 0.3803 0.4927 0.4936
0.9851 0.7839 1.1582 0.7044 0.6926 2.0445 0.3724 0.3789 0.4872 0.4898
0.9896 0.7794 1.1480 0.7118 0.7005 2.0703 0.3724 0.3778 0.4890 0.4909
0.9797 0.7814 1.1802 0.6959 0.6846 2.0156 0.3795 0.3786 0.4911 0.4875
0.9859 0.7844 1.1768 0.7072 0.7008 2.0176 0.3852 0.3826 0.4987 0.4950
0.9879 0.7809 1.1984 0.6918 0.6882 2.0000 0.3839 0.3744 0.4938 0.4849
0.9895 0.7740 1.1867 0.7018 0.6890 2.0377 0.3886 0.3857 0.5002 0.4945
0.9960 0.7755 1.1959 0.7006 0.6880 2.0423 0.3817 0.3772 0.4941 0.4872
0.9959 0.7795 1.2092 0.6955 0.6846 2.0099 0.3872 0.3748 0.4975 0.4844
0.9934 0.7796 1.2368 0.6814 0.6724 2.0134 0.3974 0.3952 0.5021 0.4978
0.9913 0.7827 1.2172 0.6950 0.6823 2.0454 0.3856 0.3868 0.4960 0.4937
0.9984 0.7785 1.2166 0.6940 0.6755 2.0735 0.3801 0.3782 0.4912 0.4849
0.9993 0.7765 1.2288 0.6851 0.6723 2.0725 0.3758 0.3866 0.4854 0.4909
1.0010 0.7767 1.2419 0.6882 0.6783 2.0442 0.3890 0.3810 0.4970 0.4879
1.0065 0.7741 1.2348 0.6909 0.6792 2.0453 0.3846 0.3760 0.4941 0.4841
1.0026 0.7776 1.2634 0.6746 0.6629 2.0491 0.3848 0.3796 0.4901 0.4827
1.0053 0.7742 1.2451 0.6867 0.6726 2.1105 0.3765 0.3703 0.4863 0.4777
1.0026 0.7739 1.2530 0.6840 0.6715 2.0472 0.3785 0.3716 0.4873 0.4785
1.0099 0.7731 1.2499 0.6865 0.6749 2.0729 0.3876 0.3798 0.4955 0.4861
1.0061 0.7722 1.2710 0.6794 0.6663 2.0543 0.3837 0.3806 0.4904 0.4845
1.0072 0.7708 1.2726 0.6744 0.6597 2.0437 0.3829 0.3777 0.4885 0.4804
1.0042 0.7728 1.2721 0.6831 0.6704 2.0401 0.3985 0.3851 0.5033 0.4892
1.0072 0.7753 1.2749 0.6719 0.6609 2.0855 0.3834 0.3786 0.4882 0.4814
1.0110 0.7723 1.2764 0.6811 0.6714 2.0627 0.3915 0.3753 0.4972 0.4815
1.0072 0.7710 1.2833 0.6692 0.6534 2.0708 0.3846 0.3727 0.4884 0.4747
1.0073 0.7750 1.2917 0.6746 0.6626 2.0509 0.3933 0.3803 0.4969 0.4833
1.0113 0.7670 1.2837 0.6736 0.6600 2.0733 0.3833 0.3762 0.4886 0.4792
1.0013 0.7720 1.2831 0.6807 0.6656 2.0828 0.3868 0.3731 0.4933 0.4782
1.0091 0.7698 1.2883 0.6715 0.6600 2.0868 0.3818 0.3635 0.4868 0.4688
1.0106 0.7728 1.3155 0.6634 0.6511 2.0311 0.3914 0.3855 0.4923 0.4843
1.0148 0.7679 1.3003 0.6710 0.6575 2.0756 0.3969 0.3755 0.4988 0.4780
1.0161 0.7662 1.3027 0.6581 0.6430 2.1286 0.3700 0.3687 0.4737 0.4686
1.0152 0.7668 1.2867 0.6768 0.6594 2.1153 0.3724 0.3666 0.4805 0.4712
1.0171 0.7658 1.2997 0.6714 0.6585 2.1238 0.3847 0.3733 0.4891 0.4765
1.0143 0.7671 1.3175 0.6588 0.6435 2.0436 0.3885 0.3731 0.4887 0.4724
1.0143 0.7679 1.3162 0.6612 0.6481 2.0689 0.3935 0.3841 0.4934 0.4823
1.0089 0.7731 1.3130 0.6608 0.6506 2.1063 0.3958 0.3813 0.4951 0.4808
1.0119 0.7681 1.2966 0.6744 0.6596 2.1001 0.3827 0.3730 0.4883 0.4765
1.0149 0.7654 1.3187 0.6610 0.6486 2.0902 0.3795 0.3693 0.4822 0.4706
1.0076 0.7698 1.3154 0.6642 0.6486 2.0805 0.3846 0.3711 0.4871 0.4721
1.0109 0.7680 1.2853 0.6772 0.6580 2.1327 0.3691 0.3596 0.4778 0.4651
1.0182 0.7614 1.3012 0.6595 0.6434 2.1384 0.3633 0.3689 0.4685 0.4690
1.0114 0.7690 1.3029 0.6652 0.6488 2.1272 0.3822 0.3767 0.4854 0.4766
1.0128 0.7674 1.3148 0.6598 0.6465 2.1092 0.3825 0.3730 0.4843 0.4731
1.0149 0.7658 1.3125 0.6567 0.6412 2.0924 0.3794 0.3687 0.4809 0.4682
1.0136 0.7671 1.3051 0.6637 0.6500 2.0997 0.3818 0.3686 0.4847 0.4704
1.0171 0.7631 1.3208 0.6559 0.6409 2.0722 0.3838 0.3723 0.4842 0.4710
1.0105 0.7652 1.3086 0.6562 0.6430 2.1316 0.3767 0.3684 0.4787 0.4684
1.0092 0.7638 1.3191 0.6579 0.6423 2.0920 0.3844 0.3676 0.4853 0.4676
1.0157 0.7655 1.3153 0.6562 0.6408 2.1000 0.3866 0.3763 0.4865 0.4742
1.0129 0.7633 1.3164 0.6620 0.6463 2.0972 0.3881 0.3749 0.4893 0.4745
1.0115 0.7635 1.3182 0.6542 0.6423 2.1473 0.3717 0.3652 0.4740 0.4657
1.0083 0.7637 1.3175 0.6600 0.6435 2.0818 0.3889 0.3723 0.4894 0.4717
1.0127 0.7658 1.2985 0.6675 0.6499 2.1148 0.3798 0.3632 0.4841 0.4659
1.0109 0.7637 1.3043 0.6613 0.6428 2.1294 0.3743 0.3722 0.4781 0.4714
1.0112 0.7662 1.2998 0.6685 0.6534 2.1585 0.3781 0.3664 0.4830 0.4695
1.0127 0.7628 1.3106 0.6574 0.6427 2.1403 0.3775 0.3621 0.4796 0.4632
1.0045 0.7630 1.3163 0.6540 0.6422 2.1078 0.3677 0.3483 0.4708 0.4516
1.0070 0.7656 1.3050 0.6612 0.6456 2.1548 0.3676 0.3623 0.4725 0.4641
1.0213 0.7596 1.2911 0.6712 0.6554 2.1573 0.3666 0.3549 0.4742 0.4605
1.0187 0.7585 1.3169 0.6550 0.6390 2.1119 0.3686 0.3592 0.4718 0.4599
1.0144 0.7631 1.2998 0.6644 0.6475 2.1163 0.3638 0.3547 0.4702 0.4583
1.0052 0.7661 1.3058 0.6600 0.6430 2.1069 0.3760 0.3566 0.4790 0.4587
1.0063 0.7625 1.2941 0.6680 0.6486 2.1493 0.3801 0.3711 0.4845 0.4721
1.0038 0.7673 1.3037 0.6557 0.6389 2.1300 0.3799 0.3657 0.4811 0.4652
1.0086 0.7622 1.3111 0.6530 0.6412 2.1393 0.3693 0.3595 0.4718 0.4607
1.0086 0.7637 1.3016 0.6608 0.6453 2.1624 0.3638 0.3614 0.4693 0.4633
1.0034 0.7644 1.2872 0.6698 0.6521 2.1952 0.3642 0.3600 0.4719 0.4639
1.0009 0.7638 1.2949 0.6651 0.6478 2.1670 0.3680 0.3553 0.4738 0.4589
1.0074 0.7657 1.2964 0.6612 0.6495 2.1608 0.3669 0.3573 0.4719 0.4610
1.0033 0.7668 1.3076 0.6574 0.6412 2.1199 0.3776 0.3658 0.4797 0.4659
1.0029 0.7675 1.3106 0.6545 0.6391 2.1888 0.3473 0.3504 0.4538 0.4526
1.0058 0.7614 1.2983 0.6588 0.6426 2.1643 0.3665 0.3578 0.4710 0.4597
1.0044 0.7628 1.3052 0.6535 0.6329 2.1318 0.3738 0.3707 0.4756 0.4676
1.0031 0.7650 1.2878 0.6688 0.6519 2.1664 0.3647 0.3498 0.4720 0.4553
