3.4452 0.1370 3.9674 0.0116 0.0129 2.4204 0.3373 0.3162 0.0224 0.0248
2.7525 0.3283 3.5663 0.1170 0.1181 1.9480 0.4718 0.4395 0.1875 0.1862
2.2999 0.4722 2.9733 0.2487 0.2400 1.8173 0.5112 0.5024 0.3346 0.3248
1.9434 0.5623 2.3994 0.3735 0.3596 1.8262 0.4759 0.4957 0.4185 0.4168
1.6691 0.6172 1.9802 0.4505 0.4344 1.7764 0.4759 0.4939 0.4629 0.4623
1.4480 0.6703 1.6647 0.5182 0.5041 1.8099 0.4673 0.5001 0.4914 0.5021
1.2975 0.7025 1.4210 0.5918 0.5809 1.8117 0.4603 0.4868 0.5178 0.5297
1.1868 0.7304 1.2888 0.6284 0.6141 1.8155 0.4592 0.4800 0.5307 0.5388
1.1157 0.7453 1.1998 0.6658 0.6584 1.8459 0.4376 0.4581 0.5281 0.5403
1.0672 0.7616 1.1572 0.6766 0.6647 1.8598 0.4294 0.4400 0.5254 0.5295
1.0293 0.7728 1.1034 0.7117 0.6988 1.8590 0.4287 0.4274 0.5350 0.5304
1.0015 0.7835 1.1077 0.7021 0.6883 1.8196 0.4374 0.4339 0.5390 0.5322
0.9866 0.7909 1.0897 0.7137 0.7037 1.8820 0.4188 0.4092 0.5279 0.5175
0.9762 0.7910 1.0638 0.7248 0.7156 1.8730 0.4292 0.4075 0.5391 0.5193
0.9689 0.7913 1.0727 0.7244 0.7083 1.8337 0.4422 0.4045 0.5492 0.5150
0.9577 0.7996 1.0606 0.7307 0.7235 1.8832 0.4301 0.4208 0.5414 0.5321
0.9588 0.7973 1.0907 0.7188 0.7088 1.8360 0.4442 0.4168 0.5491 0.5249
0.9537 0.7996 1.0824 0.7195 0.7061 1.8717 0.4306 0.4202 0.5387 0.5268
0.9527 0.7972 1.0700 0.7310 0.7182 1.8792 0.4309 0.4091 0.5422 0.5212
0.9587 0.7924 1.0987 0.7166 0.7032 1.8791 0.4354 0.4291 0.5416 0.5330
0.9556 0.7933 1.0927 0.7183 0.7051 1.8608 0.4357 0.4041 0.5424 0.5137
0.9601 0.7910 1.1144 0.7091 0.6964 1.9275 0.4189 0.4138 0.5267 0.5191
0.9582 0.7866 1.1013 0.7331 0.7182 1.8842 0.4397 0.4246 0.5497 0.5337
0.9694 0.7883 1.1229 0.7152 0.7064 1.9102 0.4242 0.4110 0.5326 0.5197
0.9722 0.7863 1.1260 0.7154 0.6976 1.9220 0.4194 0.4163 0.5288 0.5214
0.9594 0.7936 1.1320 0.7093 0.6908 1.9003 0.4361 0.4217 0.5401 0.5237
0.9689 0.7858 1.1389 0.7140 0.7044 1.9015 0.4394 0.4215 0.5440 0.5274
0.9650 0.7887 1.1476 0.7081 0.6964 1.8735 0.4467 0.4209 0.5478 0.5247
0.9735 0.7900 1.1690 0.7078 0.6940 1.8738 0.4416 0.4109 0.5438 0.5162
0.9676 0.7915 1.1721 0.7003 0.6800 1.8865 0.4422 0.4208 0.5421 0.5199
0.9817 0.7811 1.1649 0.7074 0.6900 1.9643 0.4283 0.4123 0.5335 0.5162
0.9797 0.7824 1.1821 0.6984 0.6845 1.9076 0.4327 0.4124 0.5343 0.5147
0.9819 0.7812 1.2041 0.6933 0.6788 1.9070 0.4462 0.4091 0.5430 0.5105
0.9846 0.7779 1.1906 0.6936 0.6742 1.9555 0.4266 0.4105 0.5283 0.5103
0.9907 0.7816 1.1893 0.7008 0.6800 1.9416 0.4163 0.4056 0.5223 0.5081
0.9939 0.7775 1.2094 0.6989 0.6862 1.9440 0.4366 0.4100 0.5375 0.5133
0.9941 0.7778 1.2339 0.6819 0.6654 1.8890 0.4328 0.4057 0.5295 0.5041
0.9970 0.7784 1.2327 0.6824 0.6709 1.9336 0.4346 0.4030 0.5310 0.5035
0.9990 0.7759 1.2289 0.6795 0.6612 1.9346 0.4177 0.3969 0.5173 0.4960
0.9993 0.7765 1.2215 0.6884 0.6742 1.9571 0.4073 0.3886 0.5118 0.4930
0.9983 0.7731 1.2384 0.6925 0.6793 1.9602 0.4374 0.4107 0.5361 0.5119
0.9981 0.7685 1.2384 0.6882 0.6736 1.9474 0.4089 0.3871 0.5130 0.4916
1.0075 0.7691 1.2593 0.6731 0.6609 1.9301 0.4288 0.4162 0.5239 0.5108
1.0084 0.7678 1.2618 0.6732 0.6623 1.9240 0.4213 0.4043 0.5183 0.5021
1.0137 0.7687 1.2514 0.6862 0.6700 1.9272 0.4201 0.4045 0.5211 0.5044
1.0095 0.7668 1.2642 0.6656 0.6500 1.9587 0.4077 0.3968 0.5056 0.4928
1.0046 0.7689 1.2678 0.6770 0.6606 1.9564 0.4113 0.4013 0.5117 0.4993
1.0059 0.7713 1.2676 0.6785 0.6648 1.9951 0.4040 0.3891 0.5065 0.4909
1.0122 0.7688 1.2846 0.6629 0.6461 1.9450 0.4223 0.4015 0.5160 0.4953
1.0064 0.7700 1.2791 0.6670 0.6538 1.9728 0.4107 0.3875 0.5084 0.4866
1.0139 0.7679 1.2724 0.6753 0.6598 2.0147 0.4021 0.3935 0.5041 0.4930
1.0177 0.7629 1.2906 0.6661 0.6468 1.9158 0.4137 0.3930 0.5104 0.4889
1.0128 0.7635 1.2863 0.6698 0.6511 1.9904 0.4029 0.3925 0.5031 0.4897
1.0086 0.7717 1.2959 0.6639 0.6454 1.9592 0.4212 0.3998 0.5154 0.4937
1.0133 0.7644 1.2910 0.6661 0.6517 1.9421 0.4194 0.3986 0.5147 0.4947
1.0096 0.7665 1.2787 0.6705 0.6551 1.9715 0.4091 0.3958 0.5081 0.4935
1.0129 0.7665 1.2949 0.6680 0.6525 1.9575 0.4134 0.3910 0.5107 0.4890
1.0125 0.7685 1.2949 0.6618 0.6452 2.0026 0.4020 0.3971 0.5002 0.4916
1.0055 0.7703 1.3010 0.6603 0.6421 1.9686 0.4160 0.3985 0.5104 0.4918
1.0110 0.7660 1.3048 0.6566 0.6392 1.9774 0.4050 0.3918 0.5010 0.4858
1.0114 0.7640 1.2954 0.6659 0.6449 2.0057 0.3935 0.3886 0.4947 0.4849
1.0128 0.7612 1.3033 0.6613 0.6447 1.9870 0.4068 0.3950 0.5037 0.4898
1.0150 0.7630 1.3066 0.6601 0.6458 1.9628 0.4025 0.3812 0.5001 0.4794
1.0143 0.7659 1.2973 0.6635 0.6446 2.0118 0.3938 0.3897 0.4943 0.4857
1.0150 0.7638 1.3028 0.6610 0.6456 1.9992 0.4022 0.3868 0.5001 0.4837
1.0207 0.7612 1.3214 0.6462 0.6295 1.9770 0.3966 0.3962 0.4915 0.4863
1.0175 0.7608 1.3046 0.6625 0.6403 2.0039 0.4041 0.3911 0.5020 0.4856
1.0127 0.7638 1.3140 0.6564 0.6386 1.9818 0.4048 0.3883 0.5008 0.4829
1.0249 0.7582 1.3074 0.6533 0.6293 2.0284 0.3890 0.3761 0.4876 0.4709
1.0191 0.7610 1.2933 0.6630 0.6405 2.0420 0.3823 0.3747 0.4850 0.4728
1.0173 0.7628 1.3008 0.6569 0.6382 2.0272 0.3891 0.3753 0.4887 0.4726
1.0156 0.7588 1.3219 0.6454 0.6227 1.9663 0.4021 0.3884 0.4955 0.4784
1.0116 0.7609 1.3049 0.6583 0.6393 2.0467 0.3911 0.3787 0.4907 0.4757
1.0223 0.7588 1.3022 0.6608 0.6373 2.0161 0.3929 0.3804 0.4928 0.4765
1.0162 0.7606 1.3158 0.6499 0.6257 2.0032 0.3957 0.3837 0.4919 0.4757
1.0108 0.7608 1.3139 0.6513 0.6327 1.9886 0.4047 0.3817 0.4992 0.4761
1.0185 0.7611 1.3069 0.6540 0.6333 2.0469 0.3846 0.3727 0.4843 0.4693
1.0186 0.7558 1.3036 0.6540 0.6357 2.0262 0.3940 0.3867 0.4918 0.4809
1.0102 0.7640 1.3070 0.6593 0.6407 2.0549 0.3878 0.3685 0.4884 0.4679
1.0156 0.7626 1.3114 0.6508 0.6337 2.0514 0.3870 0.3799 0.4853 0.4750
1.0098 0.7603 1.3072 0.6566 0.6369 2.0052 0.3959 0.3699 0.4940 0.4680
1.0170 0.7597 1.2987 0.6590 0.6388 2.0465 0.3865 0.3787 0.4872 0.4755
1.0128 0.7596 1.2946 0.6605 0.6411 1.9950 0.4036 0.3846 0.5011 0.4808
1.0169 0.7615 1.2865 0.6639 0.6404 2.0777 0.3905 0.3810 0.4917 0.4778
1.0138 0.7578 1.3022 0.6639 0.6414 2.0167 0.3985 0.3865 0.4980 0.4824
1.0124 0.7635 1.3159 0.6578 0.6428 2.0015 0.4057 0.3848 0.5018 0.4814
1.0068 0.7616 1.3231 0.6462 0.6327 2.0386 0.3983 0.3887 0.4929 0.4816
1.0090 0.7606 1.3182 0.6442 0.6254 2.0438 0.3963 0.3802 0.4907 0.4729
1.0124 0.7574 1.3097 0.6564 0.6411 2.0346 0.3948 0.3760 0.4930 0.4740
1.0123 0.7594 1.2952 0.6613 0.6442 2.0815 0.3841 0.3736 0.4859 0.4729
1.0120 0.7611 1.2900 0.6620 0.6428 2.0956 0.3820 0.3660 0.4845 0.4664
1.0140 0.7562 1.3209 0.6511 0.6343 2.0291 0.4064 0.3880 0.5005 0.4814
1.0143 0.7657 1.3217 0.6464 0.6283 2.0072 0.4086 0.3869 0.5007 0.4789
1.0138 0.7586 1.3042 0.6571 0.6364 2.0146 0.3980 0.3676 0.4957 0.4661
1.0144 0.7579 1.3049 0.6562 0.6336 2.0446 0.3921 0.3841 0.4909 0.4783
1.0136 0.7602 1.3148 0.6505 0.6301 2.0082 0.3991 0.3871 0.4947 0.4796
1.0064 0.7631 1.3094 0.6559 0.6389 1.9967 0.4098 0.3828 0.5045 0.4787
1.0120 0.7604 1.3005 0.6578 0.6385 2.0353 0.3998 0.3846 0.4974 0.4801
1.0030 0.7645 1.2917 0.6617 0.6438 2.0537 0.3964 0.3725 0.4958 0.4719
1.0025 0.7659 1.3094 0.6482 0.6271 2.0477 0.3918 0.3755 0.4884 0.4698
