3.5507 0.1007 3.7258 0.0604 0.0688 2.7373 0.3326 0.3141 0.1022 0.1129
2.9154 0.2858 3.1674 0.1627 0.1547 2.2774 0.3784 0.3996 0.2276 0.2230
2.3444 0.4146 2.4126 0.3368 0.3106 2.1490 0.4155 0.4552 0.3720 0.3693
1.8820 0.5333 1.8038 0.5335 0.5047 2.0920 0.3418 0.3591 0.4167 0.4196
1.5428 0.6355 1.4285 0.6408 0.6182 2.0625 0.3435 0.3622 0.4472 0.4568
1.3224 0.7031 1.1835 0.7225 0.6988 2.0568 0.3293 0.3310 0.4524 0.4492
1.1950 0.7380 1.0574 0.7616 0.7453 2.0274 0.3259 0.3178 0.4565 0.4456
1.1149 0.7709 1.0349 0.7649 0.7594 1.9691 0.3455 0.3240 0.4760 0.4542
1.0635 0.7870 0.9778 0.7853 0.7752 2.0069 0.3320 0.3115 0.4667 0.4444
1.0336 0.8020 0.9474 0.8006 0.7863 1.9943 0.3025 0.3007 0.4391 0.4350
1.0031 0.8115 0.9316 0.7953 0.7858 1.9663 0.3442 0.3266 0.4805 0.4614
0.9946 0.8077 0.8942 0.8176 0.8021 2.0180 0.3013 0.2931 0.4403 0.4293
0.9773 0.8173 0.8841 0.8220 0.8090 1.9771 0.3306 0.3138 0.4715 0.4522
0.9645 0.8203 0.8777 0.8234 0.8125 2.0061 0.2937 0.2975 0.4330 0.4355
0.9476 0.8265 0.8729 0.8296 0.8209 1.9835 0.3169 0.3055 0.4587 0.4453
0.9534 0.8240 0.8600 0.8348 0.8286 1.9851 0.3152 0.3032 0.4576 0.4440
0.9457 0.8238 0.8690 0.8310 0.8167 1.9949 0.3129 0.3092 0.4546 0.4485
0.9459 0.8227 0.8847 0.8237 0.8160 1.9852 0.3253 0.3133 0.4664 0.4528
0.9451 0.8235 0.8870 0.8286 0.8123 1.9604 0.3205 0.3094 0.4622 0.4481
0.9446 0.8281 0.8937 0.8232 0.8161 1.9716 0.3473 0.3310 0.4885 0.4710
0.9485 0.8257 0.9031 0.8218 0.8113 1.9629 0.3303 0.3191 0.4713 0.4580
0.9440 0.8253 0.9157 0.8189 0.8140 1.9456 0.3439 0.3233 0.4844 0.4628
0.9555 0.8243 0.9277 0.8157 0.8036 1.9781 0.3445 0.3395 0.4844 0.4774
0.9563 0.8218 0.9267 0.8177 0.8136 1.9478 0.3427 0.3268 0.4830 0.4663
0.9596 0.8234 0.9306 0.8183 0.8021 1.9581 0.3417 0.3417 0.4821 0.4792
0.9620 0.8235 0.9254 0.8223 0.8111 1.9676 0.3460 0.3350 0.4871 0.4741
0.9674 0.8142 0.9318 0.8215 0.8080 1.9963 0.3365 0.3291 0.4775 0.4677
0.9665 0.8216 0.9473 0.8121 0.7979 1.9799 0.3444 0.3467 0.4837 0.4834
0.9626 0.8204 0.9705 0.8018 0.7884 1.9201 0.3791 0.3518 0.5148 0.4866
0.9677 0.8208 0.9648 0.8092 0.7939 1.9623 0.3556 0.3398 0.4941 0.4759
0.9759 0.8141 0.9606 0.8103 0.7992 1.9560 0.3627 0.3335 0.5011 0.4707
0.9767 0.8194 0.9737 0.8116 0.7999 1.9604 0.3674 0.3464 0.5058 0.4835
0.9852 0.8096 0.9758 0.8116 0.7995 1.9549 0.3667 0.3534 0.5052 0.4901
0.9805 0.8164 0.9948 0.7997 0.7821 1.9773 0.3614 0.3476 0.4979 0.4813
0.9849 0.8069 1.0020 0.7984 0.7808 1.9337 0.3667 0.3406 0.5026 0.4743
0.9806 0.8111 0.9908 0.8024 0.7890 1.9937 0.3616 0.3519 0.4985 0.4867
0.9799 0.8117 1.0031 0.7992 0.7796 1.9542 0.3547 0.3297 0.4914 0.4635
0.9909 0.8026 1.0206 0.7941 0.7783 1.9261 0.3891 0.3469 0.5223 0.4799
0.9896 0.8070 1.0118 0.7936 0.7759 1.9759 0.3642 0.3446 0.4993 0.4772
0.9942 0.8083 1.0161 0.7911 0.7773 1.9835 0.3704 0.3572 0.5046 0.4894
0.9871 0.8113 1.0146 0.7941 0.7792 1.9845 0.3705 0.3424 0.5053 0.4758
0.9939 0.8052 1.0253 0.7831 0.7705 1.9909 0.3667 0.3409 0.4995 0.4726
0.9988 0.8001 1.0235 0.7922 0.7747 1.9837 0.3691 0.3432 0.5036 0.4757
0.9999 0.8048 1.0437 0.7846 0.7708 1.9628 0.3776 0.3605 0.5098 0.4913
0.9937 0.8062 1.0418 0.7815 0.7702 1.9513 0.3804 0.3386 0.5117 0.4704
0.9953 0.8035 1.0420 0.7834 0.7675 1.9564 0.3796 0.3548 0.5114 0.4853
1.0012 0.8014 1.0504 0.7807 0.7650 1.9647 0.3815 0.3427 0.5126 0.4733
1.0023 0.8005 1.0472 0.7826 0.7661 1.9461 0.3838 0.3574 0.5150 0.4874
0.9972 0.8032 1.0348 0.7883 0.7722 1.9850 0.3715 0.3345 0.5051 0.4668
1.0021 0.7972 1.0488 0.7780 0.7621 2.0001 0.3815 0.3427 0.5120 0.4728
0.9975 0.8009 1.0509 0.7822 0.7681 2.0224 0.3641 0.3451 0.4969 0.4762
0.9982 0.8011 1.0509 0.7810 0.7610 1.9767 0.3755 0.3458 0.5071 0.4755
0.9967 0.8018 1.0670 0.7754 0.7582 1.9718 0.3877 0.3548 0.5170 0.4834
1.0050 0.7955 1.0581 0.7768 0.7556 1.9844 0.3846 0.3490 0.5144 0.4775
1.0048 0.7965 1.0599 0.7786 0.7680 1.9835 0.3794 0.3398 0.5102 0.4712
1.0062 0.7955 1.0583 0.7763 0.7588 1.9656 0.3847 0.3529 0.5144 0.4817
1.0028 0.7973 1.0621 0.7809 0.7654 1.9486 0.3947 0.3575 0.5243 0.4874
1.0053 0.7960 1.0733 0.7686 0.7517 1.9694 0.3945 0.3638 0.5214 0.4903
0.9999 0.7985 1.0622 0.7727 0.7585 1.9618 0.3907 0.3399 0.5190 0.4695
1.0017 0.7939 1.0679 0.7712 0.7542 1.9829 0.3928 0.3581 0.5205 0.4856
1.0041 0.7909 1.0617 0.7775 0.7636 1.9761 0.3932 0.3437 0.5222 0.4740
1.0042 0.7914 1.0654 0.7718 0.7550 2.0040 0.3865 0.3515 0.5150 0.4797
1.0030 0.7923 1.0677 0.7744 0.7572 2.0029 0.3838 0.3532 0.5132 0.4817
1.0075 0.7980 1.0615 0.7708 0.7536 2.0159 0.3744 0.3467 0.5040 0.4750
0.9971 0.7947 1.0781 0.7662 0.7486 1.9656 0.4029 0.3577 0.5281 0.4841
1.0046 0.7956 1.0677 0.7691 0.7546 1.9967 0.3876 0.3574 0.5154 0.4851
0.9975 0.7942 1.0704 0.7696 0.7522 2.0192 0.3839 0.3505 0.5123 0.4781
1.0007 0.7991 1.0683 0.7678 0.7557 1.9863 0.3854 0.3557 0.5132 0.4838
1.0048 0.7914 1.0647 0.7749 0.7601 2.0190 0.3868 0.3442 0.5161 0.4739
1.0025 0.7911 1.0698 0.7710 0.7533 1.9622 0.3952 0.3571 0.5225 0.4845
1.0022 0.7921 1.0707 0.7671 0.7505 1.9891 0.3954 0.3563 0.5218 0.4832
1.0064 0.7925 1.0752 0.7657 0.7447 1.9707 0.3914 0.3491 0.5180 0.4754
1.0007 0.7943 1.0676 0.7671 0.7526 2.0025 0.3805 0.3266 0.5087 0.4555
0.9940 0.7897 1.0777 0.7640 0.7443 1.9880 0.3990 0.3513 0.5242 0.4774
0.9986 0.7870 1.0717 0.7628 0.7488 2.0454 0.3876 0.3466 0.5140 0.4739
1.0008 0.7879 1.0767 0.7599 0.7468 1.9582 0.4017 0.3485 0.5256 0.4753
0.9935 0.7909 1.0799 0.7565 0.7392 1.9917 0.3870 0.3389 0.5120 0.4647
1.0012 0.7903 1.0709 0.7664 0.7488 2.0131 0.3881 0.3451 0.5153 0.4725
0.9978 0.7906 1.0681 0.7676 0.7499 2.0069 0.3825 0.3353 0.5106 0.4634
1.0004 0.7872 1.0771 0.7622 0.7466 1.9892 0.3961 0.3524 0.5212 0.4788
1.0078 0.7907 1.0871 0.7552 0.7409 1.9836 0.3990 0.3553 0.5221 0.4803
0.9969 0.7879 1.0803 0.7564 0.7390 2.0124 0.3935 0.3585 0.5177 0.4828
0.9973 0.7901 1.0813 0.7603 0.7438 1.9805 0.4016 0.3587 0.5256 0.4840
0.9988 0.7837 1.0600 0.7667 0.7515 2.0509 0.3771 0.3444 0.5056 0.4724
0.9963 0.7906 1.0729 0.7644 0.7499 1.9938 0.3963 0.3529 0.5220 0.4799
0.9938 0.7915 1.0735 0.7611 0.7490 2.0079 0.3902 0.3423 0.5160 0.4699
0.9919 0.7917 1.0719 0.7632 0.7492 1.9988 0.3909 0.3469 0.5170 0.4742
0.9890 0.7898 1.0790 0.7555 0.7429 2.0031 0.3987 0.3501 0.5220 0.4759
0.9931 0.7893 1.0751 0.7550 0.7368 2.0036 0.3867 0.3544 0.5115 0.4786
1.0007 0.7885 1.0640 0.7630 0.7491 2.0213 0.3830 0.3434 0.5100 0.4709
0.9994 0.7904 1.0603 0.7664 0.7474 2.0505 0.3751 0.3286 0.5037 0.4565
0.9956 0.7927 1.0768 0.7550 0.7464 2.0586 0.3856 0.3446 0.5105 0.4715
0.9976 0.7894 1.0818 0.7533 0.7366 1.9956 0.3870 0.3400 0.5113 0.4653
0.9879 0.7880 1.0579 0.7674 0.7504 2.0485 0.3752 0.3345 0.5040 0.4628
0.9957 0.7869 1.0684 0.7588 0.7428 2.0165 0.3859 0.3459 0.5116 0.4720
0.9930 0.7892 1.0746 0.7533 0.7373 2.0312 0.3828 0.3470 0.5076 0.4719
0.9883 0.7856 1.0763 0.7503 0.7367 2.0234 0.3943 0.3531 0.5169 0.4774
0.9959 0.7842 1.0560 0.7659 0.7520 2.0460 0.3767 0.3333 0.5050 0.4619
0.9990 0.7900 1.0703 0.7572 0.7432 1.9876 0.4001 0.3581 0.5236 0.4834
0.9923 0.7883 1.0680 0.7559 0.7411 1.9954 0.3861 0.3564 0.5111 0.4813
