3.5473 0.1646 3.7127 0.0612 0.0561 2.5580 0.3819 0.3571 0.1055 0.0969
2.8487 0.3080 3.0365 0.2137 0.2008 2.2337 0.4194 0.4319 0.2831 0.2741
2.2827 0.4452 2.2936 0.4077 0.3685 2.1050 0.4053 0.4285 0.4065 0.3962
1.8099 0.5625 1.6887 0.5740 0.5476 2.1264 0.3565 0.3896 0.4398 0.4552
1.4795 0.6676 1.3057 0.6833 0.6676 2.1430 0.3082 0.3410 0.4248 0.4514
1.2686 0.7238 1.1573 0.7157 0.7036 2.0820 0.3181 0.3563 0.4404 0.4731
1.1594 0.7588 1.0231 0.7684 0.7605 2.1261 0.2972 0.3282 0.4287 0.4585
1.0856 0.7821 0.9832 0.7747 0.7673 2.0481 0.3287 0.3496 0.4616 0.4803
1.0446 0.7932 0.9393 0.7911 0.7755 2.0388 0.2986 0.3230 0.4336 0.4561
1.0083 0.8062 0.8895 0.8160 0.8004 2.1539 0.2615 0.2956 0.3960 0.4317
0.9822 0.8123 0.8860 0.8043 0.7864 2.1507 0.2754 0.3224 0.4103 0.4573
0.9767 0.8086 0.8677 0.8176 0.8042 2.1303 0.2746 0.3049 0.4111 0.4422
0.9633 0.8185 0.8793 0.8089 0.7931 2.0751 0.2888 0.3170 0.4256 0.4530
0.9517 0.8241 0.8743 0.8179 0.8026 2.0989 0.2792 0.3136 0.4163 0.4510
0.9433 0.8220 0.8755 0.8196 0.8090 2.1104 0.2706 0.3027 0.4068 0.4405
0.9493 0.8219 0.8697 0.8201 0.8053 2.1414 0.2688 0.3170 0.4049 0.4549
0.9390 0.8261 0.8807 0.8188 0.8090 2.1560 0.2878 0.3129 0.4258 0.4512
0.9404 0.8250 0.8883 0.8183 0.8033 2.0695 0.2775 0.3075 0.4145 0.4448
0.9413 0.8277 0.8895 0.8188 0.8092 2.1176 0.2798 0.3026 0.4171 0.4405
0.9382 0.8269 0.8868 0.8169 0.8040 2.1166 0.2931 0.3253 0.4314 0.4632
0.9464 0.8209 0.8979 0.8164 0.8017 2.1032 0.2861 0.3025 0.4237 0.4393
0.9518 0.8184 0.8986 0.8157 0.8008 2.1538 0.2807 0.3015 0.4176 0.4381
0.9523 0.8209 0.8971 0.8266 0.8091 2.1627 0.2900 0.3027 0.4294 0.4406
0.9519 0.8177 0.9076 0.8198 0.8029 2.1230 0.3009 0.3240 0.4402 0.4616
0.9595 0.8204 0.9375 0.8013 0.7887 2.1126 0.3119 0.3252 0.4490 0.4606
0.9525 0.8180 0.9391 0.8048 0.7897 2.0782 0.3137 0.3213 0.4514 0.4568
0.9639 0.8144 0.9332 0.8169 0.8048 2.1030 0.2824 0.2929 0.4198 0.4295
0.9667 0.8164 0.9407 0.8074 0.7903 2.1340 0.2941 0.3025 0.4311 0.4375
0.9678 0.8149 0.9537 0.7992 0.7846 2.1218 0.2952 0.3168 0.4312 0.4514
0.9637 0.8143 0.9630 0.8011 0.7902 2.1186 0.3071 0.3304 0.4440 0.4660
0.9726 0.8149 0.9547 0.8069 0.7927 2.1486 0.2974 0.3053 0.4346 0.4408
0.9754 0.8098 0.9628 0.8098 0.7976 2.1241 0.3022 0.3114 0.4401 0.4479
0.9761 0.8087 0.9732 0.7968 0.7850 2.1241 0.3053 0.3221 0.4415 0.4568
0.9815 0.8084 0.9840 0.8021 0.7908 2.1539 0.3192 0.3150 0.4567 0.4505
0.9842 0.8063 0.9959 0.7992 0.7868 2.1009 0.3193 0.3310 0.4563 0.4659
0.9875 0.8025 0.9908 0.7992 0.7875 2.1451 0.3144 0.3134 0.4513 0.4483
0.9895 0.8042 1.0015 0.7902 0.7764 2.1363 0.3005 0.3036 0.4354 0.4365
0.9919 0.8007 1.0138 0.7824 0.7717 2.1585 0.3118 0.3114 0.4459 0.4438
0.9909 0.8014 1.0104 0.7814 0.7632 2.1129 0.3234 0.3282 0.4575 0.4590
0.9911 0.8019 1.0095 0.7928 0.7794 2.1391 0.3109 0.3192 0.4466 0.4529
0.9971 0.7991 1.0126 0.7897 0.7739 2.1443 0.3053 0.3129 0.4404 0.4456
0.9901 0.8047 1.0275 0.7783 0.7661 2.1274 0.3012 0.3147 0.4343 0.4461
0.9909 0.8047 1.0154 0.7868 0.7718 2.1885 0.3012 0.3141 0.4356 0.4465
0.9958 0.8008 1.0380 0.7749 0.7609 2.1233 0.3167 0.3294 0.4496 0.4597
0.9967 0.7953 1.0408 0.7717 0.7602 2.1513 0.3205 0.3151 0.4529 0.4455
0.9946 0.7982 1.0315 0.7820 0.7675 2.1620 0.3216 0.3228 0.4558 0.4544
1.0066 0.7965 1.0178 0.7902 0.7773 2.2186 0.3057 0.3197 0.4409 0.4531
1.0000 0.7964 1.0476 0.7773 0.7664 2.1458 0.3176 0.3224 0.4509 0.4538
1.0010 0.7986 1.0551 0.7713 0.7608 2.1442 0.3219 0.3278 0.4542 0.4582
1.0068 0.7973 1.0450 0.7775 0.7589 2.1569 0.3166 0.3254 0.4499 0.4555
1.0038 0.7930 1.0539 0.7693 0.7580 2.1745 0.3383 0.3229 0.4699 0.4528
1.0081 0.7880 1.0638 0.7657 0.7542 2.1425 0.3239 0.3305 0.4552 0.4596
1.0049 0.7861 1.0502 0.7715 0.7594 2.1898 0.3119 0.3110 0.4442 0.4412
1.0073 0.7880 1.0323 0.7870 0.7685 2.2191 0.3100 0.3114 0.4448 0.4432
1.0047 0.7943 1.0769 0.7586 0.7458 2.1216 0.3415 0.3295 0.4709 0.4571
1.0053 0.7919 1.0633 0.7645 0.7535 2.1543 0.3247 0.3148 0.4558 0.4440
1.0052 0.7878 1.0747 0.7647 0.7563 2.1177 0.3300 0.3258 0.4610 0.4554
1.0030 0.7941 1.0738 0.7608 0.7434 2.1557 0.3334 0.3143 0.4636 0.4418
1.0094 0.7872 1.0794 0.7569 0.7431 2.1431 0.3412 0.3293 0.4704 0.4563
1.0083 0.7920 1.0604 0.7679 0.7475 2.2221 0.3163 0.3211 0.4481 0.4492
1.0023 0.7883 1.0628 0.7686 0.7570 2.2123 0.3109 0.3109 0.4427 0.4408
1.0070 0.7921 1.0576 0.7700 0.7580 2.2160 0.3053 0.3072 0.4373 0.4372
1.0052 0.7874 1.0666 0.7640 0.7507 2.2009 0.3269 0.3249 0.4579 0.4535
1.0035 0.7908 1.0781 0.7540 0.7377 2.1529 0.3264 0.3251 0.4556 0.4513
1.0060 0.7856 1.0713 0.7613 0.7461 2.1631 0.3282 0.3169 0.4587 0.4448
1.0108 0.7836 1.0721 0.7625 0.7493 2.1818 0.3254 0.3266 0.4562 0.4549
1.0067 0.7868 1.0715 0.7623 0.7480 2.2115 0.3271 0.3291 0.4577 0.4571
0.9970 0.7897 1.0679 0.7642 0.7483 2.1731 0.3202 0.3186 0.4513 0.4469
1.0055 0.7871 1.0691 0.7582 0.7450 2.2099 0.3224 0.3174 0.4524 0.4451
0.9987 0.7860 1.0644 0.7610 0.7453 2.1773 0.3245 0.3199 0.4550 0.4476
1.0026 0.7870 1.0698 0.7610 0.7479 2.1988 0.3190 0.3186 0.4495 0.4469
1.0061 0.7900 1.0696 0.7639 0.7475 2.1617 0.3274 0.3204 0.4584 0.4485
1.0070 0.7855 1.0633 0.7659 0.7513 2.2070 0.3113 0.3040 0.4426 0.4328
0.9992 0.7885 1.0767 0.7559 0.7405 2.2088 0.3223 0.3106 0.4519 0.4376
0.9983 0.7863 1.0771 0.7571 0.7441 2.1802 0.3300 0.3190 0.4596 0.4466
0.9982 0.7870 1.0729 0.7593 0.7466 2.1711 0.3229 0.3154 0.4531 0.4434
0.9991 0.7882 1.0737 0.7608 0.7488 2.1930 0.3420 0.3218 0.4718 0.4502
1.0105 0.7828 1.0714 0.7664 0.7560 2.1674 0.3330 0.3116 0.4643 0.4413
0.9969 0.7904 1.0723 0.7596 0.7408 2.1630 0.3244 0.3189 0.4546 0.4459
0.9945 0.7866 1.0722 0.7537 0.7419 2.2092 0.3324 0.3170 0.4613 0.4442
1.0061 0.7808 1.0644 0.7605 0.7448 2.1858 0.3281 0.3320 0.4584 0.4593
0.9989 0.7857 1.0674 0.7581 0.7409 2.2206 0.3291 0.3311 0.4589 0.4577
0.9993 0.7846 1.0677 0.7584 0.7425 2.2037 0.3252 0.3186 0.4552 0.4459
0.9977 0.7846 1.0693 0.7645 0.7515 2.1761 0.3363 0.3284 0.4671 0.4570
0.9972 0.7885 1.0707 0.7599 0.7476 2.2155 0.3293 0.3160 0.4595 0.4442
0.9912 0.7868 1.0762 0.7496 0.7353 2.1778 0.3272 0.3122 0.4555 0.4383
1.0043 0.7813 1.0628 0.7632 0.7465 2.1714 0.3216 0.3103 0.4525 0.4384
0.9914 0.7867 1.0581 0.7586 0.7400 2.1979 0.3211 0.3222 0.4512 0.4490
0.9954 0.7867 1.0678 0.7543 0.7392 2.1778 0.3255 0.3118 0.4548 0.4386
0.9987 0.7794 1.0687 0.7526 0.7371 2.1852 0.3264 0.3076 0.4554 0.4341
0.9892 0.7866 1.0666 0.7574 0.7440 2.1966 0.3209 0.3207 0.4508 0.4482
0.9904 0.7876 1.0675 0.7548 0.7382 2.1608 0.3341 0.3264 0.4632 0.4526
0.9916 0.7830 1.0588 0.7610 0.7445 2.2075 0.3345 0.3304 0.4647 0.4577
0.9899 0.7867 1.0581 0.7548 0.7427 2.2134 0.3269 0.3207 0.4563 0.4480
0.9962 0.7817 1.0594 0.7576 0.7435 2.1746 0.3391 0.3139 0.4685 0.4415
0.9941 0.7812 1.0801 0.7508 0.7376 2.1284 0.3254 0.3089 0.4540 0.4355
0.9969 0.7850 1.0692 0.7540 0.7419 2.2000 0.3086 0.2951 0.4380 0.4223
0.9955 0.7821 1.0647 0.7540 0.7383 2.1836 0.3349 0.3279 0.4638 0.4541
0.9929 0.7878 1.0653 0.7557 0.7442 2.1817 0.3315 0.3227 0.4608 0.4502
0.9919 0.7831 1.0630 0.7596 0.7470 2.1429 0.3463 0.3282 0.4757 0.4561
