3.5187 0.1321 3.7096 0.0481 0.0570 2.9186 0.2598 0.3027 0.0812 0.0959
2.8532 0.2953 3.0692 0.1838 0.1946 2.3572 0.3549 0.4099 0.2422 0.2639
2.2637 0.4464 2.3297 0.4014 0.3904 2.1317 0.3959 0.4321 0.3986 0.4102
1.8118 0.5579 1.7873 0.5309 0.5233 2.0015 0.4086 0.4304 0.4618 0.4723
1.5024 0.6499 1.4426 0.6355 0.6207 1.9603 0.3820 0.3905 0.4772 0.4794
1.2955 0.7175 1.2150 0.7110 0.6960 1.9468 0.3657 0.3576 0.4830 0.4725
1.1861 0.7422 1.0753 0.7560 0.7411 1.9556 0.3598 0.3414 0.4876 0.4675
1.0941 0.7772 1.0159 0.7705 0.7584 1.9739 0.3525 0.3313 0.4837 0.4611
1.0402 0.7910 0.9551 0.7912 0.7794 1.9486 0.3484 0.3307 0.4838 0.4643
1.0188 0.7975 0.9292 0.7955 0.7848 1.9164 0.3523 0.3356 0.4884 0.4702
0.9809 0.8073 0.9121 0.7996 0.7914 1.9359 0.3562 0.3237 0.4929 0.4595
0.9715 0.8087 0.9059 0.8006 0.7884 1.9072 0.3594 0.3280 0.4961 0.4632
0.9488 0.8167 0.8892 0.8108 0.8041 1.9189 0.3523 0.3169 0.4912 0.4546
0.9454 0.8170 0.8865 0.8057 0.7982 1.9077 0.3674 0.3355 0.5046 0.4724
0.9429 0.8159 0.8647 0.8211 0.8081 1.9533 0.3277 0.3147 0.4684 0.4529
0.9275 0.8229 0.8734 0.8171 0.8086 1.9407 0.3268 0.3073 0.4669 0.4453
0.9388 0.8219 0.8682 0.8242 0.8128 1.9220 0.3493 0.3277 0.4907 0.4671
0.9361 0.8208 0.8860 0.8177 0.8018 1.8952 0.3719 0.3385 0.5113 0.4760
0.9280 0.8220 0.8904 0.8115 0.7980 1.9162 0.3571 0.3285 0.4960 0.4655
0.9288 0.8217 0.8834 0.8186 0.8065 1.8904 0.3557 0.3208 0.4960 0.4591
0.9350 0.8201 0.8905 0.8179 0.8074 1.8906 0.3484 0.3206 0.4887 0.4590
0.9312 0.8207 0.9116 0.8033 0.7881 1.8939 0.3841 0.3503 0.5197 0.4850
0.9355 0.8197 0.9105 0.8104 0.7984 1.9017 0.3623 0.3342 0.5008 0.4711
0.9441 0.8182 0.9104 0.8106 0.7960 1.8900 0.3796 0.3479 0.5171 0.4842
0.9433 0.8170 0.9119 0.8137 0.7996 1.8976 0.3660 0.3275 0.5049 0.4647
0.9500 0.8111 0.9228 0.8069 0.7931 1.8833 0.3786 0.3359 0.5154 0.4719
0.9558 0.8110 0.9456 0.7982 0.7868 1.8403 0.4069 0.3599 0.5390 0.4939
0.9608 0.8093 0.9302 0.8067 0.7916 1.9201 0.3689 0.3215 0.5063 0.4573
0.9621 0.8080 0.9523 0.7982 0.7837 1.8812 0.4006 0.3684 0.5335 0.5012
0.9648 0.8120 0.9507 0.7997 0.7892 1.8479 0.3982 0.3606 0.5317 0.4950
0.9576 0.8137 0.9585 0.7953 0.7824 1.8916 0.3841 0.3468 0.5180 0.4806
0.9699 0.8066 0.9559 0.8052 0.7898 1.8738 0.3839 0.3435 0.5199 0.4787
0.9631 0.8133 0.9782 0.7916 0.7796 1.8453 0.4112 0.3661 0.5413 0.4982
0.9705 0.8098 0.9738 0.7962 0.7773 1.8466 0.3938 0.3619 0.5269 0.4939
0.9729 0.8101 0.9689 0.7916 0.7723 1.8861 0.3847 0.3459 0.5178 0.4778
0.9750 0.8042 0.9822 0.7945 0.7837 1.8935 0.3920 0.3383 0.5250 0.4726
0.9785 0.8071 0.9861 0.7926 0.7737 1.8771 0.3988 0.3609 0.5306 0.4922
0.9713 0.8057 0.9862 0.7946 0.7815 1.8815 0.4040 0.3445 0.5357 0.4782
0.9777 0.8017 0.9921 0.7892 0.7754 1.9129 0.3991 0.3467 0.5301 0.4792
0.9759 0.8015 0.9977 0.7875 0.7756 1.8852 0.3966 0.3373 0.5275 0.4701
0.9727 0.8071 1.0045 0.7849 0.7683 1.9049 0.4009 0.3553 0.5307 0.4859
0.9840 0.7992 1.0053 0.7856 0.7718 1.8916 0.3911 0.3327 0.5222 0.4649
0.9763 0.8025 1.0078 0.7856 0.7713 1.9040 0.3926 0.3398 0.5236 0.4718
0.9778 0.8003 1.0131 0.7871 0.7713 1.8950 0.4026 0.3535 0.5328 0.4848
0.9764 0.8036 1.0113 0.7827 0.7638 1.8998 0.3877 0.3527 0.5186 0.4826
0.9866 0.7963 1.0116 0.7853 0.7657 1.9171 0.3810 0.3536 0.5131 0.4838
0.9890 0.7979 1.0122 0.7837 0.7688 1.9185 0.3914 0.3536 0.5221 0.4844
0.9840 0.7986 1.0181 0.7854 0.7710 1.9382 0.3842 0.3455 0.5160 0.4772
0.9936 0.7933 1.0161 0.7873 0.7659 1.9301 0.3906 0.3574 0.5222 0.4874
0.9921 0.7952 1.0303 0.7742 0.7599 1.8936 0.3972 0.3555 0.5250 0.4844
0.9903 0.7955 1.0101 0.7897 0.7694 1.9498 0.3853 0.3416 0.5179 0.4731
0.9952 0.7913 1.0223 0.7810 0.7611 1.9297 0.3768 0.3441 0.5084 0.4740
0.9958 0.7939 1.0210 0.7834 0.7706 1.9262 0.3741 0.3334 0.5064 0.4654
0.9962 0.7914 1.0348 0.7725 0.7568 1.9759 0.3719 0.3393 0.5021 0.4686
0.9971 0.7888 1.0388 0.7771 0.7596 1.9221 0.3873 0.3497 0.5170 0.4789
0.9923 0.7942 1.0423 0.7686 0.7524 1.9375 0.3909 0.3479 0.5182 0.4758
0.9845 0.7949 1.0429 0.7763 0.7607 1.9061 0.3977 0.3556 0.5259 0.4846
0.9895 0.7914 1.0386 0.7724 0.7580 1.9274 0.3920 0.3441 0.5201 0.4733
0.9883 0.7938 1.0352 0.7778 0.7591 1.9526 0.3796 0.3282 0.5102 0.4582
0.9881 0.7921 1.0299 0.7771 0.7616 1.9437 0.3808 0.3312 0.5111 0.4617
0.9871 0.7923 1.0339 0.7754 0.7592 1.9736 0.3776 0.3378 0.5079 0.4675
0.9891 0.7909 1.0336 0.7718 0.7540 1.9442 0.3699 0.3288 0.5001 0.4579
0.9921 0.7930 1.0517 0.7678 0.7522 1.9142 0.3952 0.3506 0.5218 0.4783
0.9850 0.7921 1.0235 0.7764 0.7569 2.0017 0.3648 0.3223 0.4964 0.4521
0.9804 0.7967 1.0447 0.7690 0.7521 1.9230 0.3909 0.3460 0.5183 0.4740
0.9845 0.7953 1.0262 0.7771 0.7560 1.9910 0.3686 0.3235 0.5001 0.4531
0.9832 0.7950 1.0420 0.7749 0.7558 1.9866 0.3794 0.3394 0.5094 0.4685
0.9900 0.7891 1.0252 0.7815 0.7612 2.0005 0.3645 0.3203 0.4971 0.4509
0.9920 0.7905 1.0363 0.7768 0.7576 2.0270 0.3578 0.3260 0.4899 0.4559
0.9869 0.7937 1.0426 0.7669 0.7487 1.9871 0.3728 0.3296 0.5017 0.4577
0.9857 0.7932 1.0518 0.7647 0.7466 1.9635 0.3818 0.3250 0.5093 0.4528
0.9899 0.7881 1.0421 0.7725 0.7540 1.9883 0.3792 0.3348 0.5087 0.4637
0.9842 0.7904 1.0392 0.7720 0.7540 2.0043 0.3766 0.3217 0.5062 0.4509
0.9810 0.7939 1.0519 0.7633 0.7473 1.9824 0.3703 0.3330 0.4987 0.4607
0.9805 0.7911 1.0402 0.7722 0.7555 2.0512 0.3541 0.3314 0.4855 0.4607
0.9832 0.7885 1.0366 0.7707 0.7509 2.0187 0.3653 0.3292 0.4957 0.4577
0.9881 0.7904 1.0374 0.7701 0.7550 2.0566 0.3561 0.3214 0.4870 0.4508
0.9807 0.7917 1.0403 0.7637 0.7473 2.0157 0.3585 0.3134 0.4880 0.4416
0.9859 0.7873 1.0395 0.7705 0.7520 1.9868 0.3782 0.3426 0.5074 0.4707
0.9818 0.7923 1.0336 0.7756 0.7558 2.0181 0.3679 0.3210 0.4990 0.4507
0.9722 0.7925 1.0532 0.7572 0.7425 2.0036 0.3647 0.3287 0.4923 0.4556
0.9733 0.7972 1.0527 0.7615 0.7453 1.9990 0.3784 0.3341 0.5055 0.4614
0.9725 0.7927 1.0376 0.7661 0.7453 2.0388 0.3447 0.3057 0.4755 0.4335
0.9779 0.7857 1.0341 0.7676 0.7479 2.0358 0.3670 0.3185 0.4966 0.4468
0.9789 0.7888 1.0357 0.7679 0.7541 2.0395 0.3544 0.3054 0.4849 0.4348
0.9802 0.7893 1.0453 0.7606 0.7426 2.0407 0.3696 0.3240 0.4975 0.4512
0.9778 0.7890 1.0434 0.7620 0.7463 2.0409 0.3602 0.3297 0.4891 0.4574
0.9755 0.7933 1.0402 0.7632 0.7462 2.0128 0.3694 0.3164 0.4978 0.4444
0.9754 0.7873 1.0360 0.7683 0.7487 2.0312 0.3575 0.3096 0.4880 0.4380
0.9712 0.7910 1.0393 0.7659 0.7465 2.0099 0.3695 0.3336 0.4985 0.4612
0.9815 0.7875 1.0311 0.7756 0.7606 2.0613 0.3487 0.3091 0.4811 0.4396
0.9741 0.7923 1.0324 0.7662 0.7429 2.0769 0.3440 0.3157 0.4748 0.4431
0.9758 0.7923 1.0351 0.7676 0.7489 2.0400 0.3638 0.3308 0.4937 0.4589
0.9793 0.7853 1.0372 0.7678 0.7522 2.0719 0.3509 0.3180 0.4817 0.4470
0.9728 0.7915 1.0323 0.7673 0.7492 2.0827 0.3657 0.3271 0.4953 0.4554
0.9771 0.7876 1.0278 0.7701 0.7515 2.0677 0.3512 0.3170 0.4824 0.4459
0.9839 0.7847 1.0331 0.7666 0.7469 2.0633 0.3554 0.3193 0.4856 0.4473
0.9751 0.7914 1.0321 0.7644 0.7461 2.0658 0.3403 0.3194 0.4710 0.4473
0.9672 0.7938 1.0309 0.7664 0.7510 2.0918 0.3575 0.3160 0.4876 0.4449
0.9673 0.7910 1.0321 0.7673 0.7507 2.0681 0.3469 0.3061 0.4778 0.4348
