3.6767 0.0850 3.5706 0.0532 0.0687 3.1344 0.2447 0.2171 0.0874 0.1044
3.0537 0.2532 2.8298 0.2955 0.2947 2.6839 0.3340 0.3350 0.3136 0.3136
2.3608 0.4565 2.0035 0.5151 0.4978 2.3470 0.3920 0.3816 0.4452 0.4320
1.7660 0.5895 1.4125 0.6857 0.6655 2.2149 0.3480 0.3393 0.4617 0.4495
1.4135 0.6859 1.1161 0.7686 0.7508 2.2216 0.2895 0.2867 0.4206 0.4150
1.2287 0.7461 0.9905 0.7990 0.7893 2.1459 0.2952 0.2758 0.4311 0.4088
1.1290 0.7757 0.9197 0.8166 0.8115 2.1429 0.3025 0.2650 0.4415 0.3996
1.0647 0.8022 0.8454 0.8460 0.8326 2.2491 0.2625 0.2564 0.4006 0.3920
1.0135 0.8133 0.8256 0.8458 0.8408 2.1973 0.2659 0.2541 0.4046 0.3902
0.9835 0.8218 0.8063 0.8512 0.8421 2.1439 0.2823 0.2533 0.4240 0.3895
0.9623 0.8345 0.7823 0.8660 0.8547 2.2244 0.2505 0.2334 0.3886 0.3667
0.9487 0.8321 0.7704 0.8648 0.8545 2.2396 0.2391 0.2209 0.3746 0.3511
0.9319 0.8356 0.7756 0.8618 0.8521 2.1997 0.2625 0.2453 0.4024 0.3809
0.9190 0.8433 0.7733 0.8601 0.8526 2.2007 0.2787 0.2576 0.4209 0.3956
0.9179 0.8465 0.7766 0.8626 0.8573 2.1964 0.2774 0.2534 0.4198 0.3911
0.9193 0.8440 0.7581 0.8769 0.8658 2.2208 0.2463 0.2381 0.3846 0.3734
0.9074 0.8468 0.7717 0.8654 0.8518 2.2274 0.2608 0.2454 0.4008 0.3810
0.9127 0.8465 0.7782 0.8674 0.8585 2.1701 0.2581 0.2417 0.3978 0.3772
0.9140 0.8440 0.7772 0.8677 0.8568 2.1996 0.2715 0.2525 0.4135 0.3900
0.9075 0.8472 0.7710 0.8750 0.8619 2.2684 0.2387 0.2448 0.3751 0.3813
0.9234 0.8477 0.7866 0.8684 0.8604 2.2017 0.2730 0.2481 0.4154 0.3851
0.9225 0.8476 0.7853 0.8735 0.8630 2.2211 0.2433 0.2256 0.3806 0.3577
0.9243 0.8465 0.7906 0.8727 0.8631 2.2475 0.2414 0.2254 0.3782 0.3575
0.9258 0.8499 0.8031 0.8657 0.8540 2.2206 0.2558 0.2454 0.3949 0.3813
0.9249 0.8483 0.8116 0.8643 0.8516 2.2164 0.2577 0.2349 0.3970 0.3683
0.9446 0.8373 0.8217 0.8633 0.8537 2.2194 0.2589 0.2490 0.3984 0.3856
0.9368 0.8416 0.8231 0.8589 0.8454 2.2166 0.2598 0.2403 0.3990 0.3743
0.9420 0.8424 0.8354 0.8553 0.8438 2.2087 0.2764 0.2698 0.4178 0.4088
0.9443 0.8393 0.8395 0.8565 0.8425 2.2168 0.2701 0.2551 0.4106 0.3917
0.9490 0.8401 0.8342 0.8620 0.8448 2.2308 0.2651 0.2548 0.4055 0.3915
0.9444 0.8417 0.8366 0.8614 0.8513 2.2355 0.2534 0.2350 0.3916 0.3683
0.9423 0.8405 0.8474 0.8594 0.8468 2.2187 0.2798 0.2584 0.4221 0.3960
0.9411 0.8359 0.8604 0.8536 0.8455 2.1896 0.2807 0.2613 0.4224 0.3992
0.9495 0.8399 0.8599 0.8529 0.8462 2.1806 0.2866 0.2492 0.4291 0.3850
0.9550 0.8365 0.8597 0.8536 0.8387 2.2291 0.2559 0.2392 0.3938 0.3722
0.9608 0.8347 0.8713 0.8497 0.8407 2.1664 0.2879 0.2543 0.4301 0.3905
0.9640 0.8366 0.8671 0.8502 0.8372 2.1984 0.2781 0.2563 0.4192 0.3924
0.9593 0.8359 0.8719 0.8511 0.8376 2.2109 0.2545 0.2326 0.3919 0.3641
0.9675 0.8303 0.8716 0.8528 0.8360 2.2052 0.2649 0.2489 0.4042 0.3835
0.9631 0.8307 0.8809 0.8443 0.8344 2.2123 0.2774 0.2378 0.4176 0.3701
0.9707 0.8269 0.8858 0.8468 0.8370 2.2072 0.2634 0.2381 0.4018 0.3708
0.9714 0.8288 0.8980 0.8359 0.8263 2.1687 0.2846 0.2484 0.4246 0.3820
0.9671 0.8278 0.8913 0.8446 0.8312 2.1961 0.2776 0.2504 0.4179 0.3848
0.9761 0.8264 0.8865 0.8458 0.8303 2.2461 0.2602 0.2440 0.3980 0.3771
0.9722 0.8279 0.9027 0.8365 0.8244 2.2159 0.2593 0.2332 0.3959 0.3636
0.9636 0.8316 0.9094 0.8366 0.8250 2.2087 0.2778 0.2525 0.4171 0.3866
0.9785 0.8246 0.8953 0.8414 0.8286 2.2530 0.2486 0.2312 0.3838 0.3615
0.9741 0.8250 0.9080 0.8387 0.8257 2.2521 0.2586 0.2369 0.3953 0.3681
0.9752 0.8277 0.9104 0.8371 0.8240 2.2022 0.2761 0.2533 0.4153 0.3874
0.9766 0.8252 0.9056 0.8375 0.8281 2.2787 0.2324 0.2234 0.3638 0.3519
0.9851 0.8207 0.9032 0.8378 0.8276 2.2878 0.2482 0.2303 0.3830 0.3603
0.9739 0.8230 0.9097 0.8371 0.8264 2.2447 0.2558 0.2328 0.3918 0.3633
0.9740 0.8237 0.9104 0.8348 0.8235 2.2628 0.2477 0.2382 0.3820 0.3696
0.9730 0.8237 0.9234 0.8320 0.8220 2.2466 0.2646 0.2486 0.4015 0.3818
0.9771 0.8230 0.9143 0.8339 0.8206 2.2552 0.2386 0.2270 0.3710 0.3556
0.9813 0.8207 0.9205 0.8295 0.8179 2.2274 0.2701 0.2473 0.4075 0.3798
0.9827 0.8203 0.9166 0.8334 0.8209 2.2490 0.2570 0.2297 0.3929 0.3589
0.9748 0.8235 0.9188 0.8281 0.8151 2.2424 0.2708 0.2403 0.4082 0.3712
0.9857 0.8210 0.9177 0.8327 0.8207 2.2419 0.2524 0.2314 0.3873 0.3610
0.9867 0.8116 0.9178 0.8305 0.8118 2.2386 0.2659 0.2396 0.4028 0.3700
0.9825 0.8145 0.9255 0.8261 0.8096 2.2394 0.2718 0.2551 0.4091 0.3880
0.9772 0.8180 0.9227 0.8319 0.8189 2.2643 0.2507 0.2268 0.3853 0.3552
0.9867 0.8137 0.9192 0.8283 0.8169 2.2417 0.2683 0.2379 0.4053 0.3685
0.9837 0.8175 0.9228 0.8293 0.8170 2.2794 0.2516 0.2357 0.3861 0.3659
0.9866 0.8123 0.9193 0.8288 0.8154 2.2721 0.2642 0.2396 0.4007 0.3704
0.9774 0.8175 0.9242 0.8244 0.8129 2.2452 0.2663 0.2361 0.4025 0.3659
0.9843 0.8127 0.9253 0.8273 0.8149 2.2414 0.2562 0.2356 0.3912 0.3655
0.9829 0.8155 0.9201 0.8273 0.8115 2.2668 0.2433 0.2209 0.3760 0.3472
0.9828 0.8144 0.9309 0.8223 0.8119 2.2608 0.2679 0.2320 0.4042 0.3609
0.9829 0.8106 0.9218 0.8262 0.8134 2.2394 0.2602 0.2300 0.3958 0.3586
0.9763 0.8160 0.9268 0.8189 0.8025 2.2689 0.2645 0.2341 0.3999 0.3625
0.9806 0.8132 0.9187 0.8279 0.8122 2.2545 0.2522 0.2299 0.3867 0.3583
0.9789 0.8125 0.9250 0.8262 0.8127 2.3126 0.2440 0.2272 0.3768 0.3552
0.9781 0.8115 0.9305 0.8188 0.8076 2.2579 0.2750 0.2427 0.4117 0.3733
0.9781 0.8100 0.9230 0.8213 0.8040 2.2540 0.2582 0.2352 0.3929 0.3639
0.9820 0.8079 0.9272 0.8208 0.8072 2.2639 0.2570 0.2322 0.3915 0.3606
0.9883 0.8107 0.9362 0.8193 0.8104 2.2720 0.2658 0.2428 0.4013 0.3736
0.9813 0.8119 0.9179 0.8274 0.8102 2.2738 0.2505 0.2298 0.3845 0.3580
0.9751 0.8070 0.9274 0.8155 0.8077 2.2801 0.2539 0.2284 0.3872 0.3561
0.9801 0.8096 0.9197 0.8189 0.8040 2.2653 0.2596 0.2298 0.3942 0.3574
0.9772 0.8120 0.9283 0.8193 0.8085 2.2660 0.2664 0.2483 0.4021 0.3800
0.9763 0.8095 0.9199 0.8223 0.8056 2.2753 0.2496 0.2327 0.3829 0.3611
0.9710 0.8130 0.9285 0.8186 0.8093 2.2435 0.2684 0.2311 0.4043 0.3595
0.9769 0.8104 0.9292 0.8159 0.8042 2.2527 0.2672 0.2318 0.4025 0.3599
0.9718 0.8092 0.9293 0.8164 0.8054 2.2769 0.2546 0.2339 0.3882 0.3625
0.9678 0.8131 0.9225 0.8191 0.8076 2.2626 0.2541 0.2323 0.3879 0.3608
0.9778 0.8038 0.9274 0.8155 0.8052 2.2775 0.2549 0.2292 0.3884 0.3569
0.9781 0.8067 0.9318 0.8118 0.7992 2.3005 0.2592 0.2457 0.3929 0.3759
0.9773 0.8073 0.9184 0.8147 0.8041 2.3450 0.2421 0.2146 0.3733 0.3387
0.9800 0.8047 0.9214 0.8179 0.8025 2.2895 0.2588 0.2464 0.3932 0.3771
0.9730 0.8119 0.9209 0.8172 0.8048 2.2919 0.2603 0.2481 0.3949 0.3793
0.9711 0.8100 0.9193 0.8142 0.8016 2.3118 0.2645 0.2435 0.3993 0.3736
0.9757 0.8081 0.9195 0.8191 0.8072 2.3035 0.2592 0.2333 0.3938 0.3620
0.9688 0.8119 0.9229 0.8179 0.8063 2.3012 0.2587 0.2378 0.3931 0.3673
0.9680 0.8103 0.9285 0.8150 0.8056 2.2958 0.2535 0.2379 0.3867 0.3673
0.9759 0.8083 0.9152 0.8179 0.8052 2.2844 0.2587 0.2374 0.3931 0.3667
0.9754 0.8075 0.9195 0.8145 0.8017 2.2946 0.2589 0.2369 0.3930 0.3657
0.9683 0.8037 0.9263 0.8152 0.8035 2.2968 0.2613 0.2500 0.3958 0.3813
0.9734 0.8013 0.9222 0.8104 0.8004 2.3017 0.2536 0.2320 0.3864 0.3597
0.9717 0.8092 0.9237 0.8147 0.8006 2.2550 0.2630 0.2522 0.3976 0.3835
