5.1173 0.0513 6.1147 0.0000 0.0000 4.1761 0.1099 0.1088 0.0000 0.0000
4.6889 0.1036 5.4596 0.0000 0.0000 3.6654 0.1951 0.1963 0.0000 0.0000
3.9312 0.1845 4.6908 0.0000 0.0000 3.1162 0.2164 0.2168 0.0000 0.0000
3.1779 0.2585 3.8625 0.0329 0.0329 2.9598 0.2400 0.2407 0.0578 0.0579
2.6550 0.3321 3.3914 0.0958 0.0979 2.9843 0.2545 0.2541 0.1392 0.1414
2.2909 0.4117 3.0276 0.1746 0.1761 3.1667 0.2319 0.2321 0.1992 0.2002
2.1017 0.4513 2.7076 0.2415 0.2449 3.3240 0.2278 0.2285 0.2345 0.2364
1.9509 0.4808 2.6124 0.2738 0.2759 3.2694 0.2305 0.2304 0.2503 0.2511
1.8195 0.5060 2.4075 0.3192 0.3213 3.4019 0.2187 0.2182 0.2596 0.2599
1.7087 0.5361 2.3093 0.3509 0.3662 3.5709 0.2113 0.2116 0.2638 0.2682
1.6152 0.5587 2.1645 0.3804 0.3834 3.5900 0.2032 0.2025 0.2649 0.2650
1.5817 0.5751 2.1036 0.4218 0.4278 3.5686 0.2066 0.2070 0.2774 0.2791
1.4587 0.5959 2.0060 0.4371 0.4367 3.7029 0.1904 0.1907 0.2653 0.2654
1.4206 0.6196 1.9947 0.4359 0.4398 3.5815 0.2181 0.2194 0.2907 0.2927
1.3298 0.6173 1.8848 0.4960 0.5030 3.6972 0.1951 0.1943 0.2801 0.2803
1.3378 0.6319 1.8143 0.4932 0.4944 3.6865 0.2066 0.2056 0.2912 0.2904
1.3009 0.6445 1.7447 0.5215 0.5254 3.8853 0.1918 0.1913 0.2804 0.2804
1.2231 0.6563 1.6715 0.5119 0.5210 3.8373 0.1989 0.1994 0.2864 0.2884
1.2273 0.6581 1.6567 0.5312 0.5382 3.9964 0.1921 0.1914 0.2822 0.2824
1.2048 0.6703 1.6450 0.5283 0.5341 3.8671 0.2009 0.1998 0.2911 0.2908
1.1206 0.6872 1.5260 0.5618 0.5640 3.9915 0.1901 0.1897 0.2841 0.2839
1.1614 0.6801 1.5481 0.5584 0.5647 3.9523 0.1975 0.1964 0.2918 0.2915
1.1083 0.6835 1.5140 0.5720 0.5742 3.9405 0.1958 0.1953 0.2918 0.2915
1.0768 0.6959 1.4827 0.5799 0.5809 4.0060 0.2076 0.2079 0.3058 0.3063
1.0477 0.7096 1.4416 0.5952 0.5969 4.0967 0.1931 0.1918 0.2916 0.2903
1.0534 0.7079 1.3870 0.6128 0.6193 4.1613 0.1820 0.1809 0.2807 0.2800
0.9877 0.7232 1.3341 0.6281 0.6327 4.1557 0.1834 0.1828 0.2838 0.2837
0.9566 0.7351 1.3106 0.6219 0.6305 4.2187 0.1773 0.1772 0.2759 0.2766
0.9616 0.7344 1.3110 0.6298 0.6315 4.3183 0.1790 0.1783 0.2787 0.2781
0.9306 0.7360 1.2757 0.6468 0.6506 4.3294 0.1739 0.1742 0.2741 0.2748
0.9079 0.7389 1.2529 0.6599 0.6653 4.3839 0.1695 0.1698 0.2698 0.2706
0.9059 0.7381 1.2431 0.6525 0.6569 4.3598 0.1705 0.1700 0.2704 0.2701
0.8984 0.7519 1.2374 0.6519 0.6543 4.3042 0.1813 0.1807 0.2837 0.2832
0.8630 0.7605 1.1536 0.6831 0.6845 4.5137 0.1722 0.1722 0.2751 0.2752
0.8484 0.7635 1.1327 0.6780 0.6821 4.5310 0.1604 0.1596 0.2595 0.2587
0.8407 0.7605 1.1379 0.6820 0.6872 4.4310 0.1729 0.1725 0.2759 0.2758
0.8287 0.7641 1.0900 0.6803 0.6856 4.4946 0.1645 0.1643 0.2649 0.2650
0.8106 0.7652 1.0751 0.7007 0.7032 4.5826 0.1608 0.1612 0.2615 0.2622
0.8240 0.7699 1.0802 0.7012 0.7084 4.5014 0.1769 0.1772 0.2826 0.2835
0.7772 0.7761 1.0494 0.7115 0.7137 4.5605 0.1864 0.1863 0.2954 0.2955
0.7344 0.7944 1.0076 0.7166 0.7237 4.6582 0.1587 0.1587 0.2599 0.2603
0.7179 0.7947 0.9660 0.7256 0.7305 4.6748 0.1557 0.1557 0.2564 0.2567
0.7464 0.7953 0.9704 0.7256 0.7304 4.7151 0.1550 0.1554 0.2555 0.2562
0.7131 0.7956 0.9853 0.7273 0.7318 4.8301 0.1517 0.1517 0.2510 0.2513
0.7256 0.7937 0.9462 0.7443 0.7478 4.9287 0.1426 0.1425 0.2393 0.2394
0.7181 0.7920 0.9952 0.7256 0.7316 4.8142 0.1631 0.1627 0.2664 0.2662
0.6764 0.8011 0.9242 0.7438 0.7474 4.8840 0.1655 0.1650 0.2707 0.2703
0.6668 0.8027 0.8656 0.7443 0.7476 4.8667 0.1699 0.1695 0.2766 0.2763
0.6714 0.8019 0.9161 0.7438 0.7497 4.9500 0.1746 0.1749 0.2828 0.2837
0.6467 0.8115 0.8739 0.7602 0.7640 5.0131 0.1631 0.1631 0.2686 0.2688
0.6637 0.8084 0.8238 0.7676 0.7718 4.8766 0.1655 0.1655 0.2723 0.2726
0.6396 0.8172 0.8184 0.7812 0.7855 4.8735 0.1675 0.1673 0.2759 0.2759
0.6178 0.8277 0.8068 0.7857 0.7885 4.9085 0.1628 0.1630 0.2697 0.2702
0.6016 0.8288 0.8012 0.7880 0.7917 4.9014 0.1614 0.1613 0.2680 0.2680
0.6104 0.8317 0.7960 0.7885 0.7919 4.8788 0.1631 0.1628 0.2703 0.2701
0.6076 0.8288 0.7913 0.7829 0.7871 4.8910 0.1641 0.1640 0.2714 0.2714
0.5821 0.8340 0.7751 0.7834 0.7867 4.9150 0.1655 0.1653 0.2733 0.2731
0.5964 0.8357 0.7835 0.7834 0.7865 4.8449 0.1665 0.1662 0.2746 0.2744
0.5836 0.8368 0.8041 0.7834 0.7876 4.9032 0.1695 0.1691 0.2787 0.2785
0.5987 0.8296 0.7780 0.7857 0.7894 4.8633 0.1675 0.1671 0.2761 0.2759
0.5867 0.8372 0.7739 0.7948 0.7982 4.8942 0.1729 0.1724 0.2840 0.2836
0.5936 0.8355 0.7692 0.7885 0.7914 4.8984 0.1699 0.1694 0.2795 0.2790
0.5830 0.8359 0.7871 0.7880 0.7914 4.9268 0.1695 0.1692 0.2790 0.2788
0.5837 0.8332 0.7644 0.7925 0.7954 4.9112 0.1645 0.1642 0.2724 0.2722
0.5915 0.8348 0.7836 0.7925 0.7951 4.9044 0.1705 0.1702 0.2807 0.2803
0.5794 0.8403 0.7593 0.7959 0.7981 4.9783 0.1614 0.1611 0.2684 0.2681
0.5739 0.8375 0.7600 0.7863 0.7880 4.9294 0.1591 0.1588 0.2646 0.2643
0.5732 0.8376 0.7541 0.7885 0.7911 4.9643 0.1662 0.1659 0.2745 0.2743
0.5860 0.8356 0.7809 0.7897 0.7930 4.9490 0.1641 0.1639 0.2718 0.2717
0.5742 0.8312 0.7727 0.7920 0.7955 4.9406 0.1587 0.1584 0.2645 0.2642
0.5791 0.8376 0.7515 0.7959 0.7990 4.9979 0.1584 0.1581 0.2642 0.2639
0.5701 0.8429 0.7533 0.7959 0.7998 4.9374 0.1604 0.1601 0.2670 0.2667
0.5581 0.8352 0.7517 0.7885 0.7917 4.9495 0.1658 0.1654 0.2740 0.2737
0.5798 0.8359 0.7568 0.7868 0.7900 4.9921 0.1641 0.1637 0.2716 0.2711
0.5541 0.8369 0.7745 0.7863 0.7897 4.9026 0.1614 0.1612 0.2679 0.2678
0.5757 0.8367 0.7487 0.7942 0.7963 5.0021 0.1608 0.1607 0.2674 0.2674
0.5753 0.8427 0.7310 0.7954 0.7986 4.9986 0.1544 0.1541 0.2585 0.2584
0.5625 0.8379 0.7376 0.7988 0.8018 4.9691 0.1564 0.1559 0.2616 0.2611
0.5762 0.8428 0.7244 0.7982 0.8006 4.9899 0.1594 0.1593 0.2658 0.2657
0.5657 0.8413 0.7345 0.8010 0.8030 4.9825 0.1550 0.1552 0.2598 0.2602
0.5530 0.8424 0.7387 0.8016 0.8044 5.0078 0.1544 0.1540 0.2589 0.2585
0.5666 0.8411 0.7303 0.7937 0.7971 5.0290 0.1665 0.1665 0.2753 0.2755
0.5565 0.8361 0.7321 0.7959 0.7987 4.9331 0.1614 0.1615 0.2684 0.2687
0.5870 0.8312 0.7251 0.7988 0.8011 5.0382 0.1587 0.1590 0.2649 0.2653
0.5726 0.8353 0.7426 0.8016 0.8036 5.0042 0.1621 0.1618 0.2697 0.2693
0.5532 0.8439 0.7352 0.8016 0.8047 5.0565 0.1507 0.1504 0.2536 0.2534
0.5723 0.8351 0.7215 0.8090 0.8119 5.0198 0.1625 0.1626 0.2706 0.2709
0.5576 0.8405 0.7304 0.8027 0.8060 5.0197 0.1648 0.1650 0.2735 0.2739
0.5537 0.8399 0.7116 0.8033 0.8060 5.0154 0.1638 0.1635 0.2721 0.2718
0.5422 0.8448 0.7095 0.8050 0.8090 5.1206 0.1554 0.1553 0.2605 0.2606
0.5494 0.8423 0.7151 0.8010 0.8050 5.0498 0.1594 0.1591 0.2659 0.2657
0.5204 0.8504 0.7387 0.8022 0.8055 5.0131 0.1621 0.1617 0.2697 0.2694
0.5432 0.8437 0.7220 0.8078 0.8108 5.0564 0.1651 0.1647 0.2742 0.2738
0.5559 0.8413 0.7155 0.8073 0.8107 5.0573 0.1587 0.1587 0.2653 0.2654
0.5604 0.8425 0.7133 0.8005 0.8020 5.0893 0.1567 0.1564 0.2621 0.2618
0.5533 0.8439 0.7093 0.8050 0.8081 5.0468 0.1621 0.1616 0.2699 0.2694
0.5499 0.8412 0.7175 0.8073 0.8106 5.0440 0.1621 0.1615 0.2700 0.2694
0.5348 0.8455 0.6952 0.8112 0.8146 5.1048 0.1550 0.1549 0.2603 0.2603
0.5141 0.8527 0.7203 0.8044 0.8070 5.0613 0.1584 0.1586 0.2647 0.2651
0.5380 0.8449 0.7125 0.8061 0.8078 5.1446 0.1520 0.1517 0.2558 0.2554
