5.0278 0.0345 6.7305 0.0000 0.0000 4.0012 0.0667 0.0693 0.0000 0.0000
4.5595 0.1092 5.8841 0.0000 0.0000 3.5842 0.1510 0.1511 0.0000 0.0000
3.8072 0.2240 5.2068 0.0000 0.0000 2.9822 0.2265 0.2274 0.0000 0.0000
3.0770 0.3196 4.5723 0.0085 0.0103 2.7588 0.2639 0.2632 0.0165 0.0199
2.5966 0.3699 4.1268 0.0357 0.0363 2.7741 0.2666 0.2657 0.0630 0.0638
2.2995 0.4064 3.6633 0.0828 0.0838 2.8714 0.2747 0.2731 0.1272 0.1283
2.1029 0.4489 3.3474 0.1071 0.1121 3.0401 0.2551 0.2534 0.1509 0.1554
1.9261 0.4893 3.2938 0.1474 0.1543 2.9706 0.2690 0.2694 0.1904 0.1962
1.7820 0.5189 2.9002 0.2217 0.2316 3.2520 0.2599 0.2605 0.2392 0.2452
1.7002 0.5369 2.7808 0.2455 0.2516 3.3050 0.2497 0.2494 0.2476 0.2505
1.6119 0.5711 2.6798 0.2591 0.2654 3.3058 0.2737 0.2732 0.2662 0.2693
1.5294 0.5832 2.5394 0.3135 0.3204 3.4368 0.2467 0.2456 0.2761 0.2781
1.4719 0.5933 2.3933 0.3390 0.3454 3.4781 0.2538 0.2530 0.2903 0.2921
1.3832 0.6187 2.3084 0.3690 0.3785 3.5899 0.2268 0.2258 0.2810 0.2829
1.3307 0.6311 2.2078 0.3934 0.3988 3.6557 0.2315 0.2317 0.2915 0.2931
1.3155 0.6244 2.1050 0.4263 0.4284 3.9862 0.1834 0.1827 0.2564 0.2562
1.2933 0.6349 2.0646 0.4456 0.4531 3.9539 0.2032 0.2026 0.2791 0.2800
1.1998 0.6520 2.0249 0.4376 0.4452 4.0052 0.1958 0.1949 0.2706 0.2712
1.1777 0.6723 2.0110 0.4433 0.4443 3.8950 0.2295 0.2295 0.3025 0.3027
1.1434 0.6769 1.9651 0.4558 0.4597 3.8642 0.2251 0.2244 0.3014 0.3016
1.1159 0.6885 1.8905 0.4762 0.4785 3.9329 0.2218 0.2208 0.3026 0.3022
1.1044 0.6840 1.8184 0.4904 0.4976 4.0942 0.2130 0.2126 0.2970 0.2979
1.0609 0.6896 1.7839 0.4870 0.4917 4.0986 0.2093 0.2095 0.2928 0.2939
1.0378 0.7000 1.7670 0.5204 0.5199 4.2249 0.1864 0.1863 0.2745 0.2743
1.0036 0.7088 1.6881 0.5261 0.5365 4.1946 0.2042 0.2046 0.2943 0.2962
0.9715 0.7253 1.7401 0.5289 0.5317 4.0721 0.2171 0.2164 0.3078 0.3076
0.9652 0.7264 1.6317 0.5385 0.5463 4.2214 0.1968 0.1965 0.2883 0.2890
0.9404 0.7341 1.5722 0.5680 0.5730 4.3339 0.2005 0.2000 0.2964 0.2965
0.9147 0.7384 1.5748 0.5845 0.5853 4.4000 0.1864 0.1863 0.2826 0.2827
0.9314 0.7355 1.5879 0.5675 0.5729 4.3497 0.2046 0.2042 0.3007 0.3010
0.8787 0.7429 1.5254 0.5675 0.5726 4.3032 0.2049 0.2037 0.3011 0.3005
0.8873 0.7471 1.4865 0.5811 0.5874 4.4083 0.1935 0.1928 0.2903 0.2904
0.8586 0.7468 1.4554 0.5879 0.5926 4.2941 0.2096 0.2098 0.3091 0.3099
0.8416 0.7473 1.4035 0.6156 0.6153 4.4217 0.1864 0.1859 0.2861 0.2855
0.8159 0.7575 1.3640 0.6230 0.6271 4.4901 0.1962 0.1956 0.2984 0.2982
0.8419 0.7573 1.3880 0.6162 0.6202 4.5237 0.1989 0.1983 0.3007 0.3005
0.8204 0.7611 1.3478 0.6241 0.6309 4.7685 0.1756 0.1753 0.2741 0.2744
0.8139 0.7624 1.3156 0.6321 0.6333 4.7151 0.1857 0.1853 0.2871 0.2867
0.7852 0.7716 1.3488 0.6213 0.6270 4.5805 0.1925 0.1924 0.2939 0.2945
0.7697 0.7747 1.3144 0.6361 0.6394 4.6747 0.2005 0.2000 0.3049 0.3047
0.7498 0.7760 1.2780 0.6474 0.6496 4.6775 0.1894 0.1901 0.2931 0.2941
0.7582 0.7799 1.2580 0.6446 0.6480 4.6898 0.1989 0.1983 0.3039 0.3036
0.7403 0.7771 1.2323 0.6514 0.6544 4.6941 0.2016 0.2015 0.3078 0.3082
0.7003 0.7887 1.2069 0.6706 0.6770 4.7078 0.1850 0.1843 0.2900 0.2897
0.7279 0.7857 1.1395 0.6791 0.6837 4.7632 0.1854 0.1846 0.2912 0.2907
0.6974 0.7899 1.1581 0.6814 0.6850 4.7694 0.1881 0.1880 0.2948 0.2951
0.6851 0.7988 1.1810 0.6667 0.6740 4.7668 0.2032 0.2038 0.3115 0.3130
0.6836 0.7949 1.1459 0.6854 0.6881 4.8975 0.1908 0.1905 0.2985 0.2984
0.6624 0.7944 1.1043 0.7024 0.7102 5.0053 0.1941 0.1940 0.3042 0.3048
0.6753 0.8016 1.0863 0.7018 0.7022 4.8077 0.1820 0.1813 0.2890 0.2882
0.6463 0.8037 1.0299 0.7166 0.7192 4.7910 0.1931 0.1928 0.3042 0.3041
0.6316 0.8113 1.0355 0.7177 0.7196 4.7682 0.1968 0.1969 0.3089 0.3091
0.6237 0.8176 1.0284 0.7234 0.7279 4.8295 0.1871 0.1869 0.2972 0.2974
0.5981 0.8251 0.9831 0.7296 0.7330 4.8474 0.1857 0.1854 0.2961 0.2959
0.5923 0.8287 0.9991 0.7319 0.7345 4.8651 0.1827 0.1823 0.2924 0.2921
0.5955 0.8221 1.0144 0.7330 0.7362 4.8395 0.1871 0.1868 0.2981 0.2980
0.5977 0.8243 0.9986 0.7302 0.7341 4.8606 0.1894 0.1891 0.3008 0.3007
0.5977 0.8243 0.9990 0.7273 0.7302 4.8452 0.1871 0.1867 0.2976 0.2974
0.5896 0.8235 1.0008 0.7285 0.7326 4.8546 0.1854 0.1851 0.2955 0.2955
0.6034 0.8231 0.9853 0.7370 0.7416 4.9300 0.1847 0.1844 0.2954 0.2954
0.6054 0.8189 0.9803 0.7387 0.7429 4.8828 0.1874 0.1874 0.2989 0.2994
0.6020 0.8184 0.9846 0.7387 0.7441 4.9186 0.1830 0.1828 0.2933 0.2935
0.5981 0.8252 0.9827 0.7387 0.7425 4.9458 0.1860 0.1860 0.2972 0.2974
0.5922 0.8229 0.9912 0.7392 0.7429 4.8944 0.1857 0.1855 0.2968 0.2969
0.6152 0.8176 0.9724 0.7415 0.7432 4.9478 0.1850 0.1846 0.2962 0.2958
0.6012 0.8320 0.9602 0.7381 0.7390 4.9090 0.1908 0.1907 0.3032 0.3032
0.5957 0.8232 0.9426 0.7364 0.7387 4.9279 0.1904 0.1903 0.3026 0.3026
0.5890 0.8215 0.9677 0.7449 0.7477 4.9560 0.1813 0.1809 0.2917 0.2913
0.5873 0.8287 0.9593 0.7432 0.7459 4.9697 0.1860 0.1858 0.2976 0.2975
0.5989 0.8252 0.9760 0.7381 0.7410 4.9261 0.1891 0.1889 0.3010 0.3011
0.5984 0.8272 0.9719 0.7415 0.7445 4.9492 0.1864 0.1862 0.2979 0.2979
0.5809 0.8277 0.9279 0.7466 0.7493 4.9660 0.1790 0.1786 0.2887 0.2885
0.5908 0.8297 0.9682 0.7494 0.7509 4.9930 0.1881 0.1877 0.3007 0.3003
0.5758 0.8335 0.9502 0.7511 0.7538 4.9720 0.1850 0.1851 0.2969 0.2972
0.5650 0.8311 0.9576 0.7460 0.7488 4.9782 0.1867 0.1863 0.2987 0.2984
0.5777 0.8284 0.9345 0.7398 0.7413 4.9353 0.1901 0.1898 0.3025 0.3022
0.5799 0.8241 0.9423 0.7455 0.7494 4.9862 0.1834 0.1834 0.2943 0.2947
0.5706 0.8283 0.9520 0.7494 0.7530 5.0127 0.1847 0.1847 0.2964 0.2966
0.5832 0.8200 0.9377 0.7483 0.7522 4.9552 0.1901 0.1902 0.3032 0.3037
0.5707 0.8297 0.9422 0.7466 0.7490 4.9610 0.1834 0.1833 0.2944 0.2946
0.5696 0.8315 0.9347 0.7506 0.7550 5.0089 0.1817 0.1818 0.2925 0.2930
0.6061 0.8264 0.9376 0.7500 0.7536 5.0434 0.1796 0.1793 0.2899 0.2897
0.5526 0.8419 0.9259 0.7438 0.7464 4.9542 0.1860 0.1858 0.2976 0.2975
0.5709 0.8308 0.9269 0.7477 0.7501 5.0223 0.1837 0.1837 0.2949 0.2951
0.5776 0.8249 0.9232 0.7523 0.7557 5.0145 0.1813 0.1814 0.2922 0.2925
0.5631 0.8344 0.9199 0.7506 0.7552 5.0023 0.1776 0.1771 0.2873 0.2869
0.5617 0.8283 0.9234 0.7477 0.7514 4.9980 0.1874 0.1878 0.2997 0.3005
0.5444 0.8384 0.9322 0.7500 0.7536 5.0606 0.1884 0.1886 0.3012 0.3017
0.5599 0.8284 0.9307 0.7466 0.7478 4.9940 0.1860 0.1860 0.2979 0.2978
0.5726 0.8276 0.9131 0.7545 0.7588 5.0146 0.1830 0.1831 0.2946 0.2950
0.5637 0.8305 0.9043 0.7540 0.7590 5.0575 0.1864 0.1863 0.2989 0.2992
0.5526 0.8377 0.9014 0.7568 0.7608 5.0782 0.1817 0.1816 0.2930 0.2932
0.5683 0.8288 0.9118 0.7585 0.7630 5.0921 0.1780 0.1779 0.2883 0.2885
0.5589 0.8372 0.8960 0.7562 0.7623 5.1002 0.1773 0.1772 0.2872 0.2875
0.5735 0.8245 0.9048 0.7551 0.7598 5.1062 0.1803 0.1803 0.2911 0.2915
0.5505 0.8316 0.9088 0.7602 0.7645 5.0451 0.1780 0.1780 0.2884 0.2887
0.5603 0.8337 0.9113 0.7591 0.7638 5.0433 0.1834 0.1831 0.2954 0.2954
0.5603 0.8325 0.9052 0.7619 0.7660 5.1039 0.1847 0.1849 0.2973 0.2979
0.5655 0.8323 0.9180 0.7596 0.7628 5.0781 0.1820 0.1822 0.2936 0.2942
0.5386 0.8399 0.8969 0.7545 0.7572 5.0427 0.1827 0.1828 0.2941 0.2945
