5.0317 0.0312 6.7454 0.0000 0.0000 4.0032 0.0765 0.0762 0.0000 0.0000
4.5712 0.1052 5.8756 0.0000 0.0000 3.6140 0.1705 0.1707 0.0000 0.0000
3.8081 0.2024 5.2067 0.0000 0.0000 2.9700 0.2221 0.2213 0.0000 0.0000
3.0863 0.3052 4.5431 0.0034 0.0035 2.6994 0.2612 0.2611 0.0067 0.0070
2.5681 0.3705 4.1442 0.0300 0.0321 2.7094 0.2770 0.2752 0.0542 0.0575
2.2554 0.4252 3.6224 0.0913 0.0917 2.8954 0.2872 0.2852 0.1385 0.1388
2.0476 0.4665 3.1620 0.1446 0.1466 3.0030 0.2737 0.2731 0.1892 0.1908
1.8771 0.4981 3.0842 0.1746 0.1806 3.1390 0.2683 0.2679 0.2115 0.2157
1.7367 0.5280 2.8614 0.2166 0.2208 3.2123 0.2791 0.2783 0.2439 0.2462
1.6549 0.5443 2.7384 0.2409 0.2453 3.3568 0.2575 0.2567 0.2489 0.2509
1.5658 0.5695 2.5975 0.2948 0.2963 3.4858 0.2363 0.2355 0.2623 0.2624
1.4680 0.6020 2.4917 0.3214 0.3271 3.5628 0.2113 0.2104 0.2550 0.2560
1.4295 0.5956 2.3914 0.3424 0.3457 3.7228 0.2144 0.2129 0.2637 0.2635
1.3906 0.6087 2.3057 0.3611 0.3657 3.7994 0.2103 0.2093 0.2658 0.2662
1.3262 0.6316 2.2333 0.3861 0.3953 3.9069 0.2039 0.2034 0.2669 0.2686
1.2687 0.6372 2.1306 0.4257 0.4325 3.9133 0.1985 0.1982 0.2708 0.2718
1.2506 0.6476 2.2055 0.4121 0.4183 3.7763 0.2339 0.2338 0.2984 0.2999
1.2207 0.6652 2.1112 0.4342 0.4420 3.8392 0.2171 0.2162 0.2894 0.2904
1.1721 0.6723 2.0191 0.4569 0.4643 3.9341 0.2174 0.2182 0.2946 0.2968
1.1386 0.6831 1.9787 0.4598 0.4671 4.0694 0.2093 0.2092 0.2877 0.2889
1.0964 0.6869 1.9318 0.4824 0.4878 4.0830 0.2127 0.2124 0.2952 0.2959
1.0684 0.7028 1.9026 0.4949 0.5016 4.0694 0.2036 0.2034 0.2885 0.2894
1.0797 0.6984 1.8177 0.4921 0.4948 4.1564 0.2127 0.2124 0.2970 0.2972
1.0567 0.6989 1.8185 0.4921 0.4949 4.1462 0.2224 0.2218 0.3064 0.3063
1.0372 0.7016 1.7409 0.5215 0.5258 4.1867 0.2090 0.2089 0.2984 0.2990
0.9843 0.7211 1.7196 0.5368 0.5374 4.2199 0.2009 0.2008 0.2924 0.2923
1.0071 0.7140 1.6903 0.5340 0.5404 4.4220 0.2005 0.2005 0.2916 0.2925
0.9453 0.7156 1.6408 0.5550 0.5597 4.1932 0.2069 0.2066 0.3015 0.3018
0.9320 0.7340 1.6383 0.5476 0.5535 4.2514 0.2053 0.2048 0.2986 0.2990
0.9221 0.7299 1.5992 0.5601 0.5646 4.3052 0.2069 0.2071 0.3022 0.3030
0.9121 0.7327 1.5303 0.5771 0.5863 4.4489 0.1908 0.1903 0.2867 0.2874
0.8819 0.7492 1.4649 0.5986 0.6022 4.5404 0.1756 0.1751 0.2715 0.2713
0.8927 0.7432 1.4763 0.5924 0.5963 4.5866 0.1864 0.1854 0.2836 0.2828
0.8479 0.7572 1.4854 0.5913 0.6002 4.5717 0.1928 0.1932 0.2908 0.2923
0.8374 0.7567 1.4972 0.5811 0.5850 4.4961 0.2022 0.2022 0.3000 0.3006
0.8251 0.7561 1.4175 0.6088 0.6155 4.6450 0.1786 0.1787 0.2762 0.2770
0.8153 0.7571 1.3387 0.6241 0.6274 4.5892 0.1840 0.1839 0.2842 0.2845
0.7946 0.7676 1.4028 0.6015 0.6121 4.5643 0.2042 0.2038 0.3049 0.3058
0.7892 0.7779 1.3723 0.6162 0.6205 4.5955 0.1928 0.1928 0.2937 0.2942
0.7836 0.7668 1.3216 0.6241 0.6322 4.6007 0.1850 0.1851 0.2854 0.2864
0.7718 0.7704 1.2843 0.6366 0.6374 4.7056 0.1955 0.1954 0.2991 0.2991
0.7466 0.7788 1.2996 0.6429 0.6509 4.8858 0.1854 0.1857 0.2878 0.2889
0.7554 0.7839 1.2288 0.6423 0.6469 4.6945 0.1763 0.1753 0.2766 0.2759
0.7143 0.7865 1.2069 0.6627 0.6678 4.9161 0.1773 0.1772 0.2797 0.2801
0.7248 0.7859 1.2058 0.6644 0.6691 4.8737 0.1716 0.1714 0.2727 0.2729
0.7289 0.7864 1.2070 0.6587 0.6682 4.7526 0.1887 0.1882 0.2934 0.2937
0.7079 0.7895 1.1595 0.6825 0.6876 4.9338 0.1820 0.1814 0.2874 0.2870
0.6728 0.7940 1.1964 0.6729 0.6803 4.8025 0.1985 0.1984 0.3066 0.3072
0.6996 0.7968 1.1067 0.6984 0.7022 4.8614 0.1790 0.1786 0.2849 0.2848
0.6662 0.7979 1.1304 0.6859 0.6906 4.9298 0.1881 0.1875 0.2952 0.2950
0.6612 0.8004 1.0582 0.7109 0.7155 4.9109 0.1854 0.1853 0.2941 0.2944
0.6252 0.8212 1.0224 0.7092 0.7141 4.8813 0.1925 0.1923 0.3027 0.3030
0.6178 0.8151 1.0275 0.7183 0.7248 4.9086 0.1840 0.1838 0.2930 0.2932
0.6220 0.8191 0.9873 0.7279 0.7324 4.9570 0.1874 0.1872 0.2981 0.2982
0.6085 0.8164 1.0134 0.7262 0.7319 4.9255 0.1925 0.1921 0.3043 0.3043
0.6128 0.8239 0.9898 0.7319 0.7368 4.9773 0.1827 0.1827 0.2924 0.2928
0.6371 0.8188 0.9983 0.7256 0.7310 4.9585 0.1830 0.1831 0.2923 0.2928
0.5887 0.8288 1.0187 0.7251 0.7300 4.9511 0.1820 0.1818 0.2910 0.2912
0.6071 0.8213 0.9982 0.7245 0.7298 4.9382 0.1864 0.1860 0.2965 0.2965
0.6190 0.8189 0.9888 0.7239 0.7297 4.9245 0.1864 0.1863 0.2964 0.2968
0.5998 0.8301 0.9903 0.7313 0.7368 4.9442 0.1810 0.1809 0.2902 0.2905
0.6058 0.8215 0.9998 0.7302 0.7351 4.9460 0.1840 0.1838 0.2940 0.2941
0.5878 0.8265 0.9719 0.7268 0.7317 4.9439 0.1854 0.1852 0.2954 0.2956
0.6120 0.8181 0.9836 0.7347 0.7397 4.9849 0.1847 0.1847 0.2952 0.2956
0.5941 0.8265 0.9640 0.7347 0.7399 4.9831 0.1817 0.1816 0.2913 0.2916
0.5908 0.8275 0.9839 0.7290 0.7347 4.9988 0.1807 0.1803 0.2896 0.2895
0.6004 0.8252 0.9649 0.7313 0.7361 4.9615 0.1864 0.1863 0.2971 0.2974
0.5872 0.8237 0.9820 0.7341 0.7388 5.0043 0.1837 0.1835 0.2938 0.2940
0.5890 0.8261 0.9521 0.7358 0.7400 4.9931 0.1823 0.1824 0.2923 0.2927
0.5832 0.8287 0.9593 0.7347 0.7404 4.9858 0.1840 0.1838 0.2943 0.2945
0.5925 0.8196 0.9561 0.7353 0.7400 4.9993 0.1867 0.1865 0.2978 0.2980
0.6016 0.8255 0.9421 0.7330 0.7365 5.0142 0.1840 0.1840 0.2942 0.2944
0.5790 0.8303 0.9518 0.7341 0.7393 5.0419 0.1847 0.1843 0.2951 0.2951
0.5973 0.8225 0.9409 0.7358 0.7412 5.0199 0.1776 0.1776 0.2862 0.2865
0.6034 0.8173 0.9558 0.7347 0.7392 5.0930 0.1790 0.1786 0.2878 0.2877
0.6073 0.8125 0.9333 0.7409 0.7451 5.0446 0.1820 0.1818 0.2922 0.2923
0.5838 0.8236 0.9548 0.7409 0.7456 5.0541 0.1857 0.1856 0.2970 0.2972
0.5712 0.8324 0.9445 0.7381 0.7433 5.0059 0.1874 0.1874 0.2989 0.2993
0.5779 0.8256 0.9604 0.7392 0.7441 5.0578 0.1840 0.1838 0.2947 0.2948
0.5716 0.8276 0.9362 0.7375 0.7416 5.0420 0.1790 0.1788 0.2880 0.2881
0.5777 0.8284 0.9241 0.7364 0.7394 5.0458 0.1823 0.1823 0.2923 0.2925
0.6005 0.8192 0.9415 0.7392 0.7433 5.1063 0.1823 0.1821 0.2925 0.2925
0.5743 0.8323 0.9208 0.7443 0.7480 5.0709 0.1807 0.1804 0.2907 0.2907
0.5725 0.8275 0.9242 0.7381 0.7430 5.0479 0.1834 0.1833 0.2937 0.2941
0.5792 0.8259 0.9408 0.7375 0.7424 5.0546 0.1901 0.1899 0.3023 0.3025
0.5703 0.8317 0.9302 0.7381 0.7418 5.0979 0.1823 0.1821 0.2924 0.2925
0.5790 0.8277 0.9375 0.7364 0.7414 5.0665 0.1803 0.1801 0.2897 0.2898
0.5815 0.8313 0.9231 0.7438 0.7485 5.1048 0.1834 0.1832 0.2942 0.2944
0.5617 0.8340 0.9370 0.7426 0.7475 5.0991 0.1860 0.1861 0.2975 0.2980
0.5688 0.8327 0.9252 0.7370 0.7422 5.0954 0.1790 0.1790 0.2880 0.2884
0.5817 0.8219 0.9083 0.7489 0.7526 5.0956 0.1817 0.1815 0.2924 0.2924
0.5694 0.8291 0.9117 0.7483 0.7521 5.0790 0.1898 0.1898 0.3027 0.3031
0.5710 0.8297 0.9240 0.7438 0.7463 5.1006 0.1807 0.1809 0.2907 0.2912
0.5632 0.8361 0.9138 0.7528 0.7556 5.1404 0.1749 0.1750 0.2839 0.2842
0.5782 0.8252 0.9102 0.7511 0.7549 5.1419 0.1769 0.1770 0.2864 0.2867
0.5827 0.8223 0.9017 0.7506 0.7546 5.1167 0.1840 0.1839 0.2956 0.2957
0.5608 0.8307 0.9146 0.7506 0.7559 5.0983 0.1834 0.1835 0.2947 0.2953
0.5753 0.8251 0.9016 0.7523 0.7570 5.1491 0.1739 0.1739 0.2825 0.2829
0.5540 0.8337 0.9210 0.7472 0.7511 5.0932 0.1803 0.1800 0.2905 0.2904
0.5636 0.8304 0.9140 0.7500 0.7546 5.1294 0.1840 0.1839 0.2955 0.2957
