5.1229 0.0379 6.1564 0.0000 0.0000 4.1507 0.0516 0.0512 0.0000 0.0000
4.6699 0.1057 5.4334 0.0000 0.0000 3.6706 0.1884 0.1921 0.0000 0.0000
3.8895 0.1888 4.6321 0.0023 0.0019 3.0764 0.2292 0.2279 0.0045 0.0038
3.1144 0.2729 3.9032 0.0323 0.0324 2.8933 0.2653 0.2669 0.0576 0.0577
2.5983 0.3492 3.3119 0.1173 0.1207 3.0282 0.2642 0.2636 0.1625 0.1656
2.2771 0.3981 2.9427 0.2007 0.2039 3.1491 0.2504 0.2500 0.2228 0.2246
2.0476 0.4487 2.7439 0.2449 0.2493 3.1244 0.2467 0.2462 0.2458 0.2478
1.9321 0.4863 2.4909 0.2727 0.2771 3.2323 0.2447 0.2443 0.2579 0.2596
1.7733 0.5285 2.3339 0.3248 0.3233 3.2962 0.2238 0.2229 0.2650 0.2639
1.6487 0.5551 2.2736 0.3588 0.3626 3.2974 0.2282 0.2272 0.2790 0.2794
1.5763 0.5645 2.1324 0.3985 0.4016 3.4517 0.2123 0.2112 0.2771 0.2769
1.5164 0.5801 2.0492 0.4167 0.4189 3.6158 0.1992 0.1987 0.2695 0.2696
1.4547 0.6056 1.9382 0.4410 0.4433 3.7528 0.1881 0.1880 0.2637 0.2641
1.4036 0.6159 1.8774 0.4615 0.4623 3.7439 0.1830 0.1820 0.2621 0.2612
1.3565 0.6255 1.8390 0.4807 0.4807 3.7395 0.1989 0.1983 0.2813 0.2808
1.2983 0.6401 1.7594 0.4926 0.4999 3.8583 0.1860 0.1857 0.2701 0.2708
1.2927 0.6495 1.7773 0.4966 0.5005 3.7755 0.1955 0.1942 0.2805 0.2799
1.2280 0.6680 1.6799 0.5238 0.5274 3.8186 0.1958 0.1952 0.2851 0.2850
1.1914 0.6725 1.6183 0.5488 0.5545 3.9417 0.1793 0.1787 0.2703 0.2703
1.1798 0.6725 1.5942 0.5420 0.5448 3.9610 0.1796 0.1793 0.2698 0.2698
1.1580 0.6831 1.5439 0.5646 0.5708 3.9335 0.1766 0.1756 0.2691 0.2686
1.1094 0.6877 1.5292 0.5669 0.5700 3.8653 0.2046 0.2032 0.3007 0.2996
1.0963 0.6972 1.4951 0.5828 0.5866 3.9091 0.1992 0.1989 0.2969 0.2971
1.0544 0.7047 1.4078 0.6077 0.6141 4.1668 0.1692 0.1691 0.2647 0.2652
1.0476 0.7108 1.3968 0.5986 0.5969 3.9674 0.1921 0.1922 0.2909 0.2908
0.9790 0.7240 1.3495 0.6151 0.6226 4.2337 0.1668 0.1663 0.2625 0.2625
0.9907 0.7229 1.2976 0.6298 0.6334 4.2120 0.1689 0.1683 0.2663 0.2659
0.9704 0.7275 1.3078 0.6224 0.6341 4.1587 0.1854 0.1850 0.2857 0.2864
0.9476 0.7376 1.2850 0.6247 0.6331 4.3483 0.1850 0.1852 0.2855 0.2865
0.9341 0.7364 1.2236 0.6599 0.6601 4.3191 0.1807 0.1802 0.2837 0.2831
0.9037 0.7455 1.2271 0.6621 0.6661 4.4296 0.1766 0.1755 0.2788 0.2778
0.8893 0.7467 1.2187 0.6587 0.6667 4.3078 0.1904 0.1902 0.2954 0.2960
0.8901 0.7528 1.1731 0.6786 0.6834 4.4014 0.1699 0.1688 0.2717 0.2708
0.8483 0.7561 1.1220 0.6837 0.6863 4.3790 0.1682 0.1674 0.2700 0.2691
0.8642 0.7564 1.1193 0.6820 0.6825 4.3589 0.1756 0.1746 0.2793 0.2781
0.8269 0.7715 1.1130 0.6882 0.6893 4.4672 0.1817 0.1816 0.2875 0.2874
0.8258 0.7672 1.0875 0.6899 0.6987 4.5654 0.1736 0.1732 0.2774 0.2776
0.8014 0.7793 1.0592 0.6984 0.7013 4.5522 0.1807 0.1803 0.2871 0.2868
0.7931 0.7712 1.0590 0.7007 0.7078 4.4032 0.1749 0.1739 0.2800 0.2792
0.7938 0.7660 1.0108 0.7132 0.7196 4.5950 0.1598 0.1592 0.2610 0.2607
0.7590 0.7756 1.0116 0.7194 0.7208 4.6136 0.1601 0.1596 0.2619 0.2614
0.7540 0.7836 0.9754 0.7200 0.7266 4.5331 0.1820 0.1816 0.2906 0.2906
0.7303 0.7853 0.9739 0.7222 0.7309 4.6336 0.1709 0.1708 0.2764 0.2769
0.7122 0.7919 0.9391 0.7358 0.7398 4.7358 0.1675 0.1674 0.2729 0.2730
0.7152 0.7923 0.9510 0.7341 0.7399 4.8185 0.1672 0.1665 0.2723 0.2718
0.6704 0.8024 0.9005 0.7500 0.7578 4.6674 0.1803 0.1800 0.2907 0.2909
0.6927 0.7995 0.9024 0.7460 0.7498 4.9248 0.1503 0.1497 0.2502 0.2496
0.6921 0.7936 0.8791 0.7472 0.7530 4.6690 0.1611 0.1612 0.2651 0.2655
0.6693 0.8005 0.8858 0.7415 0.7462 4.7285 0.1716 0.1706 0.2786 0.2777
0.6327 0.8108 0.8334 0.7749 0.7788 4.8552 0.1557 0.1555 0.2593 0.2592
0.6590 0.8097 0.8038 0.7846 0.7884 4.9370 0.1625 0.1618 0.2692 0.2685
0.6200 0.8221 0.7821 0.7806 0.7859 4.8436 0.1648 0.1643 0.2722 0.2717
0.6012 0.8299 0.7906 0.7817 0.7858 4.8271 0.1678 0.1675 0.2764 0.2761
0.6007 0.8284 0.7687 0.7868 0.7912 4.8961 0.1689 0.1683 0.2780 0.2776
0.5975 0.8301 0.7542 0.7834 0.7855 4.8703 0.1618 0.1615 0.2682 0.2679
0.6245 0.8280 0.7590 0.7908 0.7945 4.9163 0.1635 0.1632 0.2709 0.2708
0.5870 0.8323 0.7846 0.7880 0.7925 4.8554 0.1641 0.1636 0.2717 0.2712
0.5841 0.8376 0.7703 0.7954 0.7986 4.9364 0.1567 0.1559 0.2619 0.2609
0.5764 0.8371 0.7488 0.7885 0.7928 4.9036 0.1631 0.1625 0.2703 0.2696
0.5898 0.8315 0.7644 0.7914 0.7953 4.9266 0.1628 0.1623 0.2700 0.2695
0.5978 0.8313 0.7694 0.7885 0.7924 4.9086 0.1648 0.1644 0.2726 0.2722
0.5952 0.8284 0.7465 0.7948 0.7989 4.9235 0.1601 0.1593 0.2665 0.2657
0.5878 0.8371 0.7503 0.7999 0.8033 4.9778 0.1557 0.1551 0.2607 0.2600
0.5861 0.8333 0.7763 0.7920 0.7955 4.8898 0.1645 0.1638 0.2724 0.2716
0.5845 0.8313 0.7661 0.8033 0.8084 4.9791 0.1581 0.1574 0.2642 0.2635
0.5718 0.8327 0.7549 0.8010 0.8055 4.9823 0.1567 0.1561 0.2622 0.2615
0.5705 0.8385 0.7570 0.8005 0.8067 4.9453 0.1628 0.1622 0.2706 0.2701
0.5834 0.8373 0.7429 0.7914 0.7972 4.9343 0.1587 0.1582 0.2644 0.2640
0.5681 0.8433 0.7621 0.7982 0.8003 4.9495 0.1611 0.1604 0.2681 0.2673
0.5828 0.8311 0.7368 0.8010 0.8044 5.0279 0.1574 0.1571 0.2631 0.2629
0.5874 0.8315 0.7270 0.7993 0.8025 4.9912 0.1544 0.1538 0.2588 0.2582
0.5553 0.8383 0.7342 0.7959 0.7990 4.9739 0.1550 0.1545 0.2595 0.2589
0.5681 0.8355 0.7270 0.7954 0.7997 4.9884 0.1594 0.1588 0.2656 0.2649
0.5546 0.8407 0.7370 0.7959 0.7997 4.9683 0.1598 0.1592 0.2661 0.2655
0.5878 0.8329 0.7296 0.7948 0.8019 4.9892 0.1577 0.1574 0.2632 0.2632
0.5691 0.8396 0.7432 0.7959 0.8021 4.9762 0.1662 0.1657 0.2749 0.2747
0.5717 0.8317 0.7202 0.7982 0.8048 4.9834 0.1628 0.1625 0.2704 0.2703
0.5769 0.8344 0.7307 0.8022 0.8073 5.0107 0.1557 0.1552 0.2608 0.2603
0.5749 0.8368 0.7329 0.8050 0.8091 5.0365 0.1577 0.1572 0.2638 0.2633
0.5638 0.8296 0.7343 0.8005 0.8046 5.0258 0.1665 0.1660 0.2757 0.2752
0.5559 0.8415 0.7164 0.8056 0.8105 5.0889 0.1554 0.1552 0.2605 0.2605
0.5898 0.8289 0.7105 0.8033 0.8064 5.0388 0.1520 0.1513 0.2556 0.2548
0.5520 0.8379 0.7153 0.8005 0.8047 4.9711 0.1719 0.1716 0.2830 0.2828
0.5659 0.8431 0.7089 0.8056 0.8097 5.0615 0.1628 0.1623 0.2708 0.2704
0.5582 0.8424 0.7120 0.8016 0.8067 5.0166 0.1695 0.1690 0.2799 0.2795
0.5700 0.8337 0.7199 0.8016 0.8068 5.0511 0.1594 0.1589 0.2659 0.2655
0.5424 0.8487 0.7176 0.8084 0.8138 5.0960 0.1621 0.1621 0.2701 0.2703
0.5348 0.8468 0.7100 0.8078 0.8114 5.0646 0.1638 0.1630 0.2724 0.2715
0.5485 0.8451 0.7150 0.8084 0.8120 5.0491 0.1631 0.1625 0.2715 0.2708
0.5685 0.8335 0.6980 0.8112 0.8140 5.0422 0.1618 0.1614 0.2698 0.2694
0.5376 0.8464 0.7153 0.8095 0.8137 5.0858 0.1699 0.1691 0.2808 0.2800
0.5366 0.8469 0.6923 0.8112 0.8159 5.0950 0.1689 0.1682 0.2795 0.2789
0.5497 0.8441 0.7154 0.8095 0.8142 5.0861 0.1621 0.1617 0.2701 0.2699
0.5508 0.8488 0.7024 0.8078 0.8119 5.0988 0.1651 0.1649 0.2742 0.2741
0.5456 0.8428 0.6988 0.8084 0.8139 5.1328 0.1695 0.1691 0.2803 0.2801
0.5362 0.8443 0.7019 0.8090 0.8134 5.0876 0.1598 0.1589 0.2668 0.2659
0.5401 0.8427 0.6885 0.8141 0.8177 5.1289 0.1584 0.1576 0.2652 0.2643
0.5316 0.8501 0.6965 0.8101 0.8143 5.1080 0.1574 0.1568 0.2636 0.2629
0.5658 0.8337 0.6934 0.8112 0.8158 5.1455 0.1507 0.1502 0.2541 0.2537
0.5363 0.8421 0.6956 0.8112 0.8159 5.1332 0.1594 0.1590 0.2665 0.2661
