5.0335 0.0191 6.7503 0.0000 0.0000 3.9959 0.0927 0.0919 0.0000 0.0000
4.5548 0.1353 5.8825 0.0000 0.0000 3.5521 0.1813 0.1855 0.0000 0.0000
3.7891 0.2055 5.1475 0.0000 0.0000 2.9211 0.2346 0.2345 0.0000 0.0000
3.0448 0.3256 4.4731 0.0062 0.0064 2.6803 0.2757 0.2751 0.0122 0.0125
2.5660 0.3688 4.0849 0.0385 0.0381 2.7606 0.2912 0.2897 0.0681 0.0674
2.2794 0.4169 3.7422 0.0777 0.0792 2.7496 0.2912 0.2898 0.1226 0.1245
2.0777 0.4499 3.4043 0.1196 0.1219 2.9171 0.2888 0.2888 0.1692 0.1714
1.9335 0.4779 3.1264 0.1780 0.1760 3.0549 0.2845 0.2844 0.2190 0.2174
1.8098 0.5143 2.8679 0.2177 0.2187 3.1657 0.2666 0.2657 0.2397 0.2399
1.6826 0.5363 2.7908 0.2494 0.2546 3.2684 0.2535 0.2529 0.2514 0.2537
1.6082 0.5611 2.6014 0.2914 0.3047 3.3427 0.2521 0.2513 0.2703 0.2754
1.5070 0.5897 2.5394 0.3135 0.3154 3.4576 0.2454 0.2454 0.2753 0.2760
1.4679 0.5992 2.4584 0.3339 0.3440 3.4594 0.2602 0.2596 0.2925 0.2959
1.4029 0.5992 2.3208 0.3543 0.3536 3.5066 0.2497 0.2491 0.2930 0.2923
1.3755 0.6157 2.1745 0.3963 0.4061 3.6669 0.2410 0.2402 0.2997 0.3019
1.2941 0.6483 2.0934 0.4127 0.4155 3.8592 0.2248 0.2238 0.2911 0.2909
1.2708 0.6408 2.1103 0.4138 0.4191 3.7230 0.2329 0.2324 0.2981 0.2990
1.2565 0.6359 2.0367 0.4331 0.4405 3.8502 0.2140 0.2136 0.2865 0.2877
1.1801 0.6661 2.0044 0.4524 0.4552 3.9152 0.2103 0.2105 0.2871 0.2878
1.1528 0.6705 1.9809 0.4632 0.4672 3.9472 0.2194 0.2191 0.2978 0.2983
1.1362 0.6849 1.8985 0.4813 0.4887 3.9024 0.2231 0.2237 0.3049 0.3069
1.1290 0.6881 1.8838 0.4717 0.4713 3.9533 0.2238 0.2234 0.3036 0.3031
1.0593 0.6989 1.7752 0.4983 0.5013 3.9919 0.2268 0.2266 0.3117 0.3121
1.0314 0.7048 1.7737 0.5074 0.5127 4.0687 0.2160 0.2159 0.3030 0.3039
1.0094 0.7140 1.7143 0.5255 0.5257 4.2120 0.1972 0.1972 0.2868 0.2868
1.0069 0.7145 1.6720 0.5346 0.5366 4.0704 0.2201 0.2203 0.3118 0.3124
1.0062 0.7135 1.5873 0.5561 0.5616 4.1821 0.1871 0.1873 0.2800 0.2809
0.9651 0.7251 1.5981 0.5448 0.5494 4.1583 0.2174 0.2164 0.3108 0.3105
0.9497 0.7348 1.6164 0.5493 0.5576 4.1353 0.2285 0.2286 0.3228 0.3242
0.9115 0.7391 1.5808 0.5471 0.5489 4.1770 0.2171 0.2169 0.3108 0.3109
0.9076 0.7428 1.4413 0.5969 0.5991 4.3513 0.2032 0.2027 0.3032 0.3030
0.9010 0.7391 1.4911 0.5754 0.5827 4.3530 0.2137 0.2141 0.3116 0.3132
0.8654 0.7460 1.4254 0.5952 0.5997 4.5580 0.1837 0.1836 0.2807 0.2811
0.8724 0.7479 1.4157 0.5964 0.5986 4.4168 0.2086 0.2078 0.3091 0.3085
0.8366 0.7584 1.4059 0.6100 0.6178 4.3970 0.2032 0.2027 0.3049 0.3052
0.8395 0.7527 1.3688 0.6207 0.6231 4.5457 0.1982 0.1973 0.3004 0.2997
0.8479 0.7567 1.3689 0.6304 0.6358 4.5807 0.2063 0.2060 0.3108 0.3112
0.8155 0.7579 1.3103 0.6310 0.6347 4.5940 0.1982 0.1971 0.3016 0.3008
0.7916 0.7657 1.3138 0.6412 0.6405 4.5046 0.1965 0.1957 0.3008 0.2998
0.7597 0.7729 1.2180 0.6565 0.6584 4.6743 0.1823 0.1816 0.2854 0.2847
0.7569 0.7799 1.2246 0.6508 0.6626 4.8312 0.1813 0.1812 0.2836 0.2846
0.7353 0.7757 1.2384 0.6446 0.6512 4.6097 0.2063 0.2064 0.3125 0.3134
0.7603 0.7764 1.1801 0.6712 0.6807 4.7206 0.1827 0.1827 0.2872 0.2881
0.7389 0.7769 1.2022 0.6689 0.6717 4.9723 0.1682 0.1677 0.2688 0.2684
0.7139 0.7939 1.1901 0.6735 0.6819 4.7727 0.1918 0.1911 0.2985 0.2985
0.6857 0.7975 1.1543 0.6825 0.6842 4.7986 0.2016 0.2009 0.3112 0.3106
0.7098 0.7929 1.1235 0.6842 0.6958 4.8065 0.1925 0.1915 0.3004 0.3003
0.6849 0.7892 1.1068 0.6820 0.6856 4.7835 0.1844 0.1835 0.2903 0.2896
0.6696 0.7925 1.0657 0.6950 0.7015 4.9903 0.1736 0.1732 0.2778 0.2778
0.6652 0.8029 1.0584 0.7058 0.7088 4.9366 0.1864 0.1860 0.2949 0.2946
0.6329 0.8064 1.0353 0.7103 0.7147 4.9018 0.1921 0.1912 0.3024 0.3016
0.6128 0.8160 0.9987 0.7205 0.7257 4.8581 0.1871 0.1862 0.2970 0.2964
0.6105 0.8160 0.9914 0.7251 0.7301 4.9586 0.1857 0.1851 0.2957 0.2953
0.6094 0.8220 0.9830 0.7205 0.7231 4.8790 0.1874 0.1866 0.2974 0.2967
0.6086 0.8201 0.9952 0.7245 0.7280 4.9245 0.1898 0.1892 0.3007 0.3004
0.6025 0.8180 0.9673 0.7279 0.7317 4.9047 0.1891 0.1883 0.3002 0.2995
0.5998 0.8221 0.9837 0.7171 0.7214 4.8692 0.1941 0.1935 0.3056 0.3051
0.5833 0.8268 0.9621 0.7211 0.7241 4.9166 0.1925 0.1917 0.3038 0.3031
0.5875 0.8287 0.9721 0.7296 0.7338 4.9733 0.1860 0.1855 0.2965 0.2961
0.5978 0.8256 0.9715 0.7285 0.7310 4.9209 0.1931 0.1928 0.3053 0.3051
0.6127 0.8217 0.9717 0.7296 0.7330 4.9488 0.1884 0.1881 0.2995 0.2994
0.5801 0.8289 0.9638 0.7290 0.7324 4.9618 0.1901 0.1894 0.3016 0.3010
0.5793 0.8337 0.9569 0.7296 0.7331 4.9294 0.1904 0.1897 0.3020 0.3014
0.5867 0.8301 0.9826 0.7336 0.7364 5.0279 0.1874 0.1869 0.2985 0.2981
0.5825 0.8228 0.9795 0.7217 0.7261 4.9497 0.1891 0.1888 0.2996 0.2997
0.5822 0.8288 0.9472 0.7302 0.7330 5.0298 0.1837 0.1832 0.2935 0.2932
0.5953 0.8228 0.9506 0.7353 0.7402 5.0373 0.1773 0.1767 0.2857 0.2853
0.5881 0.8260 0.9516 0.7330 0.7373 4.9420 0.1864 0.1857 0.2972 0.2966
0.6084 0.8219 0.9324 0.7426 0.7493 5.0819 0.1763 0.1755 0.2849 0.2844
0.5859 0.8275 0.9851 0.7324 0.7377 4.9686 0.1827 0.1821 0.2924 0.2920
0.5965 0.8265 0.9485 0.7415 0.7463 5.0252 0.1834 0.1828 0.2940 0.2937
0.6143 0.8231 0.9546 0.7392 0.7442 5.0132 0.1874 0.1871 0.2990 0.2990
0.5631 0.8301 0.9646 0.7336 0.7365 5.0181 0.1891 0.1891 0.3007 0.3009
0.5965 0.8253 0.9536 0.7381 0.7416 5.0070 0.1904 0.1901 0.3027 0.3026
0.5795 0.8237 0.9067 0.7489 0.7522 5.0700 0.1796 0.1789 0.2898 0.2890
0.5783 0.8253 0.9483 0.7415 0.7448 5.0477 0.1834 0.1832 0.2940 0.2941
0.5730 0.8311 0.9275 0.7336 0.7373 5.0266 0.1827 0.1821 0.2925 0.2920
0.5829 0.8284 0.9156 0.7443 0.7481 5.0812 0.1773 0.1770 0.2864 0.2862
0.5781 0.8284 0.9169 0.7404 0.7451 5.0570 0.1830 0.1828 0.2935 0.2935
0.5709 0.8271 0.9202 0.7455 0.7478 5.0771 0.1847 0.1840 0.2960 0.2954
0.5810 0.8271 0.9449 0.7432 0.7476 5.0482 0.1867 0.1862 0.2985 0.2981
0.5787 0.8305 0.9477 0.7432 0.7463 5.0590 0.1857 0.1852 0.2972 0.2968
0.5831 0.8259 0.9121 0.7415 0.7463 5.0888 0.1823 0.1818 0.2927 0.2924
0.5763 0.8275 0.9124 0.7494 0.7547 5.0834 0.1803 0.1799 0.2907 0.2905
0.5482 0.8376 0.9290 0.7500 0.7536 5.0911 0.1813 0.1808 0.2920 0.2917
0.5677 0.8293 0.9073 0.7449 0.7488 5.0707 0.1800 0.1798 0.2899 0.2900
0.5749 0.8308 0.8907 0.7489 0.7526 5.0795 0.1793 0.1790 0.2893 0.2892
0.5838 0.8288 0.8912 0.7506 0.7535 5.0998 0.1766 0.1760 0.2859 0.2854
0.5640 0.8301 0.9173 0.7466 0.7505 5.0913 0.1803 0.1799 0.2905 0.2902
0.5566 0.8325 0.8922 0.7540 0.7590 5.1066 0.1746 0.1743 0.2835 0.2834
0.5800 0.8289 0.8929 0.7562 0.7597 5.1613 0.1716 0.1708 0.2797 0.2789
0.5509 0.8327 0.9058 0.7489 0.7547 5.1105 0.1780 0.1774 0.2876 0.2873
0.5460 0.8365 0.9148 0.7540 0.7577 5.1123 0.1844 0.1838 0.2963 0.2958
0.5546 0.8332 0.9169 0.7506 0.7553 5.0873 0.1867 0.1868 0.2990 0.2995
0.5429 0.8383 0.8932 0.7585 0.7633 5.0904 0.1810 0.1810 0.2922 0.2926
0.5525 0.8347 0.9204 0.7523 0.7568 5.1299 0.1810 0.1808 0.2918 0.2919
0.5643 0.8343 0.8875 0.7579 0.7606 5.1829 0.1753 0.1748 0.2847 0.2843
0.5470 0.8420 0.9295 0.7511 0.7558 5.1340 0.1834 0.1829 0.2948 0.2945
0.5540 0.8352 0.8898 0.7591 0.7619 5.1754 0.1803 0.1801 0.2914 0.2913
0.5398 0.8405 0.8947 0.7625 0.7678 5.1850 0.1850 0.1848 0.2978 0.2980
