4.9081 0.0400 7.6612 0.0000 0.0000 3.8837 0.0910 0.0900 0.0000 0.0000
4.3587 0.1059 6.2530 0.0000 0.0000 3.5446 0.1749 0.1735 0.0000 0.0000
3.6321 0.2357 5.9466 0.0000 0.0000 2.9177 0.1995 0.1993 0.0000 0.0000
2.9206 0.3656 5.3163 0.0000 0.0000 2.6437 0.2231 0.2248 0.0000 0.0000
2.4468 0.4171 4.7514 0.0096 0.0124 2.7059 0.2535 0.2544 0.0186 0.0237
2.1437 0.4601 4.4526 0.0329 0.0355 2.8269 0.2673 0.2683 0.0586 0.0627
1.9644 0.4924 4.0831 0.0663 0.0683 2.9470 0.2727 0.2720 0.1067 0.1091
1.8121 0.5104 3.8412 0.0839 0.0890 3.0861 0.2818 0.2809 0.1293 0.1352
1.6932 0.5403 3.6756 0.1156 0.1182 3.1469 0.2794 0.2786 0.1636 0.1660
1.5910 0.5593 3.5386 0.1429 0.1475 3.1478 0.2824 0.2823 0.1897 0.1937
1.5120 0.5812 3.2556 0.1814 0.1823 3.2454 0.2912 0.2910 0.2236 0.2242
1.4456 0.5968 3.1523 0.2086 0.2156 3.3474 0.2804 0.2807 0.2392 0.2439
1.3615 0.6252 3.0202 0.2319 0.2299 3.4114 0.2720 0.2713 0.2503 0.2489
1.3300 0.6284 2.9585 0.2341 0.2377 3.5065 0.2700 0.2692 0.2508 0.2525
1.2559 0.6464 2.7989 0.2834 0.2849 3.6359 0.2612 0.2607 0.2719 0.2723
1.2368 0.6431 2.6380 0.3039 0.3110 3.7781 0.2471 0.2471 0.2725 0.2754
1.1857 0.6576 2.7021 0.3231 0.3279 3.7356 0.2585 0.2588 0.2872 0.2893
1.1414 0.6653 2.5415 0.3316 0.3325 3.9489 0.2491 0.2492 0.2845 0.2848
1.0914 0.6809 2.4431 0.3611 0.3693 3.9036 0.2373 0.2369 0.2864 0.2887
1.1115 0.6824 2.3716 0.3747 0.3767 3.9301 0.2305 0.2297 0.2855 0.2854
1.0344 0.6941 2.3536 0.3702 0.3817 4.0346 0.2289 0.2286 0.2828 0.2859
1.0316 0.7017 2.3026 0.3997 0.4059 4.0965 0.2289 0.2281 0.2910 0.2921
1.0306 0.7029 2.3524 0.4042 0.4156 4.0147 0.2417 0.2413 0.3025 0.3054
0.9802 0.7247 2.2096 0.4201 0.4258 4.0916 0.2380 0.2382 0.3038 0.3055
0.9451 0.7117 2.1966 0.4127 0.4195 4.1488 0.2440 0.2433 0.3067 0.3080
0.9421 0.7209 2.1060 0.4495 0.4613 4.3081 0.2265 0.2254 0.3012 0.3028
0.9082 0.7312 2.1633 0.4450 0.4504 4.1655 0.2393 0.2388 0.3112 0.3121
0.8948 0.7391 2.0256 0.4666 0.4733 4.2908 0.2238 0.2235 0.3025 0.3036
0.9012 0.7427 2.0532 0.4677 0.4679 4.2615 0.2262 0.2254 0.3049 0.3043
0.8700 0.7405 2.0399 0.4524 0.4582 4.1675 0.2349 0.2343 0.3092 0.3101
0.8570 0.7507 1.9303 0.4824 0.4842 4.2678 0.2241 0.2234 0.3061 0.3057
0.8475 0.7523 1.9336 0.4819 0.4871 4.2406 0.2305 0.2299 0.3119 0.3124
0.8053 0.7623 1.9167 0.4870 0.4898 4.2516 0.2460 0.2456 0.3269 0.3272
0.8302 0.7492 1.8419 0.5079 0.5106 4.4994 0.2231 0.2232 0.3100 0.3106
0.8006 0.7544 1.8338 0.4983 0.5017 4.4348 0.2262 0.2261 0.3111 0.3118
0.7944 0.7689 1.8503 0.4994 0.5111 4.4346 0.2201 0.2197 0.3055 0.3073
0.7505 0.7748 1.7439 0.5193 0.5259 4.4202 0.2147 0.2141 0.3038 0.3043
0.7497 0.7796 1.7147 0.5295 0.5333 4.4141 0.2258 0.2259 0.3166 0.3174
0.7382 0.7740 1.7760 0.5317 0.5377 4.3403 0.2353 0.2348 0.3262 0.3269
0.7484 0.7709 1.6559 0.5488 0.5519 4.5632 0.2208 0.2202 0.3149 0.3148
0.7229 0.7809 1.6418 0.5618 0.5738 4.6378 0.2167 0.2164 0.3128 0.3143
0.7390 0.7745 1.6812 0.5459 0.5501 4.5494 0.2369 0.2362 0.3305 0.3305
0.7124 0.7803 1.6277 0.5573 0.5618 4.5249 0.2312 0.2311 0.3268 0.3275
0.6924 0.7824 1.6471 0.5488 0.5567 4.5904 0.2309 0.2305 0.3250 0.3260
0.6802 0.7920 1.5699 0.5782 0.5827 4.7059 0.2133 0.2129 0.3117 0.3118
0.6658 0.7915 1.5173 0.5845 0.5877 4.6673 0.2110 0.2105 0.3100 0.3099
0.6551 0.8000 1.5011 0.5867 0.5924 4.6060 0.2268 0.2263 0.3272 0.3275
0.6442 0.7975 1.4901 0.5896 0.5939 4.6424 0.2211 0.2203 0.3216 0.3214
0.6356 0.8077 1.4649 0.6003 0.6119 4.8427 0.2073 0.2069 0.3082 0.3092
0.6297 0.8032 1.4820 0.5867 0.5933 4.8096 0.2076 0.2067 0.3067 0.3066
0.6156 0.8048 1.4373 0.6100 0.6152 4.8289 0.2083 0.2078 0.3105 0.3106
0.6170 0.8127 1.4081 0.6253 0.6310 4.8590 0.2110 0.2107 0.3155 0.3160
0.5731 0.8212 1.3633 0.6321 0.6370 4.8695 0.2103 0.2096 0.3156 0.3155
0.6029 0.8129 1.3513 0.6361 0.6407 4.8703 0.2080 0.2077 0.3134 0.3137
0.5869 0.8263 1.3535 0.6327 0.6371 4.8500 0.2063 0.2057 0.3111 0.3110
0.5974 0.8271 1.3603 0.6264 0.6318 4.8392 0.2144 0.2137 0.3194 0.3194
0.5826 0.8197 1.3713 0.6259 0.6292 4.8360 0.2154 0.2148 0.3205 0.3203
0.5781 0.8269 1.3419 0.6276 0.6318 4.8635 0.2130 0.2127 0.3181 0.3183
0.5784 0.8289 1.3560 0.6327 0.6371 4.9101 0.2144 0.2140 0.3202 0.3203
0.5867 0.8208 1.3364 0.6287 0.6352 4.8746 0.2110 0.2108 0.3159 0.3166
0.5671 0.8241 1.3462 0.6281 0.6327 4.8699 0.2137 0.2133 0.3189 0.3191
0.5654 0.8287 1.3349 0.6372 0.6429 4.9174 0.2083 0.2079 0.3140 0.3143
0.5970 0.8217 1.3267 0.6366 0.6415 4.9240 0.2103 0.2100 0.3162 0.3165
0.5802 0.8268 1.3171 0.6378 0.6455 4.9152 0.2150 0.2149 0.3216 0.3225
0.5836 0.8195 1.3156 0.6480 0.6545 4.8814 0.2076 0.2072 0.3145 0.3148
0.5689 0.8244 1.3169 0.6474 0.6517 4.9234 0.2073 0.2066 0.3140 0.3138
0.5486 0.8265 1.3219 0.6451 0.6505 4.8530 0.2154 0.2149 0.3229 0.3230
0.5758 0.8289 1.3079 0.6446 0.6501 4.8698 0.2150 0.2148 0.3225 0.3229
0.5474 0.8252 1.3088 0.6474 0.6537 4.8845 0.2100 0.2100 0.3171 0.3179
0.5835 0.8221 1.2838 0.6457 0.6518 4.8935 0.2066 0.2063 0.3130 0.3134
0.6040 0.8191 1.2959 0.6519 0.6585 4.9702 0.2150 0.2150 0.3234 0.3241
0.5729 0.8239 1.2919 0.6440 0.6515 4.9685 0.2059 0.2055 0.3121 0.3125
0.5554 0.8259 1.2982 0.6434 0.6508 4.9255 0.2069 0.2066 0.3132 0.3136
0.5650 0.8295 1.2853 0.6536 0.6602 4.9680 0.2046 0.2042 0.3116 0.3119
0.5565 0.8171 1.2797 0.6553 0.6629 4.9458 0.2049 0.2048 0.3122 0.3129
0.5593 0.8219 1.2898 0.6502 0.6567 4.9680 0.2096 0.2093 0.3171 0.3175
0.5660 0.8264 1.2816 0.6451 0.6526 4.9381 0.2053 0.2048 0.3114 0.3117
0.5574 0.8333 1.2688 0.6576 0.6644 5.0071 0.2019 0.2015 0.3089 0.3092
0.5568 0.8248 1.2952 0.6508 0.6592 4.9741 0.2076 0.2072 0.3148 0.3153
0.5456 0.8337 1.2964 0.6491 0.6556 4.9745 0.2103 0.2099 0.3177 0.3180
0.5723 0.8301 1.2907 0.6536 0.6598 4.9870 0.2100 0.2097 0.3178 0.3183
0.5379 0.8276 1.3240 0.6531 0.6601 4.9829 0.2130 0.2129 0.3212 0.3220
0.5513 0.8279 1.2583 0.6553 0.6605 4.9438 0.2123 0.2120 0.3207 0.3210
0.5430 0.8327 1.2692 0.6553 0.6630 4.9728 0.2042 0.2038 0.3114 0.3117
0.5648 0.8312 1.2652 0.6559 0.6626 5.0009 0.2059 0.2056 0.3134 0.3139
0.5362 0.8379 1.2817 0.6514 0.6562 4.9560 0.2144 0.2141 0.3226 0.3229
0.5570 0.8271 1.2699 0.6576 0.6633 4.9652 0.2056 0.2051 0.3133 0.3133
0.5547 0.8243 1.2648 0.6587 0.6646 5.0309 0.2076 0.2073 0.3157 0.3160
0.5590 0.8291 1.2537 0.6576 0.6613 4.9685 0.2063 0.2058 0.3140 0.3139
0.5657 0.8257 1.2741 0.6553 0.6632 4.9978 0.2113 0.2111 0.3196 0.3202
0.5553 0.8359 1.2689 0.6514 0.6582 4.9739 0.2036 0.2032 0.3102 0.3106
0.5262 0.8343 1.2898 0.6553 0.6629 4.9611 0.2073 0.2069 0.3149 0.3154
0.5408 0.8369 1.2622 0.6599 0.6652 4.9846 0.2103 0.2100 0.3190 0.3192
0.5498 0.8301 1.2520 0.6559 0.6625 5.0048 0.2107 0.2101 0.3189 0.3191
0.5503 0.8392 1.2714 0.6582 0.6633 4.9865 0.2066 0.2067 0.3145 0.3152
0.5372 0.8289 1.2622 0.6565 0.6608 4.9315 0.2140 0.2138 0.3228 0.3230
0.5335 0.8347 1.2397 0.6536 0.6577 5.0121 0.2123 0.2121 0.3205 0.3208
0.5404 0.8335 1.2245 0.6587 0.6649 5.0543 0.2022 0.2019 0.3095 0.3098
0.5331 0.8317 1.2647 0.6480 0.6536 5.0009 0.2076 0.2071 0.3145 0.3146
0.5277 0.8337 1.2261 0.6548 0.6600 5.0679 0.2083 0.2082 0.3160 0.3165
