4.9365 0.0155 7.5200 0.0000 0.0000 3.9111 0.0634 0.0637 0.0000 0.0000
4.3891 0.1409 6.2476 0.0000 0.0000 3.5942 0.1941 0.1957 0.0000 0.0000
3.6799 0.2325 5.9333 0.0000 0.0000 2.8964 0.2336 0.2324 0.0000 0.0000
2.9345 0.3431 5.4018 0.0000 0.0000 2.6374 0.2487 0.2480 0.0000 0.0000
2.4602 0.4103 4.8786 0.0023 0.0020 2.6275 0.2706 0.2697 0.0045 0.0040
2.1725 0.4541 4.5131 0.0204 0.0244 2.7997 0.2811 0.2801 0.0381 0.0448
1.9657 0.4889 4.0916 0.0550 0.0574 2.8365 0.2821 0.2820 0.0920 0.0953
1.8368 0.5136 3.7098 0.0850 0.0879 3.0114 0.2959 0.2954 0.1321 0.1354
1.6991 0.5517 3.5483 0.1310 0.1373 3.1462 0.2851 0.2844 0.1795 0.1852
1.5741 0.5691 3.4631 0.1548 0.1562 3.1746 0.2915 0.2907 0.2022 0.2032
1.5384 0.5763 3.2339 0.1729 0.1783 3.3521 0.2740 0.2731 0.2120 0.2158
1.4273 0.6077 3.2336 0.2001 0.2047 3.3395 0.2717 0.2707 0.2305 0.2331
1.3708 0.6141 2.9498 0.2375 0.2429 3.4635 0.2811 0.2802 0.2575 0.2602
1.3166 0.6303 2.8847 0.2534 0.2606 3.6060 0.2646 0.2636 0.2589 0.2621
1.2956 0.6204 2.7230 0.3010 0.3103 3.7029 0.2538 0.2534 0.2754 0.2790
1.2253 0.6552 2.7566 0.2908 0.2971 3.6079 0.2602 0.2599 0.2747 0.2772
1.2065 0.6467 2.6773 0.3141 0.3207 3.6157 0.2588 0.2583 0.2838 0.2861
1.1561 0.6659 2.5902 0.3260 0.3363 3.7258 0.2572 0.2579 0.2875 0.2919
1.0940 0.6916 2.5656 0.3345 0.3410 3.7722 0.2572 0.2564 0.2908 0.2928
1.0672 0.6913 2.4932 0.3532 0.3573 3.8743 0.2575 0.2566 0.2978 0.2987
1.0764 0.6869 2.4168 0.3594 0.3699 3.8406 0.2572 0.2572 0.2998 0.3034
1.0236 0.6941 2.4511 0.3685 0.3767 3.8782 0.2588 0.2587 0.3041 0.3068
0.9980 0.7104 2.4216 0.3985 0.4069 3.9480 0.2494 0.2496 0.3068 0.3094
0.9974 0.7057 2.2094 0.4082 0.4136 4.2326 0.2400 0.2409 0.3022 0.3045
0.9949 0.7141 2.1443 0.4393 0.4462 4.3039 0.2137 0.2132 0.2875 0.2886
0.9453 0.7133 2.1789 0.4257 0.4388 4.3441 0.2251 0.2249 0.2945 0.2974
0.9340 0.7233 2.1145 0.4314 0.4360 4.2972 0.2410 0.2398 0.3092 0.3094
0.8818 0.7339 2.1677 0.4308 0.4396 4.3246 0.2433 0.2419 0.3110 0.3121
0.9190 0.7325 2.0293 0.4354 0.4444 4.3204 0.2278 0.2267 0.2991 0.3002
0.8875 0.7299 1.9415 0.4688 0.4788 4.3124 0.2278 0.2269 0.3067 0.3079
0.8415 0.7461 1.9517 0.4813 0.4807 4.1870 0.2373 0.2364 0.3179 0.3169
0.8570 0.7419 1.9604 0.4841 0.4875 4.3213 0.2417 0.2413 0.3224 0.3228
0.8110 0.7520 1.9421 0.4887 0.4970 4.4084 0.2282 0.2282 0.3111 0.3128
0.8128 0.7607 1.8799 0.4994 0.5043 4.3818 0.2238 0.2233 0.3091 0.3095
0.7894 0.7631 1.8563 0.4915 0.5037 4.4126 0.2211 0.2218 0.3050 0.3080
0.7918 0.7591 1.8278 0.5096 0.5188 4.5828 0.2191 0.2192 0.3064 0.3082
0.7826 0.7615 1.7251 0.5306 0.5366 4.5171 0.2137 0.2140 0.3047 0.3059
0.7488 0.7784 1.7687 0.5334 0.5448 4.5000 0.2282 0.2276 0.3196 0.3211
0.7531 0.7808 1.6682 0.5437 0.5541 4.6117 0.2076 0.2074 0.3005 0.3018
0.7497 0.7796 1.6433 0.5510 0.5582 4.7568 0.2184 0.2177 0.3128 0.3132
0.7268 0.7789 1.6900 0.5510 0.5624 4.5325 0.2278 0.2277 0.3224 0.3242
0.7266 0.7763 1.6727 0.5652 0.5712 4.5886 0.2201 0.2208 0.3168 0.3185
0.7387 0.7725 1.5926 0.5726 0.5835 4.8697 0.2066 0.2068 0.3036 0.3054
0.7213 0.7848 1.5804 0.5646 0.5711 4.6478 0.2403 0.2402 0.3371 0.3382
0.7035 0.7896 1.5761 0.5709 0.5845 4.6784 0.2211 0.2207 0.3187 0.3204
0.6872 0.7911 1.5159 0.5850 0.5892 4.7027 0.2204 0.2198 0.3202 0.3201
0.6890 0.7908 1.5635 0.5714 0.5790 4.6591 0.2275 0.2263 0.3254 0.3254
0.6804 0.7895 1.5100 0.5839 0.5901 4.7564 0.2211 0.2199 0.3207 0.3204
0.6670 0.7913 1.4487 0.5998 0.6060 4.8449 0.2140 0.2136 0.3155 0.3159
0.6424 0.8023 1.5043 0.5862 0.5919 4.7496 0.2245 0.2248 0.3246 0.3259
0.6526 0.8007 1.4202 0.6032 0.6110 4.8953 0.2113 0.2113 0.3130 0.3140
0.5828 0.8161 1.3431 0.6151 0.6216 4.8004 0.2187 0.2182 0.3227 0.3230
0.6046 0.8120 1.3174 0.6366 0.6417 4.9004 0.2096 0.2093 0.3154 0.3157
0.5998 0.8209 1.3647 0.6259 0.6324 4.8283 0.2150 0.2147 0.3201 0.3206
0.5853 0.8197 1.3200 0.6327 0.6370 4.9007 0.2177 0.2172 0.3240 0.3240
0.5861 0.8159 1.3029 0.6349 0.6404 4.9235 0.2036 0.2032 0.3083 0.3085
0.6002 0.8199 1.3212 0.6304 0.6370 4.8278 0.2137 0.2134 0.3192 0.3197
0.5877 0.8187 1.3062 0.6355 0.6415 4.8447 0.2171 0.2170 0.3236 0.3243
0.5933 0.8177 1.3211 0.6366 0.6422 4.8730 0.2140 0.2137 0.3203 0.3207
0.5893 0.8191 1.2810 0.6395 0.6455 4.8821 0.2076 0.2077 0.3135 0.3143
0.5882 0.8192 1.3074 0.6338 0.6407 4.9091 0.2123 0.2119 0.3181 0.3185
0.5933 0.8151 1.2835 0.6406 0.6478 4.8950 0.2100 0.2099 0.3163 0.3170
0.5866 0.8209 1.3029 0.6412 0.6478 4.9181 0.2110 0.2104 0.3175 0.3176
0.5894 0.8189 1.2630 0.6412 0.6470 4.9292 0.2076 0.2074 0.3137 0.3142
0.5849 0.8227 1.2905 0.6372 0.6436 4.8805 0.2117 0.2114 0.3178 0.3183
0.5843 0.8215 1.2797 0.6451 0.6499 4.9251 0.2107 0.2103 0.3176 0.3178
0.5789 0.8243 1.3038 0.6378 0.6433 4.8901 0.2093 0.2087 0.3152 0.3152
0.5879 0.8159 1.3173 0.6361 0.6421 4.9413 0.2120 0.2114 0.3180 0.3181
0.5582 0.8317 1.2781 0.6412 0.6486 4.8996 0.2113 0.2109 0.3179 0.3183
0.5880 0.8268 1.2564 0.6434 0.6504 4.9267 0.2123 0.2120 0.3193 0.3198
0.5750 0.8232 1.2866 0.6457 0.6517 4.9418 0.2113 0.2112 0.3184 0.3190
0.5759 0.8231 1.2510 0.6423 0.6486 4.9766 0.2086 0.2082 0.3150 0.3153
0.5691 0.8204 1.2736 0.6451 0.6526 4.9386 0.2123 0.2120 0.3195 0.3200
0.5740 0.8247 1.3037 0.6446 0.6492 4.9854 0.2073 0.2072 0.3137 0.3142
0.5776 0.8155 1.2678 0.6525 0.6591 4.9581 0.2093 0.2090 0.3169 0.3174
0.5759 0.8171 1.2597 0.6508 0.6574 4.9455 0.2083 0.2078 0.3156 0.3158
0.5713 0.8231 1.2720 0.6497 0.6565 4.9458 0.2100 0.2097 0.3174 0.3178
0.5659 0.8285 1.2399 0.6451 0.6523 4.9466 0.2113 0.2107 0.3184 0.3185
0.5742 0.8260 1.2872 0.6502 0.6586 4.9540 0.2103 0.2097 0.3178 0.3181
0.5889 0.8224 1.2660 0.6451 0.6519 4.9652 0.2100 0.2095 0.3168 0.3171
0.5567 0.8272 1.2547 0.6434 0.6485 4.9707 0.2110 0.2111 0.3178 0.3185
0.5669 0.8259 1.2448 0.6497 0.6559 5.0087 0.2100 0.2100 0.3174 0.3182
0.5520 0.8316 1.2617 0.6570 0.6631 4.9791 0.2093 0.2092 0.3175 0.3181
0.5667 0.8177 1.2516 0.6502 0.6587 4.9898 0.2069 0.2066 0.3140 0.3145
0.5850 0.8179 1.2413 0.6474 0.6556 4.9568 0.2107 0.2108 0.3179 0.3190
0.5658 0.8268 1.2138 0.6582 0.6648 5.0203 0.2080 0.2082 0.3160 0.3171
0.5539 0.8341 1.2357 0.6553 0.6612 5.0028 0.2083 0.2081 0.3161 0.3166
0.5471 0.8263 1.2409 0.6599 0.6674 5.0105 0.2080 0.2078 0.3162 0.3169
0.5422 0.8277 1.2374 0.6514 0.6573 4.9572 0.2167 0.2166 0.3252 0.3258
0.5610 0.8271 1.2626 0.6502 0.6571 4.9809 0.2181 0.2182 0.3266 0.3276
0.5624 0.8261 1.2559 0.6531 0.6597 4.9567 0.2167 0.2167 0.3254 0.3263
0.5521 0.8317 1.2310 0.6587 0.6663 5.0720 0.1992 0.1989 0.3059 0.3063
0.5472 0.8301 1.2246 0.6502 0.6553 5.0005 0.2110 0.2106 0.3186 0.3188
0.5500 0.8277 1.2522 0.6553 0.6603 4.9993 0.2123 0.2120 0.3207 0.3210
0.5474 0.8189 1.2411 0.6565 0.6633 5.0604 0.2080 0.2077 0.3159 0.3164
0.5473 0.8196 1.2348 0.6599 0.6647 5.0157 0.2086 0.2083 0.3170 0.3172
0.5351 0.8348 1.2310 0.6627 0.6681 5.0566 0.2127 0.2126 0.3220 0.3225
0.5489 0.8284 1.2167 0.6570 0.6633 5.0481 0.2086 0.2086 0.3167 0.3174
0.5632 0.8319 1.2131 0.6599 0.6652 5.0459 0.2066 0.2063 0.3147 0.3150
0.5477 0.8315 1.2090 0.6684 0.6739 5.0858 0.2016 0.2013 0.3097 0.3101
