5.0343 0.0179 6.7570 0.0000 0.0000 4.0095 0.0684 0.0681 0.0000 0.0000
4.5915 0.1069 5.9223 0.0000 0.0000 3.6350 0.1574 0.1568 0.0000 0.0000
3.8718 0.1973 5.3094 0.0000 0.0000 3.0112 0.2147 0.2154 0.0000 0.0000
3.1450 0.3044 4.5579 0.0034 0.0030 2.8103 0.2521 0.2534 0.0067 0.0060
2.6476 0.3544 4.0400 0.0238 0.0245 2.8232 0.2659 0.2650 0.0437 0.0448
2.2949 0.4117 3.7211 0.0703 0.0723 2.8901 0.2673 0.2676 0.1113 0.1138
2.0863 0.4471 3.4502 0.1247 0.1290 3.0447 0.2602 0.2591 0.1686 0.1723
1.9288 0.4832 3.2233 0.1548 0.1571 3.0966 0.2642 0.2641 0.1952 0.1970
1.8156 0.5120 2.9321 0.1950 0.2062 3.3899 0.2383 0.2372 0.2145 0.2206
1.6811 0.5492 2.7834 0.2483 0.2556 3.4148 0.2494 0.2487 0.2489 0.2521
1.5977 0.5631 2.6143 0.2795 0.2853 3.4618 0.2258 0.2248 0.2498 0.2515
1.5267 0.5807 2.5453 0.3061 0.3086 3.5551 0.2315 0.2309 0.2637 0.2642
1.4697 0.5907 2.3424 0.3407 0.3487 3.6721 0.2127 0.2131 0.2619 0.2645
1.4048 0.6027 2.3520 0.3605 0.3669 3.8849 0.1999 0.1991 0.2572 0.2582
1.3522 0.6251 2.2615 0.3690 0.3764 3.7903 0.2157 0.2159 0.2723 0.2744
1.3040 0.6381 2.1808 0.4229 0.4265 3.8725 0.1958 0.1962 0.2677 0.2687
1.2453 0.6605 2.1209 0.4218 0.4338 3.9918 0.1904 0.1906 0.2624 0.2648
1.2588 0.6487 2.0847 0.4331 0.4371 3.9657 0.2093 0.2088 0.2822 0.2826
1.2093 0.6624 1.9619 0.4779 0.4807 4.0053 0.1904 0.1908 0.2723 0.2732
1.1689 0.6691 1.9750 0.4654 0.4711 3.9494 0.1992 0.2001 0.2790 0.2809
1.1472 0.6791 1.9709 0.4688 0.4748 3.9040 0.2198 0.2198 0.2992 0.3005
1.0841 0.6903 1.8879 0.4858 0.4919 4.0524 0.2056 0.2048 0.2889 0.2892
1.0787 0.7015 1.9165 0.4802 0.4873 3.9938 0.2090 0.2090 0.2912 0.2926
1.0907 0.6897 1.7668 0.5102 0.5190 4.1295 0.1999 0.2008 0.2872 0.2896
1.0188 0.7069 1.7959 0.5068 0.5138 4.0872 0.1978 0.1978 0.2846 0.2857
0.9964 0.7173 1.7042 0.5232 0.5263 4.1401 0.2117 0.2120 0.3014 0.3022
0.9998 0.7076 1.6895 0.5397 0.5436 4.2640 0.1999 0.1999 0.2917 0.2923
0.9764 0.7165 1.6498 0.5431 0.5479 4.2992 0.1867 0.1858 0.2779 0.2775
0.9599 0.7343 1.6343 0.5442 0.5489 4.2421 0.1965 0.1962 0.2887 0.2891
0.9270 0.7333 1.6001 0.5590 0.5594 4.2883 0.2167 0.2173 0.3123 0.3130
0.9332 0.7319 1.5051 0.5692 0.5755 4.3490 0.2012 0.2020 0.2973 0.2991
0.9090 0.7405 1.4926 0.5726 0.5766 4.3485 0.2029 0.2026 0.2996 0.2999
0.8897 0.7377 1.4963 0.5850 0.5889 4.4815 0.2009 0.2009 0.2991 0.2995
0.8728 0.7433 1.5688 0.5743 0.5731 4.4238 0.2110 0.2111 0.3086 0.3086
0.8326 0.7557 1.4785 0.5879 0.5961 4.4333 0.2063 0.2061 0.3054 0.3063
0.8370 0.7575 1.4221 0.6009 0.6033 4.4936 0.1978 0.1976 0.2977 0.2977
0.8247 0.7568 1.3869 0.6100 0.6170 4.5280 0.1864 0.1857 0.2855 0.2855
0.8141 0.7609 1.4086 0.6196 0.6215 4.6739 0.1911 0.1906 0.2921 0.2917
0.7884 0.7708 1.3372 0.6202 0.6240 4.6669 0.1837 0.1836 0.2834 0.2837
0.8175 0.7660 1.3830 0.6230 0.6292 4.4146 0.2076 0.2078 0.3114 0.3124
0.7719 0.7708 1.3547 0.6173 0.6185 4.4439 0.2137 0.2126 0.3175 0.3164
0.7622 0.7769 1.3626 0.6100 0.6152 4.4076 0.2012 0.2005 0.3026 0.3025
0.7539 0.7760 1.2872 0.6446 0.6503 4.6026 0.1992 0.1990 0.3043 0.3047
0.7596 0.7751 1.2250 0.6548 0.6614 4.8180 0.1743 0.1737 0.2752 0.2751
0.7093 0.7835 1.1820 0.6797 0.6782 4.8708 0.1709 0.1711 0.2731 0.2732
0.7218 0.7859 1.2274 0.6559 0.6620 4.8639 0.1746 0.1738 0.2758 0.2753
0.7265 0.7819 1.1919 0.6746 0.6779 4.8094 0.1759 0.1752 0.2791 0.2784
0.7125 0.7888 1.1361 0.6791 0.6811 4.7977 0.1844 0.1842 0.2900 0.2900
0.6886 0.7921 1.1259 0.6882 0.6915 4.6940 0.1955 0.1952 0.3045 0.3045
0.6975 0.7928 1.1090 0.6899 0.6963 4.7898 0.1854 0.1848 0.2922 0.2921
0.6487 0.8047 1.0674 0.7080 0.7137 4.8297 0.1840 0.1834 0.2921 0.2918
0.6421 0.8204 1.0501 0.7109 0.7152 4.7941 0.1881 0.1876 0.2974 0.2973
0.6290 0.8103 1.0469 0.7126 0.7155 4.8575 0.1891 0.1893 0.2989 0.2994
0.6214 0.8117 1.0206 0.7143 0.7170 4.8311 0.1877 0.1872 0.2973 0.2969
0.6097 0.8177 1.0664 0.7086 0.7130 4.7998 0.1904 0.1903 0.3002 0.3004
0.6162 0.8204 1.0417 0.7166 0.7213 4.8177 0.1938 0.1940 0.3051 0.3057
0.6137 0.8223 1.0061 0.7194 0.7237 4.8763 0.1850 0.1852 0.2944 0.2949
0.6103 0.8227 1.0389 0.7166 0.7216 4.8348 0.1881 0.1875 0.2979 0.2977
0.6224 0.8156 1.0239 0.7183 0.7213 4.8645 0.1914 0.1914 0.3023 0.3025
0.6340 0.8152 1.0246 0.7200 0.7240 4.8191 0.1911 0.1912 0.3020 0.3025
0.6343 0.8137 1.0195 0.7194 0.7250 4.8372 0.1921 0.1919 0.3032 0.3035
0.6097 0.8231 1.0129 0.7166 0.7251 4.8582 0.1941 0.1943 0.3055 0.3065
0.6236 0.8224 1.0252 0.7205 0.7282 4.8735 0.1914 0.1915 0.3025 0.3032
0.6203 0.8149 0.9959 0.7188 0.7244 4.8785 0.1914 0.1914 0.3024 0.3028
0.5984 0.8184 1.0246 0.7200 0.7257 4.8824 0.1941 0.1941 0.3058 0.3063
0.6134 0.8188 0.9897 0.7194 0.7255 4.8655 0.1938 0.1935 0.3053 0.3056
0.6154 0.8293 0.9957 0.7239 0.7283 4.8826 0.1867 0.1864 0.2969 0.2968
0.6050 0.8229 0.9870 0.7217 0.7277 4.8524 0.1901 0.1902 0.3009 0.3016
0.6113 0.8173 0.9955 0.7273 0.7329 4.9006 0.1854 0.1853 0.2954 0.2958
0.6149 0.8267 0.9992 0.7211 0.7280 4.9147 0.1817 0.1813 0.2902 0.2903
0.6152 0.8208 0.9798 0.7290 0.7343 4.9655 0.1796 0.1797 0.2883 0.2888
0.6251 0.8188 0.9862 0.7307 0.7339 4.9368 0.1881 0.1880 0.2991 0.2994
0.6096 0.8193 0.9849 0.7302 0.7339 4.9275 0.1823 0.1823 0.2918 0.2921
0.6192 0.8260 0.9654 0.7307 0.7360 4.9384 0.1820 0.1819 0.2914 0.2917
0.5958 0.8264 0.9811 0.7319 0.7370 4.9075 0.1884 0.1881 0.2997 0.2997
0.5892 0.8255 0.9783 0.7290 0.7335 4.9287 0.1941 0.1941 0.3066 0.3070
0.6038 0.8188 0.9650 0.7307 0.7335 4.9466 0.1898 0.1899 0.3013 0.3016
0.5936 0.8232 0.9679 0.7290 0.7338 4.9567 0.1837 0.1835 0.2934 0.2935
0.6045 0.8185 0.9817 0.7364 0.7404 4.9290 0.1793 0.1790 0.2884 0.2883
0.5987 0.8261 0.9855 0.7364 0.7421 4.9043 0.1904 0.1901 0.3026 0.3026
0.5787 0.8311 0.9725 0.7319 0.7380 4.9171 0.1857 0.1853 0.2962 0.2963
0.6099 0.8209 0.9632 0.7404 0.7449 4.9590 0.1820 0.1820 0.2922 0.2925
0.5763 0.8253 0.9450 0.7409 0.7470 4.9520 0.1911 0.1912 0.3038 0.3045
0.5995 0.8221 0.9579 0.7358 0.7419 4.9239 0.1844 0.1844 0.2948 0.2954
0.5730 0.8255 0.9426 0.7375 0.7418 4.9416 0.1834 0.1836 0.2937 0.2943
0.5734 0.8392 0.9703 0.7364 0.7411 4.9179 0.1827 0.1826 0.2927 0.2930
0.5848 0.8249 0.9620 0.7409 0.7467 5.0221 0.1800 0.1801 0.2896 0.2901
0.5912 0.8277 0.9730 0.7421 0.7469 5.0049 0.1850 0.1852 0.2962 0.2968
0.5693 0.8291 0.9596 0.7398 0.7457 5.0002 0.1810 0.1811 0.2908 0.2914
0.6100 0.8204 0.9317 0.7387 0.7449 4.9654 0.1860 0.1860 0.2972 0.2976
0.6106 0.8215 0.9332 0.7409 0.7463 5.0052 0.1854 0.1852 0.2966 0.2968
0.5683 0.8251 0.9369 0.7364 0.7424 5.0332 0.1786 0.1786 0.2875 0.2879
0.5710 0.8351 0.9673 0.7341 0.7396 5.0020 0.1830 0.1831 0.2930 0.2936
0.5795 0.8284 0.9659 0.7455 0.7523 5.0619 0.1749 0.1752 0.2834 0.2842
0.5762 0.8303 0.9361 0.7353 0.7414 5.0069 0.1867 0.1868 0.2978 0.2984
0.5975 0.8236 0.9358 0.7392 0.7444 5.0420 0.1793 0.1796 0.2886 0.2893
0.5611 0.8308 0.9372 0.7460 0.7523 5.0189 0.1790 0.1791 0.2887 0.2893
0.5643 0.8311 0.9366 0.7409 0.7461 5.0165 0.1867 0.1869 0.2983 0.2990
0.5678 0.8319 0.9432 0.7517 0.7584 5.0631 0.1759 0.1756 0.2851 0.2851
0.5773 0.8364 0.9251 0.7466 0.7526 5.0561 0.1793 0.1792 0.2892 0.2895
