4.9193 0.0337 7.5044 0.0000 0.0000 3.9148 0.0280 0.0283 0.0000 0.0000
4.3920 0.0931 6.3148 0.0000 0.0000 3.5911 0.1645 0.1639 0.0000 0.0000
3.6763 0.2217 5.9604 0.0000 0.0000 2.8882 0.2363 0.2361 0.0000 0.0000
2.9455 0.3600 5.3533 0.0000 0.0000 2.5962 0.2511 0.2496 0.0000 0.0000
2.4417 0.4107 4.8737 0.0062 0.0079 2.5946 0.2737 0.2733 0.0122 0.0154
2.1170 0.4753 4.3713 0.0300 0.0325 2.7274 0.3003 0.2990 0.0546 0.0586
1.9228 0.4976 4.1071 0.0471 0.0508 2.8977 0.2865 0.2859 0.0808 0.0862
1.7907 0.5197 3.8802 0.0850 0.0896 3.0450 0.2878 0.2865 0.1313 0.1366
1.6823 0.5465 3.5841 0.1321 0.1365 3.2062 0.2808 0.2806 0.1797 0.1836
1.5939 0.5579 3.3237 0.1678 0.1708 3.2164 0.2993 0.2997 0.2150 0.2176
1.4813 0.6000 3.2901 0.1944 0.1982 3.3230 0.2885 0.2877 0.2323 0.2347
1.4152 0.5991 3.0154 0.2228 0.2243 3.4283 0.2966 0.2959 0.2544 0.2552
1.3479 0.6209 3.0376 0.2268 0.2229 3.4885 0.2956 0.2942 0.2566 0.2537
1.3095 0.6291 2.9027 0.2681 0.2708 3.5859 0.2902 0.2899 0.2787 0.2800
1.2470 0.6460 2.7864 0.2698 0.2754 3.6738 0.2700 0.2686 0.2699 0.2719
1.2011 0.6527 2.6858 0.3073 0.3089 3.7316 0.2777 0.2777 0.2917 0.2925
1.1504 0.6721 2.6074 0.3073 0.3072 3.9196 0.2767 0.2767 0.2912 0.2912
1.1396 0.6739 2.6220 0.3430 0.3503 3.8335 0.2669 0.2666 0.3002 0.3028
1.1029 0.6833 2.3867 0.3793 0.3777 4.0144 0.2568 0.2570 0.3063 0.3059
1.0678 0.6859 2.3719 0.3821 0.3895 3.8948 0.2663 0.2665 0.3138 0.3165
1.0679 0.6960 2.3106 0.3997 0.3962 4.0336 0.2420 0.2417 0.3015 0.3003
1.0405 0.7023 2.3294 0.3707 0.3740 3.9611 0.2622 0.2615 0.3072 0.3078
0.9994 0.7092 2.2094 0.4155 0.4215 3.9953 0.2531 0.2530 0.3146 0.3162
0.9536 0.7185 2.2291 0.4195 0.4215 4.0590 0.2619 0.2620 0.3225 0.3232
0.9501 0.7181 2.2018 0.4320 0.4376 4.1021 0.2531 0.2534 0.3192 0.3209
0.8987 0.7327 2.1044 0.4399 0.4479 4.2600 0.2390 0.2388 0.3097 0.3115
0.9305 0.7271 2.1351 0.4382 0.4407 4.1394 0.2615 0.2611 0.3276 0.3279
0.8918 0.7383 2.0651 0.4615 0.4651 4.2683 0.2356 0.2350 0.3119 0.3122
0.8837 0.7427 2.1093 0.4422 0.4495 4.1304 0.2629 0.2625 0.3297 0.3314
0.8512 0.7416 1.9623 0.4796 0.4813 4.3107 0.2457 0.2457 0.3249 0.3253
0.8346 0.7516 1.9408 0.4972 0.5022 4.3482 0.2268 0.2269 0.3115 0.3125
0.8289 0.7601 1.8254 0.5159 0.5217 4.5348 0.2157 0.2155 0.3042 0.3050
0.8315 0.7536 1.8125 0.5227 0.5251 4.5454 0.2147 0.2140 0.3044 0.3041
0.7900 0.7635 1.8058 0.5261 0.5334 4.4662 0.2123 0.2116 0.3026 0.3030
0.7828 0.7649 1.7898 0.5306 0.5375 4.6840 0.2278 0.2273 0.3188 0.3195
0.7902 0.7701 1.7766 0.5204 0.5278 4.5465 0.2265 0.2259 0.3156 0.3164
0.7625 0.7709 1.7718 0.5334 0.5393 4.6353 0.2285 0.2281 0.3200 0.3206
0.7217 0.7841 1.7236 0.5295 0.5312 4.6157 0.2356 0.2350 0.3261 0.3259
0.7579 0.7711 1.7448 0.5340 0.5367 4.5250 0.2376 0.2371 0.3289 0.3289
0.7351 0.7771 1.7083 0.5323 0.5360 4.4989 0.2447 0.2452 0.3353 0.3365
0.7241 0.7840 1.6979 0.5408 0.5460 4.5013 0.2272 0.2264 0.3199 0.3201
0.7091 0.7835 1.6222 0.5709 0.5752 4.6336 0.2204 0.2202 0.3180 0.3185
0.7200 0.7807 1.5624 0.5777 0.5865 4.6800 0.2272 0.2269 0.3261 0.3272
0.6888 0.7827 1.5348 0.5839 0.5899 4.7291 0.2177 0.2173 0.3172 0.3176
0.6487 0.7949 1.5440 0.5777 0.5860 4.8165 0.2268 0.2265 0.3257 0.3267
0.6719 0.7929 1.5656 0.5907 0.5954 5.0335 0.2157 0.2160 0.3160 0.3169
0.6756 0.7924 1.5044 0.5930 0.6020 4.8665 0.2198 0.2195 0.3207 0.3217
0.6505 0.7960 1.4659 0.5907 0.6000 4.8562 0.2157 0.2155 0.3160 0.3172
0.6592 0.7968 1.4410 0.6071 0.6114 4.9250 0.2127 0.2117 0.3150 0.3145
0.6660 0.7940 1.4330 0.6003 0.6051 4.8703 0.2123 0.2122 0.3137 0.3143
0.6081 0.8128 1.3928 0.6066 0.6077 4.9395 0.2211 0.2209 0.3241 0.3240
0.5987 0.8183 1.3394 0.6185 0.6204 4.8508 0.2208 0.2204 0.3254 0.3252
0.6222 0.8197 1.3314 0.6315 0.6352 4.8802 0.2164 0.2165 0.3223 0.3229
0.5693 0.8251 1.2916 0.6366 0.6388 4.9091 0.2140 0.2140 0.3203 0.3206
0.5795 0.8289 1.3039 0.6366 0.6387 4.8940 0.2171 0.2166 0.3237 0.3235
0.5942 0.8205 1.3077 0.6366 0.6401 4.8460 0.2164 0.2160 0.3230 0.3230
0.5828 0.8239 1.3139 0.6366 0.6388 4.9479 0.2093 0.2095 0.3150 0.3156
0.5881 0.8207 1.3062 0.6389 0.6418 4.9302 0.2140 0.2137 0.3206 0.3206
0.6037 0.8207 1.3060 0.6378 0.6410 4.8874 0.2268 0.2264 0.3346 0.3346
0.5725 0.8237 1.2946 0.6446 0.6503 4.9242 0.2117 0.2115 0.3187 0.3192
0.5727 0.8265 1.2757 0.6412 0.6455 4.9590 0.2127 0.2127 0.3194 0.3199
0.5951 0.8191 1.2690 0.6480 0.6544 4.9697 0.2096 0.2094 0.3168 0.3173
0.5795 0.8203 1.2692 0.6485 0.6540 4.9543 0.2157 0.2155 0.3237 0.3242
0.5595 0.8283 1.2845 0.6440 0.6501 4.9331 0.2198 0.2197 0.3277 0.3284
0.5604 0.8256 1.2691 0.6480 0.6564 4.9074 0.2177 0.2178 0.3259 0.3271
0.5615 0.8248 1.2638 0.6514 0.6572 4.9695 0.2096 0.2091 0.3172 0.3172
0.5627 0.8279 1.2598 0.6480 0.6534 4.9291 0.2181 0.2181 0.3263 0.3270
0.5742 0.8257 1.2667 0.6548 0.6610 5.0195 0.2120 0.2119 0.3203 0.3209
0.5583 0.8320 1.2780 0.6519 0.6596 4.9750 0.2113 0.2111 0.3192 0.3198
0.5585 0.8199 1.2832 0.6525 0.6593 4.9895 0.2083 0.2079 0.3158 0.3161
0.6001 0.8200 1.2484 0.6633 0.6694 5.0044 0.2100 0.2094 0.3190 0.3190
0.5639 0.8265 1.2567 0.6565 0.6592 5.0011 0.2090 0.2089 0.3170 0.3172
0.5766 0.8240 1.2726 0.6497 0.6553 4.9364 0.2157 0.2159 0.3239 0.3248
0.5676 0.8257 1.2641 0.6627 0.6696 5.0105 0.2110 0.2103 0.3201 0.3201
0.5878 0.8153 1.2445 0.6655 0.6724 5.0107 0.2076 0.2071 0.3165 0.3166
0.5654 0.8363 1.2563 0.6553 0.6612 4.9993 0.2080 0.2075 0.3157 0.3158
0.5643 0.8273 1.2467 0.6684 0.6757 5.0052 0.2080 0.2074 0.3172 0.3174
0.5697 0.8247 1.2269 0.6701 0.6750 5.0391 0.2123 0.2117 0.3225 0.3224
0.5665 0.8269 1.2270 0.6633 0.6688 5.0316 0.2150 0.2149 0.3248 0.3253
0.5559 0.8285 1.2487 0.6604 0.6674 5.0357 0.2144 0.2142 0.3237 0.3243
0.5711 0.8297 1.2438 0.6610 0.6692 5.0196 0.2167 0.2169 0.3264 0.3276
0.5500 0.8312 1.2472 0.6593 0.6669 5.0044 0.2086 0.2081 0.3170 0.3173
0.5639 0.8239 1.2042 0.6672 0.6736 5.0653 0.2042 0.2038 0.3128 0.3129
0.5668 0.8271 1.2010 0.6752 0.6835 5.1031 0.2019 0.2012 0.3108 0.3109
0.5558 0.8260 1.2311 0.6616 0.6672 5.0278 0.2137 0.2133 0.3230 0.3232
0.5360 0.8380 1.2183 0.6706 0.6789 5.0347 0.2150 0.2150 0.3256 0.3266
0.5405 0.8393 1.2308 0.6740 0.6798 5.0941 0.1985 0.1985 0.3067 0.3072
0.5637 0.8235 1.2264 0.6621 0.6670 5.0549 0.2100 0.2093 0.3188 0.3186
0.5668 0.8313 1.2367 0.6638 0.6704 5.0459 0.2117 0.2111 0.3210 0.3211
0.5209 0.8356 1.2231 0.6746 0.6828 5.0841 0.1985 0.1981 0.3068 0.3071
0.5508 0.8307 1.2157 0.6650 0.6717 5.0224 0.2093 0.2091 0.3184 0.3189
0.5355 0.8348 1.2132 0.6661 0.6701 5.1079 0.2133 0.2128 0.3232 0.3231
0.5298 0.8283 1.1926 0.6706 0.6766 5.0994 0.2076 0.2071 0.3171 0.3171
0.5427 0.8328 1.2652 0.6678 0.6721 5.0713 0.2100 0.2094 0.3195 0.3194
0.5466 0.8287 1.2227 0.6684 0.6729 5.0580 0.2123 0.2119 0.3223 0.3223
0.5329 0.8351 1.2269 0.6701 0.6752 5.1009 0.2120 0.2115 0.3221 0.3221
0.5389 0.8284 1.1915 0.6820 0.6876 5.1581 0.2036 0.2031 0.3135 0.3136
0.5482 0.8243 1.1996 0.6695 0.6726 5.1277 0.2073 0.2072 0.3166 0.3168
0.5333 0.8331 1.1998 0.6740 0.6792 5.1516 0.2026 0.2023 0.3115 0.3118
0.5390 0.8281 1.2265 0.6672 0.6732 5.1001 0.2086 0.2089 0.3179 0.3188
