5.0344 0.0331 6.7775 0.0000 0.0000 4.0094 0.0785 0.0780 0.0000 0.0000
4.5933 0.1005 5.9164 0.0000 0.0000 3.6591 0.1304 0.1329 0.0000 0.0000
3.8864 0.1808 5.2761 0.0000 0.0000 3.0076 0.2400 0.2398 0.0000 0.0000
3.1362 0.3088 4.5321 0.0028 0.0034 2.7751 0.2535 0.2541 0.0056 0.0067
2.6309 0.3468 4.0165 0.0255 0.0284 2.6997 0.2733 0.2724 0.0467 0.0514
2.3071 0.4093 3.6652 0.0788 0.0868 2.8714 0.2814 0.2805 0.1231 0.1326
2.0858 0.4501 3.3987 0.1179 0.1201 2.9822 0.2770 0.2770 0.1654 0.1676
1.9357 0.4808 3.0975 0.1701 0.1706 3.0393 0.2717 0.2711 0.2092 0.2094
1.8205 0.5125 2.8558 0.2279 0.2293 3.1057 0.2528 0.2519 0.2397 0.2401
1.6945 0.5419 2.6732 0.2619 0.2667 3.2265 0.2528 0.2518 0.2573 0.2590
1.5884 0.5728 2.5709 0.2954 0.2998 3.3172 0.2508 0.2502 0.2712 0.2728
1.5202 0.5868 2.4953 0.3152 0.3180 3.2835 0.2578 0.2569 0.2836 0.2842
1.4659 0.5905 2.4665 0.3384 0.3431 3.5147 0.2336 0.2326 0.2764 0.2773
1.4264 0.6007 2.3021 0.3543 0.3625 3.5455 0.2440 0.2443 0.2890 0.2918
1.3373 0.6221 2.2012 0.3985 0.4033 3.7036 0.2049 0.2053 0.2707 0.2721
1.2803 0.6440 2.1369 0.4161 0.4192 3.7389 0.2171 0.2161 0.2853 0.2852
1.2388 0.6489 2.1721 0.4240 0.4387 3.8816 0.2063 0.2055 0.2775 0.2799
1.2201 0.6535 2.0766 0.4229 0.4332 3.8111 0.2208 0.2207 0.2901 0.2924
1.1991 0.6635 2.0211 0.4524 0.4595 3.8943 0.2056 0.2053 0.2827 0.2838
1.1372 0.6864 1.9328 0.4717 0.4760 3.9978 0.1887 0.1880 0.2696 0.2695
1.1246 0.6779 1.9390 0.4671 0.4726 3.9388 0.2100 0.2093 0.2897 0.2901
1.1083 0.6848 1.8616 0.4858 0.4957 4.0079 0.2036 0.2027 0.2869 0.2878
1.0963 0.6940 1.8422 0.4949 0.5017 4.1767 0.2110 0.2110 0.2958 0.2971
1.0804 0.6947 1.8017 0.5068 0.5080 4.1170 0.2063 0.2063 0.2932 0.2934
1.0421 0.6927 1.7305 0.5079 0.5146 4.2353 0.2032 0.2033 0.2903 0.2915
0.9948 0.7131 1.7295 0.5227 0.5272 4.2363 0.2046 0.2045 0.2941 0.2947
0.9767 0.7219 1.6445 0.5595 0.5587 4.2815 0.1790 0.1792 0.2712 0.2713
0.9408 0.7289 1.5995 0.5584 0.5588 4.3074 0.1938 0.1941 0.2877 0.2881
0.9345 0.7340 1.5937 0.5595 0.5627 4.3728 0.1793 0.1790 0.2716 0.2716
0.9345 0.7309 1.5615 0.5709 0.5755 4.3386 0.1911 0.1911 0.2863 0.2869
0.9335 0.7283 1.4974 0.5748 0.5741 4.2389 0.1948 0.1946 0.2910 0.2907
0.8770 0.7469 1.5268 0.5907 0.5927 4.2706 0.2086 0.2087 0.3084 0.3087
0.8618 0.7491 1.4850 0.5924 0.5974 4.3599 0.2012 0.2010 0.3004 0.3008
0.8463 0.7603 1.4929 0.6020 0.6122 4.4440 0.1837 0.1843 0.2815 0.2833
0.8821 0.7441 1.4289 0.5992 0.6037 4.3468 0.1951 0.1955 0.2944 0.2953
0.8335 0.7519 1.4177 0.6128 0.6207 4.4836 0.1928 0.1930 0.2933 0.2945
0.8362 0.7561 1.4042 0.6083 0.6169 4.4143 0.1871 0.1862 0.2861 0.2861
0.7857 0.7692 1.3614 0.6219 0.6263 4.4942 0.1827 0.1816 0.2824 0.2816
0.7734 0.7667 1.3308 0.6207 0.6251 4.5867 0.1807 0.1802 0.2799 0.2797
0.7927 0.7673 1.3785 0.6122 0.6192 4.5093 0.2063 0.2069 0.3086 0.3102
0.7628 0.7744 1.3321 0.6395 0.6447 4.4615 0.1921 0.1923 0.2955 0.2963
0.7668 0.7775 1.2409 0.6553 0.6591 4.6995 0.1769 0.1761 0.2787 0.2780
0.7410 0.7807 1.2573 0.6599 0.6664 4.7932 0.1887 0.1892 0.2935 0.2947
0.7325 0.7816 1.2290 0.6570 0.6622 4.7425 0.1891 0.1892 0.2937 0.2944
0.7253 0.7799 1.2085 0.6791 0.6838 4.7284 0.1695 0.1697 0.2713 0.2720
0.7294 0.7863 1.1554 0.6684 0.6711 4.6665 0.1887 0.1890 0.2944 0.2949
0.6774 0.8044 1.1173 0.6910 0.6946 4.7211 0.1850 0.1851 0.2919 0.2923
0.6878 0.7929 1.1073 0.6854 0.6879 4.7248 0.1786 0.1788 0.2834 0.2838
0.6725 0.8013 1.0724 0.7058 0.7087 4.8366 0.1807 0.1803 0.2877 0.2874
0.6696 0.8003 1.0397 0.7069 0.7134 4.9740 0.1554 0.1554 0.2548 0.2553
0.6507 0.8088 1.0757 0.7120 0.7172 4.8891 0.1699 0.1699 0.2743 0.2747
0.6410 0.8173 1.0113 0.7217 0.7266 4.8191 0.1807 0.1814 0.2890 0.2903
0.6239 0.8171 1.0025 0.7211 0.7262 4.8031 0.1887 0.1894 0.2992 0.3005
0.6348 0.8163 1.0010 0.7256 0.7300 4.8372 0.1780 0.1780 0.2858 0.2862
0.6267 0.8148 0.9765 0.7273 0.7324 4.8459 0.1803 0.1807 0.2890 0.2899
0.6014 0.8221 0.9810 0.7290 0.7339 4.8746 0.1844 0.1846 0.2943 0.2949
0.6073 0.8223 1.0094 0.7273 0.7314 4.8160 0.1921 0.1923 0.3039 0.3046
0.6058 0.8219 0.9889 0.7296 0.7333 4.8395 0.1918 0.1922 0.3037 0.3046
0.6154 0.8225 0.9959 0.7319 0.7362 4.8558 0.1857 0.1857 0.2962 0.2966
0.6110 0.8175 0.9795 0.7285 0.7327 4.8248 0.1837 0.1837 0.2934 0.2938
0.6168 0.8217 1.0048 0.7330 0.7380 4.8829 0.1844 0.1846 0.2946 0.2953
0.6034 0.8293 0.9898 0.7290 0.7333 4.8757 0.1817 0.1819 0.2909 0.2914
0.6072 0.8248 0.9808 0.7285 0.7332 4.8371 0.1857 0.1861 0.2960 0.2968
0.6238 0.8196 0.9774 0.7279 0.7321 4.8623 0.1786 0.1786 0.2869 0.2872
0.6017 0.8263 0.9691 0.7341 0.7390 4.8724 0.1807 0.1805 0.2900 0.2902
0.5909 0.8241 0.9751 0.7347 0.7413 4.8310 0.1834 0.1836 0.2935 0.2943
0.6057 0.8284 0.9640 0.7290 0.7357 4.8968 0.1823 0.1823 0.2917 0.2922
0.5989 0.8241 0.9602 0.7336 0.7395 4.8936 0.1840 0.1844 0.2942 0.2951
0.5964 0.8231 0.9663 0.7296 0.7332 4.9406 0.1803 0.1801 0.2892 0.2892
0.6054 0.8256 0.9589 0.7296 0.7324 4.9002 0.1783 0.1785 0.2866 0.2870
0.5786 0.8288 0.9629 0.7313 0.7346 4.8776 0.1844 0.1844 0.2945 0.2948
0.5930 0.8260 0.9634 0.7313 0.7352 4.9220 0.1736 0.1738 0.2806 0.2812
0.5996 0.8277 0.9458 0.7398 0.7452 4.9760 0.1773 0.1776 0.2860 0.2869
0.6082 0.8265 0.9839 0.7324 0.7378 4.9422 0.1780 0.1774 0.2863 0.2861
0.5924 0.8295 0.9405 0.7353 0.7411 4.9177 0.1790 0.1785 0.2879 0.2877
0.5877 0.8248 0.9571 0.7375 0.7416 4.9272 0.1807 0.1813 0.2902 0.2913
0.5738 0.8368 0.9699 0.7341 0.7401 4.9148 0.1786 0.1792 0.2873 0.2885
0.6119 0.8240 0.9637 0.7387 0.7443 4.8992 0.1810 0.1815 0.2907 0.2918
0.5830 0.8239 0.9445 0.7330 0.7397 4.9642 0.1726 0.1727 0.2794 0.2800
0.6046 0.8223 0.9328 0.7375 0.7428 4.9502 0.1773 0.1777 0.2859 0.2867
0.5771 0.8291 0.9265 0.7404 0.7448 4.9129 0.1773 0.1778 0.2861 0.2870
0.5986 0.8288 0.9457 0.7421 0.7467 5.0068 0.1766 0.1768 0.2853 0.2859
0.6045 0.8264 0.9280 0.7341 0.7393 4.9721 0.1783 0.1783 0.2869 0.2873
0.6003 0.8197 0.9300 0.7404 0.7451 5.0038 0.1746 0.1747 0.2825 0.2830
0.5647 0.8297 0.9688 0.7387 0.7425 4.9255 0.1759 0.1761 0.2842 0.2847
0.5794 0.8243 0.9494 0.7364 0.7409 4.9607 0.1732 0.1729 0.2805 0.2804
0.5773 0.8317 0.9260 0.7415 0.7457 4.9840 0.1810 0.1805 0.2910 0.2907
0.5735 0.8295 0.9226 0.7466 0.7511 5.0214 0.1743 0.1747 0.2826 0.2835
0.5790 0.8236 0.9367 0.7381 0.7435 4.9895 0.1692 0.1688 0.2753 0.2752
0.5739 0.8243 0.9247 0.7415 0.7466 4.9856 0.1786 0.1786 0.2879 0.2883
0.5706 0.8283 0.9032 0.7443 0.7495 5.0149 0.1773 0.1774 0.2864 0.2869
0.5704 0.8309 0.9117 0.7421 0.7462 5.0227 0.1769 0.1773 0.2858 0.2866
0.5773 0.8324 0.9202 0.7415 0.7454 5.0162 0.1766 0.1773 0.2853 0.2864
0.5635 0.8273 0.9355 0.7415 0.7472 4.9967 0.1743 0.1745 0.2822 0.2830
0.5517 0.8335 0.8980 0.7409 0.7461 4.9975 0.1783 0.1781 0.2874 0.2876
0.5725 0.8240 0.8905 0.7415 0.7467 5.0290 0.1783 0.1789 0.2875 0.2886
0.5492 0.8389 0.8952 0.7421 0.7471 5.0499 0.1769 0.1772 0.2858 0.2864
0.5822 0.8265 0.9055 0.7421 0.7468 5.0263 0.1773 0.1779 0.2862 0.2873
0.5433 0.8417 0.9041 0.7404 0.7460 5.0208 0.1793 0.1798 0.2887 0.2898
0.5849 0.8243 0.9027 0.7432 0.7480 5.0466 0.1766 0.1771 0.2854 0.2864
