4.9136 0.0236 7.6453 0.0000 0.0000 3.8585 0.0512 0.0510 0.0000 0.0000
4.3465 0.1328 6.2431 0.0000 0.0000 3.5129 0.1834 0.1850 0.0000 0.0000
3.5898 0.2447 5.8684 0.0000 0.0000 2.8203 0.2511 0.2504 0.0000 0.0000
2.8804 0.3653 5.2593 0.0000 0.0000 2.5617 0.2801 0.2787 0.0000 0.0000
2.4195 0.4167 4.9471 0.0096 0.0087 2.5543 0.2956 0.2939 0.0187 0.0168
2.1515 0.4445 4.4555 0.0312 0.0324 2.6749 0.3114 0.3106 0.0567 0.0587
1.9412 0.4987 4.0198 0.0686 0.0734 2.9296 0.3000 0.3001 0.1117 0.1179
1.8064 0.5189 3.7214 0.1015 0.0999 2.9668 0.3091 0.3075 0.1528 0.1508
1.6709 0.5469 3.5625 0.1338 0.1393 3.0169 0.3084 0.3074 0.1866 0.1917
1.5832 0.5568 3.5271 0.1457 0.1523 3.0401 0.3118 0.3100 0.1986 0.2043
1.5096 0.5893 3.3758 0.1729 0.1796 3.2371 0.2902 0.2898 0.2167 0.2218
1.4561 0.5907 3.2452 0.1916 0.1952 3.2686 0.2932 0.2932 0.2318 0.2344
1.3720 0.6108 2.9897 0.2251 0.2281 3.4745 0.2558 0.2553 0.2395 0.2409
1.3309 0.6163 2.8488 0.2574 0.2576 3.5112 0.2723 0.2720 0.2646 0.2646
1.2893 0.6396 2.9118 0.2727 0.2767 3.6126 0.2653 0.2651 0.2689 0.2708
1.2203 0.6579 2.6879 0.2925 0.2971 3.6549 0.2767 0.2759 0.2844 0.2861
1.1896 0.6631 2.5623 0.3271 0.3301 3.7272 0.2588 0.2595 0.2890 0.2906
1.1530 0.6635 2.5156 0.3441 0.3492 3.7118 0.2646 0.2645 0.2991 0.3010
1.1354 0.6808 2.4792 0.3583 0.3617 3.8750 0.2494 0.2496 0.2941 0.2953
1.1000 0.6865 2.4007 0.3821 0.3887 3.8487 0.2565 0.2551 0.3069 0.3080
1.0666 0.6905 2.3275 0.3912 0.3984 3.9546 0.2474 0.2474 0.3031 0.3053
1.0350 0.6995 2.3386 0.4116 0.4197 4.0830 0.2363 0.2359 0.3002 0.3021
1.0465 0.6995 2.3526 0.4036 0.4149 4.1398 0.2194 0.2194 0.2843 0.2870
0.9952 0.7091 2.2502 0.4070 0.4108 4.2706 0.2238 0.2238 0.2888 0.2897
0.9798 0.7137 2.2298 0.4121 0.4193 3.9999 0.2346 0.2337 0.2990 0.3001
0.9507 0.7249 2.1135 0.4405 0.4478 4.1290 0.2150 0.2141 0.2890 0.2897
0.9347 0.7245 2.1033 0.4450 0.4513 4.2163 0.2346 0.2347 0.3072 0.3088
0.9154 0.7335 2.1022 0.4450 0.4532 4.3977 0.2238 0.2234 0.2978 0.2993
0.9100 0.7285 2.0028 0.4643 0.4732 4.3615 0.2322 0.2314 0.3096 0.3108
0.9017 0.7359 2.0450 0.4478 0.4570 4.3361 0.2295 0.2288 0.3035 0.3049
0.8550 0.7441 2.0228 0.4609 0.4675 4.2465 0.2363 0.2357 0.3124 0.3134
0.8340 0.7500 1.8983 0.4983 0.5055 4.3283 0.2198 0.2197 0.3050 0.3063
0.8421 0.7471 1.9295 0.5011 0.5090 4.5277 0.2110 0.2110 0.2970 0.2983
0.8039 0.7557 1.8644 0.5006 0.5105 4.5851 0.2123 0.2125 0.2982 0.3001
0.8362 0.7521 1.8002 0.5170 0.5233 4.4683 0.2140 0.2139 0.3027 0.3037
0.7834 0.7640 1.8167 0.5215 0.5230 4.4708 0.2282 0.2274 0.3175 0.3170
0.7686 0.7692 1.7930 0.5159 0.5253 4.5465 0.2137 0.2131 0.3022 0.3033
0.7572 0.7668 1.8180 0.5204 0.5273 4.5236 0.2305 0.2296 0.3195 0.3199
0.7228 0.7855 1.7825 0.5300 0.5331 4.6204 0.2194 0.2194 0.3104 0.3108
0.7331 0.7797 1.6933 0.5340 0.5464 4.6375 0.2076 0.2083 0.2990 0.3016
0.7341 0.7836 1.6573 0.5522 0.5564 4.8613 0.1968 0.1970 0.2902 0.2910
0.6971 0.7857 1.6063 0.5550 0.5635 4.8170 0.2174 0.2168 0.3124 0.3131
0.7209 0.7819 1.6425 0.5669 0.5689 4.8582 0.2090 0.2091 0.3054 0.3058
0.6905 0.7831 1.6680 0.5601 0.5642 4.8122 0.2090 0.2085 0.3044 0.3045
0.7037 0.7796 1.5889 0.5618 0.5663 4.7285 0.2140 0.2134 0.3100 0.3100
0.6912 0.7915 1.5613 0.5867 0.5916 4.8628 0.2093 0.2091 0.3085 0.3090
0.6581 0.7969 1.5381 0.5828 0.5863 4.7442 0.2235 0.2228 0.3230 0.3229
0.6259 0.8097 1.5194 0.5998 0.6041 4.9122 0.2059 0.2055 0.3066 0.3067
0.6553 0.7947 1.4447 0.6219 0.6259 5.0686 0.1948 0.1937 0.2967 0.2958
0.6593 0.7941 1.4477 0.6054 0.6109 4.9526 0.1989 0.1988 0.2994 0.3000
0.6078 0.8115 1.4236 0.6151 0.6228 4.9267 0.2032 0.2030 0.3055 0.3062
0.6080 0.8169 1.4188 0.6168 0.6226 4.8255 0.2056 0.2050 0.3084 0.3085
0.6068 0.8107 1.3814 0.6332 0.6403 4.9039 0.1992 0.1989 0.3031 0.3036
0.6004 0.8141 1.3757 0.6349 0.6439 4.8876 0.2036 0.2035 0.3083 0.3092
0.6054 0.8213 1.3677 0.6304 0.6372 4.9009 0.1951 0.1946 0.2980 0.2982
0.5945 0.8175 1.3811 0.6281 0.6355 4.9099 0.2066 0.2065 0.3109 0.3117
0.5832 0.8165 1.3827 0.6321 0.6406 4.9330 0.2029 0.2026 0.3072 0.3078
0.6128 0.8247 1.3508 0.6366 0.6465 4.9204 0.1992 0.1990 0.3034 0.3043
0.5973 0.8209 1.3806 0.6332 0.6406 4.9264 0.2049 0.2044 0.3096 0.3099
0.5874 0.8213 1.3320 0.6344 0.6412 4.9300 0.1995 0.1990 0.3036 0.3038
0.5818 0.8143 1.3378 0.6327 0.6391 4.9229 0.2049 0.2045 0.3096 0.3099
0.5683 0.8211 1.3536 0.6327 0.6409 4.9216 0.2113 0.2110 0.3168 0.3175
0.5790 0.8191 1.3318 0.6378 0.6445 4.9924 0.2005 0.2001 0.3051 0.3054
0.5696 0.8237 1.3323 0.6440 0.6514 4.9558 0.2026 0.2020 0.3082 0.3084
0.6158 0.8116 1.3455 0.6361 0.6426 4.9628 0.1982 0.1975 0.3022 0.3022
0.5677 0.8295 1.3270 0.6395 0.6450 4.9314 0.2083 0.2077 0.3142 0.3142
0.5823 0.8216 1.3200 0.6423 0.6496 4.9951 0.2066 0.2061 0.3126 0.3129
0.5790 0.8255 1.3204 0.6417 0.6460 4.9910 0.2029 0.2028 0.3083 0.3087
0.5811 0.8253 1.3364 0.6463 0.6509 5.0199 0.2066 0.2061 0.3131 0.3131
0.5854 0.8204 1.3324 0.6480 0.6543 4.9812 0.2026 0.2021 0.3086 0.3088
0.5913 0.8204 1.3347 0.6383 0.6447 4.9367 0.2026 0.2024 0.3075 0.3081
0.5605 0.8275 1.2865 0.6383 0.6443 4.9517 0.2096 0.2094 0.3156 0.3160
0.5638 0.8207 1.3466 0.6406 0.6474 4.9486 0.2107 0.2102 0.3170 0.3173
0.5673 0.8216 1.3304 0.6474 0.6541 4.9793 0.2096 0.2093 0.3167 0.3171
0.5655 0.8325 1.3135 0.6446 0.6505 4.9563 0.2046 0.2046 0.3106 0.3113
0.5688 0.8207 1.3179 0.6525 0.6581 5.0184 0.2016 0.2015 0.3080 0.3086
0.5759 0.8245 1.3148 0.6502 0.6553 4.9916 0.2049 0.2041 0.3116 0.3112
0.5549 0.8289 1.3157 0.6491 0.6556 4.9982 0.2080 0.2072 0.3150 0.3149
0.5865 0.8249 1.3176 0.6480 0.6542 4.9837 0.2069 0.2066 0.3137 0.3140
0.5658 0.8259 1.2985 0.6446 0.6517 5.0311 0.1999 0.1996 0.3051 0.3056
0.5608 0.8301 1.3216 0.6429 0.6497 5.0049 0.2019 0.2013 0.3073 0.3073
0.5640 0.8312 1.2846 0.6480 0.6556 5.0461 0.1972 0.1970 0.3023 0.3029
0.5578 0.8216 1.2845 0.6457 0.6534 5.0897 0.1995 0.1996 0.3049 0.3058
0.5502 0.8276 1.3097 0.6474 0.6551 5.0035 0.2120 0.2115 0.3194 0.3198
0.5737 0.8225 1.2799 0.6502 0.6569 5.0503 0.2073 0.2070 0.3144 0.3148
0.5667 0.8311 1.3156 0.6502 0.6567 5.0135 0.1999 0.1992 0.3057 0.3057
0.5737 0.8251 1.2625 0.6491 0.6555 5.0202 0.2063 0.2059 0.3131 0.3133
0.5713 0.8263 1.2887 0.6485 0.6560 5.0491 0.2049 0.2047 0.3114 0.3120
0.5584 0.8217 1.2779 0.6497 0.6572 4.9939 0.2107 0.2102 0.3181 0.3185
0.5344 0.8351 1.2689 0.6531 0.6596 5.0128 0.2056 0.2052 0.3127 0.3130
0.5440 0.8345 1.2827 0.6565 0.6622 5.0884 0.2042 0.2038 0.3116 0.3117
0.5773 0.8175 1.3186 0.6553 0.6628 5.0760 0.2022 0.2019 0.3091 0.3095
0.5434 0.8324 1.2873 0.6559 0.6632 5.0452 0.2012 0.2007 0.3080 0.3081
0.5465 0.8251 1.2911 0.6491 0.6563 5.0027 0.2130 0.2125 0.3208 0.3211
0.5650 0.8263 1.2815 0.6553 0.6618 5.0753 0.2120 0.2118 0.3204 0.3209
0.5267 0.8388 1.2764 0.6536 0.6603 5.0183 0.2120 0.2116 0.3202 0.3205
0.5420 0.8336 1.2637 0.6604 0.6649 5.0218 0.2012 0.2008 0.3085 0.3085
0.5497 0.8237 1.2535 0.6627 0.6668 5.0752 0.2110 0.2105 0.3201 0.3200
0.5517 0.8315 1.2532 0.6582 0.6633 5.1028 0.2137 0.2135 0.3226 0.3230
0.5413 0.8300 1.2664 0.6621 0.6681 5.0242 0.2049 0.2045 0.3130 0.3131
