5.1174 0.0280 6.1788 0.0000 0.0000 4.1310 0.0516 0.0516 0.0000 0.0000
4.6700 0.0776 5.4790 0.0000 0.0000 3.6202 0.1648 0.1669 0.0000 0.0000
3.9098 0.1705 4.6928 0.0011 0.0010 3.1034 0.2245 0.2261 0.0023 0.0020
3.1968 0.2620 4.0637 0.0244 0.0282 2.8903 0.2501 0.2492 0.0444 0.0507
2.6888 0.3265 3.4956 0.0765 0.0801 2.9792 0.2504 0.2489 0.1172 0.1212
2.3718 0.3919 3.1331 0.1457 0.1501 3.0308 0.2551 0.2538 0.1855 0.1886
2.1415 0.4349 2.7945 0.2177 0.2235 3.1063 0.2349 0.2333 0.2260 0.2283
1.9331 0.4851 2.5933 0.2698 0.2762 3.2772 0.2100 0.2096 0.2362 0.2383
1.8379 0.5107 2.4134 0.3158 0.3188 3.3490 0.2312 0.2304 0.2670 0.2674
1.7111 0.5356 2.2721 0.3571 0.3616 3.4763 0.2147 0.2148 0.2682 0.2695
1.6145 0.5508 2.2101 0.3724 0.3797 3.5474 0.1962 0.1963 0.2570 0.2588
1.5924 0.5637 2.1587 0.3963 0.4024 3.4832 0.1995 0.1987 0.2654 0.2661
1.4775 0.5881 1.9849 0.4331 0.4330 3.6003 0.1867 0.1862 0.2609 0.2605
1.4622 0.5851 1.9783 0.4382 0.4497 3.7916 0.1726 0.1723 0.2476 0.2491
1.3811 0.6185 1.8906 0.4683 0.4741 3.7027 0.1830 0.1841 0.2632 0.2653
1.3515 0.6273 1.8097 0.4875 0.4949 3.7238 0.1884 0.1896 0.2718 0.2742
1.2817 0.6475 1.8140 0.4864 0.4972 3.6928 0.1918 0.1928 0.2751 0.2779
1.2444 0.6497 1.7676 0.5040 0.5086 3.6882 0.2069 0.2074 0.2934 0.2946
1.2402 0.6643 1.6738 0.5323 0.5349 3.8063 0.1884 0.1882 0.2783 0.2784
1.2017 0.6635 1.6064 0.5584 0.5606 3.8835 0.1614 0.1613 0.2505 0.2506
1.1725 0.6776 1.5196 0.5754 0.5816 4.0622 0.1635 0.1634 0.2546 0.2551
1.1154 0.6884 1.5009 0.5669 0.5736 3.9325 0.1840 0.1837 0.2779 0.2783
1.1124 0.6967 1.4409 0.5907 0.5907 3.9500 0.1729 0.1731 0.2675 0.2677
1.0804 0.6993 1.4733 0.5788 0.5826 4.0837 0.1813 0.1814 0.2761 0.2767
1.0417 0.7121 1.4451 0.5896 0.5927 3.9921 0.1965 0.1961 0.2948 0.2947
1.0194 0.7139 1.4279 0.6020 0.6062 4.1728 0.1854 0.1851 0.2835 0.2836
0.9949 0.7207 1.3417 0.6264 0.6326 4.3045 0.1736 0.1742 0.2718 0.2732
0.9741 0.7281 1.3287 0.6241 0.6294 4.1909 0.1793 0.1784 0.2786 0.2780
0.9239 0.7428 1.3318 0.6412 0.6453 4.3243 0.1641 0.1636 0.2614 0.2610
0.9426 0.7404 1.3301 0.6446 0.6477 4.2919 0.1662 0.1655 0.2642 0.2636
0.9218 0.7417 1.2779 0.6650 0.6635 4.4496 0.1601 0.1605 0.2581 0.2585
0.8994 0.7441 1.2308 0.6695 0.6757 4.4776 0.1564 0.1567 0.2535 0.2545
0.8815 0.7557 1.2563 0.6695 0.6759 4.3771 0.1732 0.1732 0.2753 0.2757
0.8710 0.7535 1.2113 0.6718 0.6752 4.2953 0.1881 0.1884 0.2939 0.2946
0.8834 0.7427 1.1395 0.6927 0.6964 4.6813 0.1486 0.1488 0.2448 0.2452
0.8487 0.7600 1.1612 0.6825 0.6899 4.5559 0.1574 0.1567 0.2558 0.2554
0.8095 0.7723 1.1686 0.6655 0.6739 4.4298 0.1827 0.1822 0.2867 0.2869
0.8056 0.7761 1.1130 0.6961 0.6981 4.4732 0.1732 0.1732 0.2774 0.2775
0.7709 0.7776 1.0954 0.6967 0.6992 4.5806 0.1665 0.1663 0.2688 0.2687
0.7989 0.7672 1.0649 0.6990 0.7069 4.6838 0.1611 0.1615 0.2619 0.2629
0.7881 0.7621 1.0702 0.6984 0.7040 4.8615 0.1500 0.1504 0.2469 0.2478
0.7624 0.7801 0.9871 0.7245 0.7298 4.7806 0.1564 0.1560 0.2572 0.2570
0.7329 0.7897 0.9819 0.7347 0.7410 4.7792 0.1483 0.1482 0.2468 0.2470
0.7422 0.7861 0.9800 0.7358 0.7435 4.8588 0.1480 0.1477 0.2464 0.2464
0.6916 0.7960 0.9572 0.7302 0.7368 4.7412 0.1584 0.1575 0.2603 0.2595
0.6902 0.7976 0.8990 0.7415 0.7470 4.8954 0.1463 0.1460 0.2443 0.2443
0.6980 0.8008 0.9508 0.7341 0.7418 4.6922 0.1699 0.1697 0.2759 0.2762
0.6844 0.8013 0.9282 0.7466 0.7524 4.7902 0.1702 0.1703 0.2772 0.2778
0.6616 0.8059 0.9207 0.7381 0.7418 4.6960 0.1614 0.1612 0.2649 0.2648
0.6488 0.8120 0.9074 0.7381 0.7460 4.7632 0.1766 0.1762 0.2850 0.2851
0.6553 0.8099 0.8537 0.7659 0.7758 4.9606 0.1631 0.1626 0.2690 0.2688
0.6250 0.8204 0.8283 0.7727 0.7795 4.8799 0.1618 0.1613 0.2675 0.2673
0.6133 0.8276 0.8024 0.7738 0.7808 4.9216 0.1598 0.1592 0.2648 0.2644
0.6077 0.8283 0.8013 0.7715 0.7780 4.9338 0.1560 0.1555 0.2596 0.2592
0.5995 0.8312 0.8276 0.7766 0.7834 4.8452 0.1645 0.1641 0.2715 0.2713
0.6076 0.8227 0.8201 0.7800 0.7859 4.8856 0.1577 0.1573 0.2624 0.2621
0.6040 0.8353 0.7999 0.7874 0.7927 4.9104 0.1587 0.1585 0.2642 0.2641
0.6081 0.8309 0.7867 0.7851 0.7914 4.9505 0.1577 0.1576 0.2627 0.2628
0.6026 0.8197 0.7979 0.7846 0.7892 4.9169 0.1618 0.1617 0.2682 0.2684
0.5949 0.8275 0.7941 0.7840 0.7888 4.9351 0.1581 0.1575 0.2631 0.2626
0.6036 0.8261 0.7882 0.7857 0.7907 4.9430 0.1577 0.1573 0.2627 0.2624
0.5875 0.8320 0.7997 0.7874 0.7925 4.9177 0.1587 0.1583 0.2642 0.2638
0.5880 0.8315 0.7819 0.7874 0.7930 4.9388 0.1557 0.1552 0.2600 0.2596
0.5875 0.8329 0.7692 0.7902 0.7946 4.9227 0.1567 0.1562 0.2616 0.2611
0.5790 0.8377 0.7826 0.7897 0.7950 4.9260 0.1550 0.1545 0.2592 0.2587
0.5876 0.8328 0.7820 0.7937 0.7992 4.9550 0.1540 0.1536 0.2580 0.2576
0.5814 0.8321 0.7771 0.7942 0.7987 4.9117 0.1584 0.1579 0.2641 0.2637
0.5759 0.8359 0.7642 0.7971 0.8016 4.9659 0.1527 0.1522 0.2563 0.2559
0.6039 0.8240 0.7734 0.7971 0.8028 4.9478 0.1557 0.1552 0.2605 0.2601
0.5833 0.8317 0.7444 0.7965 0.7999 4.9830 0.1581 0.1577 0.2638 0.2635
0.5691 0.8395 0.7777 0.7942 0.7984 4.9613 0.1527 0.1522 0.2561 0.2557
0.5725 0.8376 0.7750 0.7959 0.7996 4.9898 0.1601 0.1598 0.2666 0.2663
0.5890 0.8285 0.7484 0.7959 0.8010 4.9786 0.1567 0.1565 0.2619 0.2619
0.5827 0.8288 0.7562 0.7988 0.8033 4.9771 0.1557 0.1554 0.2606 0.2604
0.5579 0.8408 0.7586 0.7971 0.8010 4.9837 0.1523 0.1521 0.2558 0.2556
0.5802 0.8391 0.7538 0.7982 0.8026 4.9543 0.1510 0.1505 0.2539 0.2535
0.5614 0.8373 0.7602 0.7982 0.8024 5.0365 0.1560 0.1556 0.2611 0.2607
0.5643 0.8368 0.7388 0.7993 0.8046 4.9913 0.1564 0.1560 0.2616 0.2613
0.5745 0.8391 0.7226 0.7971 0.8016 5.0111 0.1517 0.1513 0.2548 0.2545
0.5740 0.8360 0.7516 0.7948 0.7989 4.9843 0.1544 0.1541 0.2585 0.2583
0.5745 0.8351 0.7469 0.7993 0.8023 5.0107 0.1534 0.1529 0.2573 0.2568
0.5699 0.8413 0.7256 0.7959 0.7991 5.0274 0.1513 0.1510 0.2543 0.2539
0.5444 0.8417 0.7557 0.7982 0.8020 5.0178 0.1574 0.1573 0.2629 0.2630
0.5681 0.8379 0.7356 0.7954 0.7991 5.0225 0.1587 0.1583 0.2647 0.2643
0.5576 0.8361 0.7343 0.8044 0.8084 5.0642 0.1547 0.1543 0.2595 0.2591
0.5624 0.8424 0.7325 0.8050 0.8096 5.0555 0.1554 0.1550 0.2605 0.2602
0.5663 0.8389 0.7318 0.8095 0.8150 5.0441 0.1554 0.1548 0.2607 0.2601
0.5921 0.8343 0.7334 0.8056 0.8092 5.0799 0.1443 0.1438 0.2447 0.2442
0.5563 0.8447 0.7235 0.8033 0.8067 5.0242 0.1530 0.1528 0.2571 0.2569
0.5649 0.8361 0.7236 0.8078 0.8126 5.0320 0.1577 0.1577 0.2639 0.2641
0.5429 0.8480 0.7358 0.8044 0.8069 5.0463 0.1614 0.1610 0.2689 0.2684
0.5507 0.8387 0.7339 0.8033 0.8057 5.0351 0.1564 0.1563 0.2618 0.2618
0.5679 0.8340 0.7297 0.8084 0.8116 5.1107 0.1517 0.1512 0.2554 0.2549
0.5621 0.8412 0.7289 0.8107 0.8157 5.1206 0.1530 0.1527 0.2574 0.2572
0.5568 0.8347 0.7148 0.8124 0.8166 5.0532 0.1517 0.1514 0.2556 0.2554
0.5499 0.8419 0.7118 0.8095 0.8136 5.0783 0.1510 0.1507 0.2545 0.2544
0.5547 0.8424 0.7140 0.8124 0.8165 5.1382 0.1476 0.1471 0.2498 0.2494
0.5565 0.8452 0.7149 0.8084 0.8112 5.1183 0.1598 0.1594 0.2668 0.2664
0.5422 0.8396 0.7113 0.8118 0.8156 5.1073 0.1530 0.1528 0.2575 0.2574
0.5465 0.8395 0.7156 0.8135 0.8169 5.1122 0.1550 0.1547 0.2604 0.2601
