4.9044 0.0369 7.7146 0.0000 0.0000 3.8947 0.0913 0.0910 0.0000 0.0000
4.3936 0.1208 6.3095 0.0000 0.0000 3.6008 0.1490 0.1505 0.0000 0.0000
3.6839 0.2207 5.9189 0.0000 0.0000 2.9633 0.2221 0.2224 0.0000 0.0000
2.9995 0.3340 5.3672 0.0000 0.0000 2.6595 0.2460 0.2450 0.0000 0.0000
2.5180 0.3991 4.9104 0.0023 0.0024 2.6039 0.2696 0.2681 0.0045 0.0048
2.2144 0.4323 4.4741 0.0249 0.0271 2.7637 0.2750 0.2736 0.0457 0.0493
1.9908 0.4807 4.1746 0.0522 0.0522 2.8396 0.2905 0.2892 0.0884 0.0884
1.8493 0.5061 3.9320 0.0788 0.0812 2.8254 0.3030 0.3019 0.1251 0.1280
1.7212 0.5379 3.4954 0.1440 0.1440 3.1427 0.2727 0.2712 0.1885 0.1881
1.6210 0.5553 3.4724 0.1361 0.1422 3.1689 0.2878 0.2861 0.1848 0.1899
1.5458 0.5800 3.2523 0.1684 0.1683 3.1500 0.2979 0.2971 0.2152 0.2149
1.4385 0.5872 3.1268 0.2024 0.2061 3.2352 0.3040 0.3046 0.2430 0.2458
1.3765 0.6160 3.0579 0.2211 0.2270 3.3559 0.2959 0.2960 0.2531 0.2570
1.3100 0.6361 2.9019 0.2642 0.2685 3.5493 0.2686 0.2674 0.2664 0.2679
1.2783 0.6357 2.8054 0.2823 0.2849 3.6905 0.2649 0.2640 0.2733 0.2740
1.2286 0.6464 2.8048 0.2840 0.2944 3.7483 0.2433 0.2435 0.2621 0.2665
1.1838 0.6623 2.7171 0.3022 0.3028 3.6461 0.2730 0.2732 0.2868 0.2873
1.1511 0.6632 2.6270 0.3231 0.3273 3.6339 0.2588 0.2598 0.2874 0.2897
1.1344 0.6720 2.5944 0.3458 0.3492 3.7628 0.2582 0.2582 0.2956 0.2969
1.0830 0.6853 2.4466 0.3605 0.3666 3.9350 0.2484 0.2480 0.2941 0.2959
1.0640 0.6969 2.4636 0.3821 0.3874 3.9610 0.2545 0.2536 0.3055 0.3065
1.0306 0.6984 2.3476 0.3741 0.3797 3.9972 0.2474 0.2469 0.2978 0.2992
0.9948 0.7143 2.3734 0.3917 0.4019 4.0856 0.2464 0.2458 0.3025 0.3050
0.9759 0.7209 2.2590 0.4127 0.4185 4.1512 0.2447 0.2437 0.3072 0.3080
0.9840 0.7209 2.2132 0.4286 0.4332 4.0665 0.2376 0.2369 0.3057 0.3063
0.9228 0.7328 2.1959 0.4314 0.4347 4.0833 0.2460 0.2447 0.3134 0.3132
0.9266 0.7287 2.1657 0.4297 0.4365 4.0839 0.2545 0.2538 0.3196 0.3209
0.9249 0.7237 2.1050 0.4427 0.4488 4.0806 0.2535 0.2527 0.3224 0.3234
0.8930 0.7291 2.1057 0.4558 0.4698 4.1649 0.2369 0.2363 0.3118 0.3145
0.8860 0.7392 1.9599 0.4802 0.4892 4.3147 0.2481 0.2478 0.3271 0.3289
0.8617 0.7463 1.9270 0.4700 0.4781 4.2674 0.2464 0.2457 0.3233 0.3246
0.8320 0.7545 1.9413 0.4768 0.4836 4.3840 0.2433 0.2421 0.3222 0.3226
0.8283 0.7557 1.9425 0.4807 0.4882 4.2285 0.2430 0.2424 0.3228 0.3240
0.8384 0.7500 1.8571 0.4892 0.4961 4.2271 0.2369 0.2358 0.3193 0.3197
0.8172 0.7571 1.8104 0.5040 0.5145 4.4497 0.2299 0.2291 0.3157 0.3170
0.7713 0.7597 1.8814 0.4977 0.5062 4.2776 0.2531 0.2529 0.3356 0.3373
0.7793 0.7749 1.7510 0.5238 0.5302 4.5368 0.2319 0.2312 0.3215 0.3220
0.7680 0.7772 1.7391 0.5266 0.5376 4.5123 0.2265 0.2256 0.3168 0.3178
0.7511 0.7636 1.7594 0.5244 0.5303 4.5419 0.2295 0.2287 0.3193 0.3196
0.7668 0.7639 1.7201 0.5317 0.5428 4.6148 0.2123 0.2117 0.3035 0.3046
0.7488 0.7767 1.6856 0.5329 0.5366 4.5153 0.2386 0.2380 0.3296 0.3298
0.7113 0.7849 1.7048 0.5255 0.5356 4.4517 0.2413 0.2410 0.3308 0.3324
0.7107 0.7829 1.5790 0.5556 0.5652 4.5773 0.2191 0.2186 0.3142 0.3152
0.6853 0.7864 1.5902 0.5822 0.5924 4.5852 0.2198 0.2186 0.3191 0.3193
0.6794 0.7967 1.6507 0.5550 0.5641 4.5736 0.2231 0.2230 0.3183 0.3197
0.6897 0.7887 1.5332 0.5805 0.5838 4.6459 0.2248 0.2246 0.3241 0.3244
0.6744 0.7972 1.4652 0.5975 0.5992 4.9227 0.1928 0.1926 0.2915 0.2915
0.6598 0.7929 1.5207 0.5952 0.6050 4.8771 0.2100 0.2093 0.3104 0.3109
0.6378 0.8067 1.4482 0.6105 0.6228 4.8152 0.2066 0.2053 0.3087 0.3088
0.6448 0.7997 1.4292 0.6105 0.6143 4.8418 0.2107 0.2104 0.3132 0.3135
0.6237 0.8049 1.4108 0.6202 0.6241 4.6854 0.2191 0.2185 0.3238 0.3237
0.6118 0.8185 1.3567 0.6332 0.6378 4.7647 0.2120 0.2118 0.3176 0.3180
0.6141 0.8147 1.3828 0.6281 0.6347 4.7646 0.2167 0.2166 0.3222 0.3230
0.6014 0.8161 1.3332 0.6315 0.6369 4.7606 0.2194 0.2190 0.3257 0.3259
0.5816 0.8225 1.3413 0.6400 0.6468 4.7604 0.2181 0.2175 0.3253 0.3255
0.5850 0.8207 1.3246 0.6400 0.6477 4.7742 0.2174 0.2171 0.3245 0.3252
0.6012 0.8159 1.3195 0.6349 0.6438 4.7433 0.2238 0.2234 0.3309 0.3317
0.5656 0.8248 1.3419 0.6349 0.6414 4.7232 0.2191 0.2186 0.3258 0.3261
0.5885 0.8141 1.3379 0.6372 0.6434 4.7259 0.2201 0.2198 0.3272 0.3276
0.6047 0.8099 1.3270 0.6412 0.6468 4.7731 0.2144 0.2140 0.3213 0.3216
0.5925 0.8200 1.3254 0.6429 0.6506 4.7939 0.2133 0.2130 0.3204 0.3210
0.5688 0.8229 1.3026 0.6429 0.6504 4.7801 0.2181 0.2178 0.3257 0.3263
0.5836 0.8253 1.3196 0.6423 0.6469 4.7781 0.2187 0.2183 0.3263 0.3265
0.5791 0.8213 1.3172 0.6446 0.6493 4.7990 0.2133 0.2131 0.3206 0.3209
0.5791 0.8188 1.3236 0.6429 0.6483 4.7598 0.2144 0.2138 0.3215 0.3216
0.5810 0.8233 1.3087 0.6468 0.6516 4.7745 0.2184 0.2179 0.3265 0.3265
0.5724 0.8249 1.3099 0.6491 0.6560 4.8027 0.2181 0.2178 0.3265 0.3270
0.5862 0.8267 1.3184 0.6423 0.6483 4.7779 0.2221 0.2219 0.3301 0.3306
0.5820 0.8245 1.2985 0.6485 0.6558 4.8163 0.2171 0.2166 0.3253 0.3257
0.5795 0.8193 1.2811 0.6531 0.6583 4.8184 0.2107 0.2102 0.3185 0.3187
0.6002 0.8155 1.2668 0.6531 0.6601 4.8078 0.2181 0.2177 0.3270 0.3274
0.5840 0.8245 1.2686 0.6514 0.6590 4.8093 0.2211 0.2208 0.3301 0.3308
0.5722 0.8192 1.2804 0.6446 0.6538 4.8273 0.2157 0.2152 0.3232 0.3238
0.5708 0.8195 1.2971 0.6514 0.6637 4.8626 0.2127 0.2124 0.3207 0.3218
0.5689 0.8249 1.3109 0.6423 0.6502 4.8196 0.2278 0.2275 0.3364 0.3370
0.5728 0.8212 1.3007 0.6480 0.6571 4.8028 0.2157 0.2155 0.3237 0.3245
0.5811 0.8260 1.2694 0.6570 0.6658 4.8479 0.2113 0.2107 0.3198 0.3201
0.5668 0.8303 1.2743 0.6570 0.6673 4.8324 0.2113 0.2108 0.3198 0.3204
0.5716 0.8297 1.2724 0.6553 0.6644 4.8803 0.2100 0.2097 0.3180 0.3188
0.5806 0.8208 1.2672 0.6502 0.6601 4.8208 0.2130 0.2127 0.3209 0.3218
0.5667 0.8284 1.2848 0.6559 0.6640 4.8590 0.2113 0.2107 0.3197 0.3199
0.5687 0.8228 1.2922 0.6604 0.6670 4.8571 0.2164 0.2164 0.3260 0.3268
0.5598 0.8295 1.2615 0.6587 0.6680 4.8567 0.2144 0.2143 0.3235 0.3245
0.5622 0.8281 1.2630 0.6542 0.6612 4.8469 0.2174 0.2168 0.3263 0.3265
0.5734 0.8245 1.2797 0.6576 0.6658 4.8676 0.2214 0.2211 0.3313 0.3319
0.5423 0.8327 1.2604 0.6582 0.6673 4.8657 0.2144 0.2140 0.3234 0.3240
0.5484 0.8329 1.2933 0.6565 0.6662 4.8175 0.2194 0.2194 0.3289 0.3301
0.5706 0.8177 1.2689 0.6644 0.6743 4.8974 0.2127 0.2123 0.3222 0.3229
0.5669 0.8307 1.2564 0.6610 0.6697 4.8523 0.2150 0.2144 0.3245 0.3248
0.5503 0.8299 1.2485 0.6684 0.6765 4.8914 0.2080 0.2073 0.3172 0.3174
0.5574 0.8240 1.2351 0.6593 0.6685 4.8791 0.2144 0.2141 0.3235 0.3243
0.5520 0.8287 1.2811 0.6644 0.6729 4.9251 0.2009 0.2008 0.3085 0.3092
0.5559 0.8240 1.2497 0.6604 0.6671 4.8848 0.2174 0.2171 0.3271 0.3276
0.5555 0.8253 1.2566 0.6633 0.6702 4.8821 0.2154 0.2152 0.3252 0.3258
0.5528 0.8299 1.2391 0.6633 0.6686 4.9101 0.2117 0.2112 0.3209 0.3210
0.5268 0.8319 1.2534 0.6661 0.6699 4.8537 0.2187 0.2184 0.3293 0.3294
0.5360 0.8349 1.2498 0.6667 0.6743 4.8748 0.2113 0.2109 0.3209 0.3213
0.5489 0.8307 1.2622 0.6599 0.6697 4.8765 0.2191 0.2187 0.3289 0.3297
0.5506 0.8345 1.2254 0.6616 0.6679 4.9017 0.2137 0.2132 0.3230 0.3232
0.5348 0.8304 1.2324 0.6757 0.6814 4.9201 0.2130 0.2127 0.3239 0.3242
