5.1180 0.0152 6.1651 0.0000 0.0000 4.1566 0.0826 0.0818 0.0000 0.0000
4.6927 0.1000 5.4761 0.0000 0.0000 3.6421 0.1877 0.1869 0.0000 0.0000
3.9036 0.1947 4.6211 0.0000 0.0000 3.0717 0.2123 0.2145 0.0000 0.0000
3.1283 0.2837 3.8802 0.0278 0.0311 2.9464 0.2497 0.2487 0.0500 0.0553
2.6176 0.3480 3.3619 0.0952 0.0967 2.9681 0.2599 0.2590 0.1394 0.1409
2.3201 0.3939 3.0495 0.1718 0.1778 3.1296 0.2238 0.2234 0.1944 0.1980
2.0941 0.4349 2.7424 0.2477 0.2558 3.2478 0.2066 0.2061 0.2253 0.2283
1.9288 0.4813 2.6073 0.2772 0.2823 3.2562 0.2231 0.2228 0.2472 0.2490
1.7929 0.5155 2.4054 0.3265 0.3312 3.3305 0.2036 0.2028 0.2508 0.2516
1.6918 0.5455 2.2536 0.3503 0.3593 3.4274 0.1901 0.1901 0.2465 0.2487
1.6123 0.5579 2.1916 0.3895 0.3979 3.5847 0.1958 0.1955 0.2606 0.2621
1.5398 0.5780 2.0894 0.4195 0.4258 3.5610 0.2012 0.2010 0.2720 0.2731
1.4814 0.5979 1.9892 0.4529 0.4621 3.8129 0.1705 0.1708 0.2478 0.2494
1.4259 0.6163 1.9544 0.4563 0.4646 3.7684 0.1857 0.1849 0.2640 0.2645
1.3797 0.6207 1.8737 0.4626 0.4698 3.7717 0.1844 0.1841 0.2636 0.2646
1.3066 0.6420 1.8271 0.4904 0.4973 3.8149 0.1908 0.1899 0.2747 0.2749
1.3073 0.6495 1.7037 0.5198 0.5266 3.7935 0.1823 0.1816 0.2700 0.2700
1.2655 0.6589 1.6527 0.5414 0.5465 4.1006 0.1581 0.1573 0.2447 0.2443
1.1983 0.6653 1.5944 0.5544 0.5612 4.0433 0.1598 0.1598 0.2480 0.2487
1.1685 0.6747 1.5837 0.5590 0.5659 3.9761 0.1786 0.1776 0.2707 0.2704
1.1446 0.6827 1.5561 0.5641 0.5693 4.1088 0.1705 0.1702 0.2619 0.2621
1.1145 0.6844 1.4927 0.5799 0.5831 4.1364 0.1581 0.1574 0.2484 0.2479
1.0896 0.6976 1.5297 0.5788 0.5848 4.1892 0.1648 0.1645 0.2566 0.2568
1.0689 0.6976 1.4186 0.6083 0.6143 4.1784 0.1739 0.1731 0.2705 0.2701
1.0247 0.7164 1.3630 0.6287 0.6309 4.2918 0.1678 0.1671 0.2650 0.2642
1.0425 0.7223 1.3766 0.6366 0.6398 4.2680 0.1621 0.1616 0.2584 0.2580
0.9945 0.7263 1.2708 0.6553 0.6596 4.3590 0.1675 0.1670 0.2668 0.2665
0.9720 0.7296 1.3984 0.6139 0.6237 4.1744 0.1904 0.1913 0.2907 0.2927
0.9764 0.7241 1.2879 0.6389 0.6423 4.3188 0.1753 0.1752 0.2751 0.2753
0.9541 0.7288 1.2776 0.6355 0.6416 4.1912 0.1827 0.1821 0.2838 0.2837
0.9010 0.7489 1.2476 0.6395 0.6507 4.2918 0.1678 0.1671 0.2659 0.2659
0.8929 0.7493 1.2141 0.6672 0.6723 4.4387 0.1577 0.1572 0.2552 0.2548
0.8849 0.7573 1.1396 0.6661 0.6700 4.4591 0.1621 0.1619 0.2608 0.2608
0.8779 0.7505 1.1802 0.6706 0.6772 4.4312 0.1726 0.1727 0.2745 0.2752
0.8933 0.7480 1.1317 0.6774 0.6826 4.4363 0.1739 0.1738 0.2768 0.2770
0.8358 0.7616 1.0972 0.6978 0.7024 4.4952 0.1584 0.1579 0.2582 0.2578
0.8201 0.7673 1.1157 0.7012 0.7051 4.3056 0.1739 0.1733 0.2787 0.2782
0.8295 0.7595 1.1450 0.6865 0.6920 4.4211 0.1763 0.1758 0.2805 0.2804
0.8003 0.7735 1.0652 0.7058 0.7084 4.4441 0.1705 0.1702 0.2747 0.2744
0.7650 0.7803 1.0309 0.7012 0.7098 4.6324 0.1557 0.1560 0.2548 0.2558
0.7665 0.7856 1.0022 0.7273 0.7331 4.5570 0.1635 0.1631 0.2669 0.2668
0.7610 0.7809 1.0271 0.7115 0.7154 4.7010 0.1601 0.1597 0.2614 0.2610
0.7375 0.7883 0.9906 0.7188 0.7278 4.7573 0.1631 0.1635 0.2659 0.2670
0.7374 0.7847 0.9455 0.7245 0.7280 4.6873 0.1571 0.1568 0.2582 0.2581
0.6955 0.7939 0.9673 0.7398 0.7436 4.6946 0.1658 0.1651 0.2709 0.2703
0.7088 0.7923 0.9673 0.7307 0.7372 4.6802 0.1685 0.1681 0.2739 0.2738
0.6869 0.7973 0.9126 0.7370 0.7430 4.7720 0.1564 0.1556 0.2580 0.2573
0.6818 0.8029 0.8533 0.7574 0.7595 4.8298 0.1628 0.1618 0.2680 0.2668
0.6463 0.8079 0.8715 0.7528 0.7591 4.9347 0.1557 0.1549 0.2581 0.2572
0.6674 0.8097 0.8758 0.7489 0.7523 4.8525 0.1621 0.1612 0.2665 0.2655
0.6529 0.8069 0.8280 0.7715 0.7750 4.7960 0.1601 0.1593 0.2652 0.2643
0.6125 0.8268 0.8029 0.7761 0.7794 4.8017 0.1621 0.1617 0.2682 0.2679
0.6046 0.8295 0.8039 0.7795 0.7830 4.8396 0.1638 0.1631 0.2707 0.2699
0.5952 0.8296 0.8098 0.7834 0.7873 4.8361 0.1621 0.1616 0.2686 0.2681
0.6031 0.8285 0.8005 0.7778 0.7820 4.8545 0.1648 0.1643 0.2720 0.2716
0.6043 0.8227 0.8009 0.7749 0.7776 4.8798 0.1631 0.1630 0.2695 0.2695
0.5996 0.8319 0.7861 0.7772 0.7823 4.8179 0.1611 0.1608 0.2669 0.2668
0.5959 0.8317 0.7831 0.7840 0.7886 4.8722 0.1628 0.1626 0.2696 0.2696
0.5876 0.8283 0.7922 0.7851 0.7883 4.8806 0.1604 0.1601 0.2664 0.2662
0.5817 0.8379 0.7892 0.7885 0.7925 4.8204 0.1614 0.1611 0.2680 0.2678
0.5683 0.8400 0.7735 0.7897 0.7936 4.8642 0.1635 0.1633 0.2709 0.2708
0.5782 0.8355 0.7776 0.7874 0.7902 4.8763 0.1651 0.1649 0.2730 0.2728
0.5846 0.8348 0.7735 0.7863 0.7895 4.9396 0.1618 0.1617 0.2683 0.2684
0.5841 0.8348 0.7756 0.7874 0.7921 4.9132 0.1604 0.1601 0.2666 0.2664
0.5757 0.8319 0.7580 0.7868 0.7916 4.9095 0.1594 0.1590 0.2651 0.2649
0.5844 0.8311 0.7523 0.7948 0.7989 4.9233 0.1584 0.1582 0.2642 0.2642
0.5835 0.8345 0.7451 0.7914 0.7950 4.9079 0.1641 0.1638 0.2719 0.2717
0.5726 0.8344 0.7444 0.7976 0.8032 4.9626 0.1604 0.1602 0.2671 0.2671
0.5956 0.8309 0.7506 0.8005 0.8052 4.9740 0.1611 0.1610 0.2682 0.2683
0.5924 0.8259 0.7515 0.7965 0.8022 4.8944 0.1635 0.1632 0.2713 0.2713
0.5764 0.8332 0.7580 0.7971 0.8025 4.9545 0.1618 0.1613 0.2690 0.2686
0.5775 0.8287 0.7408 0.8005 0.8038 4.9637 0.1574 0.1570 0.2631 0.2627
0.5773 0.8324 0.7530 0.7976 0.8012 4.9341 0.1584 0.1580 0.2643 0.2639
0.5821 0.8357 0.7488 0.7971 0.7999 4.9664 0.1611 0.1609 0.2680 0.2679
0.5751 0.8319 0.7465 0.7988 0.8022 4.9576 0.1672 0.1669 0.2765 0.2763
0.5890 0.8283 0.7396 0.8044 0.8078 4.9834 0.1611 0.1608 0.2684 0.2683
0.5827 0.8349 0.7179 0.8056 0.8085 5.0127 0.1554 0.1554 0.2605 0.2606
0.5571 0.8435 0.7563 0.7959 0.7987 4.9767 0.1584 0.1581 0.2642 0.2640
0.5761 0.8300 0.7366 0.7988 0.8018 4.9825 0.1621 0.1619 0.2695 0.2694
0.5941 0.8331 0.7306 0.7988 0.8016 4.9571 0.1584 0.1580 0.2644 0.2640
0.5524 0.8420 0.7321 0.7965 0.7994 4.9982 0.1557 0.1555 0.2605 0.2604
0.5685 0.8379 0.7408 0.7948 0.7972 4.9581 0.1672 0.1668 0.2762 0.2759
0.5652 0.8400 0.7324 0.7976 0.8019 4.9976 0.1550 0.1545 0.2596 0.2591
0.5710 0.8351 0.7317 0.7965 0.7991 4.9847 0.1672 0.1671 0.2763 0.2764
0.5505 0.8359 0.7339 0.7999 0.8047 5.0116 0.1668 0.1664 0.2761 0.2757
0.5694 0.8420 0.7312 0.8005 0.8036 5.0191 0.1625 0.1619 0.2701 0.2695
0.5487 0.8412 0.7471 0.8010 0.8046 4.9793 0.1625 0.1617 0.2701 0.2692
0.5708 0.8360 0.7026 0.8027 0.8054 5.0056 0.1534 0.1530 0.2575 0.2572
0.5312 0.8473 0.7174 0.7982 0.8032 5.0278 0.1574 0.1571 0.2629 0.2629
0.5483 0.8392 0.7169 0.8022 0.8069 5.0450 0.1594 0.1590 0.2660 0.2657
0.5594 0.8393 0.7171 0.7999 0.8047 5.0200 0.1635 0.1630 0.2715 0.2711
0.5431 0.8417 0.7189 0.8016 0.8045 5.0136 0.1584 0.1583 0.2645 0.2645
0.5523 0.8419 0.7244 0.8129 0.8182 5.0795 0.1534 0.1533 0.2580 0.2583
0.5587 0.8445 0.7200 0.8084 0.8133 5.0913 0.1567 0.1566 0.2625 0.2627
0.5646 0.8344 0.7199 0.8061 0.8101 5.0778 0.1611 0.1604 0.2685 0.2678
0.5506 0.8345 0.6989 0.8112 0.8149 5.1330 0.1416 0.1415 0.2411 0.2411
0.5251 0.8497 0.6983 0.8084 0.8109 5.0741 0.1601 0.1599 0.2673 0.2671
0.5242 0.8405 0.7171 0.8022 0.8056 5.0659 0.1598 0.1596 0.2664 0.2664
0.5579 0.8393 0.7070 0.8056 0.8089 5.0823 0.1598 0.1591 0.2666 0.2659
0.5361 0.8485 0.6876 0.8078 0.8114 5.0641 0.1628 0.1626 0.2710 0.2709
