5.1164 0.0189 6.1592 0.0000 0.0000 4.1635 0.0674 0.0673 0.0000 0.0000
4.6795 0.1148 5.4581 0.0000 0.0000 3.6564 0.1918 0.1921 0.0000 0.0000
3.8960 0.1745 4.6272 0.0028 0.0024 3.0969 0.2282 0.2286 0.0056 0.0047
3.1556 0.2615 4.0472 0.0232 0.0277 2.8393 0.2679 0.2659 0.0428 0.0501
2.6818 0.3367 3.4783 0.0748 0.0770 2.8975 0.2686 0.2681 0.1171 0.1196
2.3581 0.3903 3.1053 0.1553 0.1607 3.0798 0.2457 0.2459 0.1903 0.1944
2.1432 0.4321 2.8302 0.2080 0.2174 3.1728 0.2332 0.2342 0.2199 0.2255
1.9554 0.4781 2.5870 0.2851 0.2915 3.3063 0.2268 0.2278 0.2527 0.2557
1.8540 0.5063 2.3912 0.3435 0.3517 3.4367 0.1989 0.1996 0.2519 0.2547
1.7199 0.5328 2.2807 0.3362 0.3445 3.4510 0.2110 0.2116 0.2593 0.2622
1.6102 0.5637 2.1941 0.3787 0.3894 3.4288 0.2235 0.2235 0.2811 0.2840
1.5497 0.5805 2.0954 0.4104 0.4148 3.4925 0.2016 0.2016 0.2703 0.2713
1.5004 0.5864 2.0028 0.4354 0.4456 3.6864 0.1837 0.1847 0.2584 0.2611
1.4427 0.5908 1.9737 0.4450 0.4517 3.7045 0.1921 0.1927 0.2684 0.2702
1.4043 0.6037 1.8569 0.4785 0.4868 3.8824 0.1790 0.1794 0.2605 0.2622
1.3256 0.6273 1.8113 0.4949 0.4981 3.7893 0.2063 0.2059 0.2912 0.2914
1.2972 0.6352 1.7915 0.4909 0.5001 3.7348 0.2100 0.2096 0.2941 0.2954
1.2581 0.6465 1.6926 0.5193 0.5231 3.7734 0.2127 0.2126 0.3018 0.3023
1.2449 0.6541 1.6677 0.5312 0.5370 3.7680 0.2201 0.2205 0.3112 0.3126
1.1946 0.6704 1.5557 0.5533 0.5592 3.9710 0.1776 0.1774 0.2689 0.2694
1.1597 0.6856 1.4885 0.5658 0.5700 3.9228 0.1837 0.1830 0.2773 0.2770
1.1034 0.6924 1.4723 0.5850 0.5881 3.9962 0.1790 0.1785 0.2741 0.2738
1.1242 0.6893 1.4964 0.5714 0.5816 4.0321 0.1867 0.1861 0.2815 0.2819
1.0453 0.7128 1.4640 0.5867 0.5875 3.9616 0.1978 0.1972 0.2959 0.2953
1.0483 0.7016 1.3748 0.5913 0.5959 4.0556 0.1871 0.1865 0.2842 0.2840
1.0132 0.7208 1.4219 0.5947 0.5975 4.0622 0.1732 0.1728 0.2683 0.2681
0.9836 0.7275 1.3802 0.6077 0.6128 4.0880 0.1881 0.1881 0.2872 0.2878
0.9643 0.7213 1.3362 0.6259 0.6277 4.1045 0.1887 0.1883 0.2900 0.2897
0.9483 0.7392 1.3150 0.6327 0.6353 4.2032 0.1820 0.1812 0.2827 0.2819
0.9324 0.7373 1.2356 0.6485 0.6539 4.2875 0.1813 0.1811 0.2834 0.2836
0.9305 0.7444 1.2326 0.6485 0.6537 4.3971 0.1739 0.1732 0.2743 0.2739
0.8865 0.7503 1.1977 0.6627 0.6645 4.4381 0.1716 0.1714 0.2726 0.2725
0.8998 0.7393 1.1606 0.6740 0.6772 4.3091 0.1780 0.1787 0.2816 0.2828
0.8882 0.7580 1.1235 0.6950 0.7011 4.5321 0.1638 0.1635 0.2651 0.2652
0.8507 0.7615 1.1414 0.6740 0.6799 4.3882 0.1601 0.1593 0.2587 0.2581
0.8514 0.7680 1.1244 0.6791 0.6829 4.4001 0.1884 0.1876 0.2950 0.2944
0.8407 0.7617 1.0863 0.6927 0.6976 4.4615 0.1773 0.1762 0.2823 0.2814
0.8188 0.7696 1.0430 0.7001 0.7070 4.3562 0.1746 0.1737 0.2795 0.2789
0.7765 0.7844 1.1077 0.6871 0.6952 4.3592 0.1918 0.1913 0.2999 0.3001
0.7874 0.7713 1.0391 0.7012 0.7063 4.4546 0.1908 0.1898 0.2999 0.2992
0.7801 0.7659 0.9938 0.7256 0.7310 4.4904 0.1702 0.1692 0.2757 0.2748
0.7533 0.7797 0.9421 0.7324 0.7351 4.5936 0.1709 0.1700 0.2771 0.2761
0.7314 0.7957 0.9789 0.7228 0.7267 4.6313 0.1716 0.1713 0.2773 0.2772
0.7264 0.7869 0.9276 0.7324 0.7391 4.7195 0.1564 0.1566 0.2577 0.2585
0.7162 0.7911 0.8998 0.7455 0.7477 4.7062 0.1695 0.1694 0.2762 0.2762
0.6840 0.8037 0.9067 0.7364 0.7390 4.8111 0.1618 0.1609 0.2653 0.2642
0.7069 0.7913 0.9201 0.7421 0.7464 4.6683 0.1753 0.1745 0.2836 0.2829
0.7013 0.7960 0.9137 0.7511 0.7586 4.8636 0.1709 0.1709 0.2784 0.2790
0.6732 0.8029 0.9200 0.7449 0.7512 4.7410 0.1705 0.1706 0.2775 0.2780
0.6458 0.8095 0.8378 0.7591 0.7661 4.7406 0.1702 0.1698 0.2781 0.2780
0.6016 0.8253 0.8270 0.7676 0.7742 4.8140 0.1722 0.1720 0.2813 0.2815
0.6126 0.8288 0.8080 0.7800 0.7852 4.8131 0.1695 0.1695 0.2785 0.2788
0.6084 0.8209 0.7858 0.7868 0.7908 4.8448 0.1678 0.1675 0.2767 0.2764
0.6090 0.8285 0.7932 0.7868 0.7919 4.8191 0.1658 0.1657 0.2739 0.2740
0.6080 0.8273 0.7668 0.7897 0.7952 4.8413 0.1662 0.1660 0.2746 0.2746
0.6298 0.8191 0.7751 0.7891 0.7937 4.8494 0.1665 0.1660 0.2750 0.2746
0.5976 0.8339 0.7728 0.7902 0.7926 4.8718 0.1648 0.1642 0.2727 0.2721
0.5776 0.8397 0.7706 0.7891 0.7929 4.8275 0.1662 0.1660 0.2745 0.2746
0.5806 0.8343 0.7653 0.7925 0.7965 4.8703 0.1668 0.1669 0.2756 0.2759
0.5778 0.8333 0.7621 0.7931 0.7962 4.8208 0.1709 0.1707 0.2812 0.2812
0.5822 0.8337 0.7524 0.7937 0.7990 4.8481 0.1651 0.1646 0.2734 0.2729
0.5812 0.8327 0.7479 0.7902 0.7938 4.8614 0.1675 0.1669 0.2764 0.2758
0.6068 0.8277 0.7374 0.7942 0.8007 4.8557 0.1662 0.1657 0.2748 0.2746
0.6094 0.8281 0.7433 0.7971 0.8016 4.8701 0.1648 0.1643 0.2731 0.2728
0.5845 0.8340 0.7559 0.7954 0.7994 4.8675 0.1685 0.1682 0.2781 0.2780
0.5765 0.8379 0.7382 0.7948 0.8011 4.8627 0.1635 0.1631 0.2712 0.2711
0.5895 0.8315 0.7612 0.7948 0.7991 4.9363 0.1628 0.1625 0.2702 0.2701
0.5808 0.8312 0.7316 0.8005 0.8064 4.9062 0.1625 0.1621 0.2701 0.2700
0.5783 0.8331 0.7365 0.7965 0.8014 4.9521 0.1601 0.1599 0.2666 0.2666
0.5779 0.8395 0.7416 0.7965 0.8015 4.8758 0.1641 0.1643 0.2722 0.2727
0.5656 0.8404 0.7422 0.7976 0.8039 4.9335 0.1651 0.1653 0.2736 0.2742
0.5752 0.8335 0.7379 0.7976 0.8026 4.9320 0.1665 0.1662 0.2755 0.2753
0.5960 0.8265 0.7139 0.7999 0.8041 4.9702 0.1648 0.1644 0.2733 0.2729
0.5906 0.8331 0.7416 0.8016 0.8059 4.9495 0.1601 0.1601 0.2669 0.2671
0.5662 0.8364 0.7298 0.7988 0.8030 4.9698 0.1591 0.1590 0.2653 0.2654
0.5677 0.8321 0.7518 0.7976 0.8023 4.9030 0.1749 0.1748 0.2869 0.2871
0.5604 0.8409 0.7427 0.7976 0.8013 4.9178 0.1699 0.1696 0.2801 0.2799
0.5710 0.8349 0.7325 0.8016 0.8065 4.9137 0.1722 0.1720 0.2835 0.2835
0.5658 0.8352 0.7217 0.8027 0.8085 4.9622 0.1641 0.1636 0.2725 0.2721
0.5707 0.8412 0.7207 0.7965 0.8017 4.9460 0.1716 0.1712 0.2823 0.2822
0.5875 0.8405 0.7217 0.7988 0.8052 4.9209 0.1709 0.1704 0.2815 0.2812
0.5509 0.8389 0.7090 0.8050 0.8094 5.0121 0.1631 0.1625 0.2713 0.2707
0.5540 0.8437 0.7059 0.8050 0.8075 5.0104 0.1631 0.1627 0.2713 0.2708
0.5571 0.8437 0.7150 0.7999 0.8049 4.9626 0.1712 0.1706 0.2821 0.2815
0.5494 0.8437 0.7214 0.8005 0.8050 4.9295 0.1732 0.1726 0.2848 0.2843
0.5609 0.8369 0.7020 0.7999 0.8055 4.9766 0.1746 0.1744 0.2866 0.2867
0.5438 0.8417 0.7071 0.8033 0.8073 4.9887 0.1692 0.1687 0.2795 0.2790
0.5600 0.8384 0.7079 0.8044 0.8092 4.9764 0.1611 0.1605 0.2684 0.2679
0.5505 0.8441 0.7112 0.8061 0.8109 5.0059 0.1658 0.1654 0.2751 0.2747
0.5547 0.8452 0.7080 0.8005 0.8054 5.0427 0.1672 0.1666 0.2766 0.2761
0.5541 0.8397 0.6985 0.8101 0.8148 5.0120 0.1651 0.1650 0.2744 0.2744
0.5404 0.8435 0.6862 0.8039 0.8096 5.0134 0.1709 0.1707 0.2818 0.2819
0.5540 0.8455 0.6977 0.8061 0.8104 5.0652 0.1658 0.1657 0.2751 0.2751
0.5464 0.8477 0.7051 0.8095 0.8135 5.0180 0.1625 0.1621 0.2706 0.2703
0.5577 0.8416 0.6928 0.8101 0.8148 5.0489 0.1651 0.1647 0.2744 0.2741
0.5549 0.8419 0.6812 0.8169 0.8201 5.0499 0.1648 0.1647 0.2743 0.2743
0.5515 0.8371 0.6818 0.8129 0.8174 5.0258 0.1628 0.1627 0.2713 0.2714
0.5503 0.8420 0.6877 0.8073 0.8120 5.0741 0.1665 0.1662 0.2761 0.2759
0.5483 0.8424 0.6934 0.8073 0.8116 5.0011 0.1702 0.1699 0.2811 0.2810
0.5429 0.8489 0.6971 0.8118 0.8174 5.0202 0.1672 0.1669 0.2773 0.2771
