3.6597 0.1468 4.0782 0.0468 0.0448 2.9469 0.3243 0.2967 0.0817 0.0779
3.1320 0.3201 3.7326 0.1646 0.1498 2.6237 0.4393 0.4207 0.2394 0.2209
2.8194 0.4288 3.3833 0.2749 0.2492 2.5074 0.4600 0.4497 0.3441 0.3207
2.5928 0.5052 3.0721 0.3424 0.3117 2.4609 0.4667 0.4768 0.3950 0.3769
2.4301 0.5501 2.8555 0.3820 0.3470 2.3789 0.4822 0.5134 0.4263 0.4141
2.2792 0.5903 2.6819 0.4152 0.3757 2.3276 0.5064 0.5350 0.4563 0.4414
2.1768 0.6207 2.5306 0.4478 0.4074 2.3164 0.5207 0.5348 0.4815 0.4625
2.1170 0.6425 2.4409 0.4641 0.4212 2.2924 0.5245 0.5399 0.4925 0.4732
2.0598 0.6512 2.3607 0.4799 0.4397 2.3272 0.5049 0.5484 0.4921 0.4881
2.0137 0.6689 2.3239 0.4968 0.4554 2.2678 0.5164 0.5341 0.5064 0.4916
1.9822 0.6665 2.2749 0.4934 0.4561 2.2654 0.5382 0.5691 0.5148 0.5064
1.9527 0.6787 2.2580 0.4947 0.4596 2.2215 0.5406 0.5633 0.5167 0.5062
1.9258 0.6867 2.2173 0.5207 0.4824 2.2463 0.5169 0.5424 0.5188 0.5107
1.9075 0.6896 2.2104 0.5058 0.4696 2.2371 0.5089 0.5441 0.5073 0.5041
1.8885 0.6888 2.1997 0.5102 0.4677 2.2427 0.5027 0.5498 0.5064 0.5054
1.8835 0.6876 2.2236 0.4993 0.4637 2.1612 0.5318 0.5744 0.5150 0.5132
1.8696 0.6902 2.2064 0.5073 0.4709 2.1918 0.5298 0.5526 0.5183 0.5085
1.8686 0.6934 2.2243 0.4978 0.4645 2.1876 0.5289 0.5569 0.5129 0.5065
1.8705 0.6879 2.2342 0.4964 0.4600 2.1698 0.5277 0.5624 0.5116 0.5060
1.8652 0.6862 2.2394 0.4947 0.4548 2.1923 0.5190 0.5535 0.5066 0.4993
1.8700 0.6895 2.2669 0.4842 0.4458 2.1766 0.5098 0.5457 0.4967 0.4907
1.8777 0.6837 2.2758 0.4850 0.4455 2.1498 0.5234 0.5537 0.5035 0.4937
1.8867 0.6750 2.3057 0.4665 0.4283 2.1304 0.5255 0.5480 0.4942 0.4808
1.8809 0.6823 2.3259 0.4692 0.4275 2.1496 0.5145 0.5454 0.4908 0.4793
1.8960 0.6733 2.3354 0.4648 0.4253 2.1525 0.5183 0.5526 0.4901 0.4807
1.9062 0.6744 2.3767 0.4509 0.4116 2.1261 0.5193 0.5502 0.4827 0.4709
1.8981 0.6765 2.3929 0.4459 0.4076 2.1182 0.5299 0.5631 0.4843 0.4729
1.9153 0.6676 2.3886 0.4493 0.4095 2.1515 0.5242 0.5560 0.4839 0.4716
1.9158 0.6656 2.4133 0.4430 0.4077 2.1219 0.5298 0.5529 0.4825 0.4693
1.9321 0.6586 2.4374 0.4305 0.3940 2.1061 0.5389 0.5640 0.4786 0.4639
1.9327 0.6625 2.4429 0.4294 0.3911 2.1253 0.5375 0.5598 0.4774 0.4605
1.9354 0.6677 2.4745 0.4223 0.3818 2.1177 0.5256 0.5535 0.4683 0.4519
1.9411 0.6593 2.4917 0.4145 0.3777 2.1257 0.5116 0.5512 0.4579 0.4482
1.9511 0.6625 2.5124 0.4060 0.3685 2.1149 0.5111 0.5500 0.4525 0.4413
1.9540 0.6514 2.5370 0.3970 0.3625 2.0822 0.5301 0.5560 0.4540 0.4389
1.9593 0.6537 2.5402 0.3971 0.3611 2.1295 0.5052 0.5408 0.4447 0.4330
1.9705 0.6482 2.5799 0.3832 0.3490 2.0830 0.5295 0.5591 0.4446 0.4297
1.9740 0.6530 2.5914 0.3808 0.3493 2.0952 0.5231 0.5549 0.4408 0.4287
1.9865 0.6501 2.6069 0.3803 0.3471 2.0864 0.5241 0.5527 0.4408 0.4264
1.9819 0.6506 2.6124 0.3750 0.3413 2.0834 0.5197 0.5532 0.4357 0.4222
1.9934 0.6428 2.6244 0.3698 0.3383 2.0901 0.5281 0.5545 0.4350 0.4202
1.9982 0.6390 2.6509 0.3587 0.3280 2.1011 0.5157 0.5552 0.4231 0.4124
1.9984 0.6362 2.6621 0.3574 0.3267 2.0776 0.5194 0.5467 0.4234 0.4090
2.0047 0.6380 2.6630 0.3604 0.3289 2.0891 0.5252 0.5537 0.4275 0.4127
2.0099 0.6337 2.6820 0.3484 0.3198 2.0812 0.5298 0.5600 0.4203 0.4071
2.0079 0.6375 2.6975 0.3448 0.3162 2.0890 0.5152 0.5484 0.4131 0.4011
2.0112 0.6345 2.7157 0.3410 0.3156 2.0808 0.5203 0.5468 0.4120 0.4003
2.0196 0.6294 2.7173 0.3337 0.3100 2.0968 0.5161 0.5486 0.4054 0.3962
2.0193 0.6329 2.7387 0.3325 0.3075 2.0826 0.5140 0.5396 0.4038 0.3917
2.0221 0.6288 2.7478 0.3220 0.2983 2.0626 0.5353 0.5628 0.4021 0.3899
2.0306 0.6286 2.7496 0.3215 0.2986 2.0762 0.5218 0.5515 0.3979 0.3874
2.0343 0.6226 2.7594 0.3283 0.3032 2.0674 0.5221 0.5476 0.4031 0.3903
2.0362 0.6276 2.7701 0.3089 0.2883 2.0752 0.5231 0.5575 0.3884 0.3801
2.0379 0.6162 2.7678 0.3103 0.2887 2.1011 0.5229 0.5551 0.3895 0.3799
2.0387 0.6200 2.7842 0.3050 0.2834 2.0792 0.5272 0.5579 0.3864 0.3759
2.0435 0.6213 2.7958 0.2997 0.2780 2.0732 0.5195 0.5507 0.3801 0.3695
2.0433 0.6152 2.7878 0.3004 0.2800 2.0996 0.5203 0.5480 0.3809 0.3706
2.0401 0.6204 2.8089 0.2848 0.2671 2.0997 0.5103 0.5472 0.3655 0.3590
2.0492 0.6154 2.8141 0.2890 0.2715 2.0814 0.5212 0.5479 0.3718 0.3631
2.0512 0.6138 2.8216 0.2841 0.2674 2.0921 0.5102 0.5451 0.3650 0.3588
2.0453 0.6150 2.8347 0.2742 0.2586 2.0726 0.5166 0.5542 0.3583 0.3526
2.0513 0.6091 2.8120 0.2887 0.2712 2.1054 0.5089 0.5408 0.3684 0.3612
2.0558 0.6086 2.8280 0.2764 0.2605 2.0854 0.5231 0.5497 0.3617 0.3535
2.0549 0.6108 2.8310 0.2732 0.2575 2.0924 0.5179 0.5518 0.3577 0.3511
2.0543 0.6083 2.8326 0.2747 0.2595 2.0966 0.5148 0.5454 0.3583 0.3517
2.0566 0.6045 2.8376 0.2683 0.2528 2.0935 0.5236 0.5565 0.3548 0.3476
2.0529 0.6091 2.8424 0.2681 0.2519 2.0873 0.5123 0.5448 0.3520 0.3445
2.0533 0.6118 2.8426 0.2686 0.2515 2.0993 0.5063 0.5414 0.3510 0.3435
2.0533 0.6076 2.8589 0.2630 0.2478 2.0982 0.5080 0.5422 0.3466 0.3401
2.0569 0.6090 2.8525 0.2659 0.2498 2.0992 0.5189 0.5526 0.3516 0.3441
2.0524 0.6102 2.8563 0.2657 0.2520 2.0803 0.5160 0.5453 0.3508 0.3447
2.0540 0.6075 2.8563 0.2620 0.2475 2.0948 0.5214 0.5490 0.3487 0.3412
2.0538 0.6079 2.8588 0.2559 0.2411 2.0809 0.5049 0.5428 0.3396 0.3339
2.0568 0.6038 2.8410 0.2639 0.2467 2.1273 0.5071 0.5476 0.3471 0.3401
2.0552 0.6027 2.8626 0.2548 0.2405 2.0870 0.5191 0.5511 0.3419 0.3348
2.0495 0.6071 2.8579 0.2548 0.2417 2.1120 0.5041 0.5398 0.3385 0.3339
2.0517 0.6096 2.8710 0.2479 0.2354 2.0790 0.4994 0.5378 0.3313 0.3275
2.0513 0.6041 2.8645 0.2474 0.2343 2.1137 0.5021 0.5466 0.3314 0.3280
2.0503 0.6048 2.8636 0.2492 0.2356 2.0975 0.5137 0.5470 0.3356 0.3294
2.0466 0.6045 2.8540 0.2452 0.2310 2.1121 0.5123 0.5482 0.3316 0.3251
2.0490 0.6012 2.8649 0.2438 0.2314 2.0974 0.5100 0.5466 0.3299 0.3252
2.0507 0.6021 2.8533 0.2518 0.2399 2.1237 0.4968 0.5389 0.3342 0.3321
2.0451 0.6047 2.8594 0.2494 0.2352 2.1118 0.4998 0.5418 0.3328 0.3280
2.0461 0.6012 2.8583 0.2401 0.2260 2.1226 0.4983 0.5372 0.3240 0.3181
2.0460 0.6003 2.8703 0.2411 0.2263 2.0966 0.5076 0.5487 0.3269 0.3204
2.0467 0.6013 2.8594 0.2401 0.2298 2.1118 0.5013 0.5458 0.3247 0.3234
2.0444 0.6036 2.8609 0.2343 0.2209 2.1054 0.4998 0.5399 0.3190 0.3135
2.0465 0.5960 2.8616 0.2348 0.2200 2.1094 0.5093 0.5520 0.3214 0.3147
2.0466 0.5997 2.8534 0.2401 0.2276 2.1194 0.5079 0.5473 0.3260 0.3215
2.0399 0.6040 2.8589 0.2348 0.2216 2.1173 0.5021 0.5373 0.3200 0.3138
2.0420 0.6001 2.8616 0.2333 0.2211 2.1229 0.5073 0.5456 0.3196 0.3147
2.0425 0.6005 2.8549 0.2378 0.2263 2.1277 0.4939 0.5377 0.3211 0.3186
2.0405 0.6001 2.8573 0.2368 0.2265 2.1129 0.5076 0.5437 0.3230 0.3198
2.0389 0.5968 2.8477 0.2339 0.2192 2.1312 0.5025 0.5493 0.3192 0.3133
2.0302 0.6025 2.8386 0.2412 0.2271 2.1554 0.5008 0.5355 0.3256 0.3189
2.0434 0.5965 2.8518 0.2343 0.2195 2.1219 0.5188 0.5496 0.3228 0.3137
2.0323 0.6037 2.8605 0.2256 0.2116 2.1092 0.5176 0.5456 0.3142 0.3049
2.0342 0.5985 2.8573 0.2258 0.2118 2.1043 0.5103 0.5425 0.3130 0.3047
2.0252 0.6010 2.8435 0.2236 0.2086 2.1297 0.5164 0.5560 0.3120 0.3033
2.0277 0.5993 2.8382 0.2329 0.2188 2.1138 0.5166 0.5518 0.3211 0.3133
