3.7533 0.1293 3.3376 0.3327 0.3363 3.8553 0.0372 0.0311 0.0668 0.0569
3.1301 0.3877 2.6360 0.6166 0.6053 3.8719 0.0321 0.0275 0.0610 0.0527
2.6214 0.5632 2.1150 0.7724 0.7612 3.8120 0.0308 0.0263 0.0593 0.0508
2.2722 0.6501 1.8320 0.8373 0.8241 3.7158 0.0320 0.0273 0.0616 0.0529
2.0870 0.6923 1.6776 0.8762 0.8626 3.6717 0.0329 0.0332 0.0633 0.0640
1.9682 0.7248 1.5873 0.8915 0.8775 3.5782 0.0463 0.0421 0.0879 0.0803
1.8916 0.7481 1.5285 0.9041 0.8916 3.5358 0.0473 0.0429 0.0898 0.0819
1.8376 0.7587 1.4793 0.9133 0.9002 3.5208 0.0294 0.0297 0.0571 0.0576
1.8061 0.7648 1.4534 0.9153 0.9056 3.4790 0.0283 0.0279 0.0549 0.0542
1.7692 0.7762 1.4352 0.9216 0.9145 3.4292 0.0413 0.0425 0.0791 0.0812
1.7473 0.7881 1.4241 0.9226 0.9182 3.3950 0.0318 0.0373 0.0616 0.0716
1.7293 0.7907 1.4113 0.9226 0.9184 3.3863 0.0278 0.0278 0.0540 0.0540
1.7244 0.7951 1.4138 0.9254 0.9197 3.2936 0.0507 0.0424 0.0961 0.0811
1.7090 0.8050 1.4043 0.9281 0.9224 3.3223 0.0377 0.0427 0.0724 0.0817
1.7068 0.8044 1.4086 0.9303 0.9266 3.3141 0.0359 0.0369 0.0691 0.0710
1.7172 0.8053 1.4074 0.9294 0.9248 3.3061 0.0341 0.0371 0.0658 0.0713
1.7088 0.8100 1.4174 0.9303 0.9249 3.2691 0.0346 0.0362 0.0668 0.0697
1.7182 0.8125 1.4273 0.9298 0.9248 3.2321 0.0403 0.0371 0.0773 0.0714
1.7119 0.8157 1.4289 0.9310 0.9250 3.2656 0.0398 0.0420 0.0764 0.0803
1.7252 0.8117 1.4416 0.9276 0.9217 3.2662 0.0286 0.0299 0.0554 0.0580
1.7253 0.8174 1.4493 0.9289 0.9231 3.2377 0.0423 0.0404 0.0810 0.0773
1.7351 0.8155 1.4583 0.9277 0.9213 3.2465 0.0389 0.0364 0.0747 0.0701
1.7443 0.8181 1.4683 0.9294 0.9239 3.2341 0.0330 0.0335 0.0637 0.0646
1.7454 0.8226 1.4706 0.9289 0.9223 3.2346 0.0293 0.0306 0.0568 0.0592
1.7572 0.8100 1.4843 0.9269 0.9201 3.2165 0.0320 0.0340 0.0618 0.0655
1.7558 0.8222 1.4949 0.9272 0.9207 3.1948 0.0421 0.0403 0.0805 0.0772
1.7656 0.8188 1.4978 0.9269 0.9202 3.2074 0.0322 0.0323 0.0623 0.0625
1.7728 0.8128 1.5096 0.9257 0.9190 3.1953 0.0430 0.0377 0.0821 0.0725
1.7793 0.8165 1.5236 0.9255 0.9197 3.1895 0.0407 0.0360 0.0780 0.0693
1.7858 0.8147 1.5281 0.9262 0.9210 3.1933 0.0364 0.0316 0.0700 0.0610
1.7908 0.8159 1.5336 0.9259 0.9197 3.2003 0.0337 0.0273 0.0651 0.0530
1.7977 0.8135 1.5418 0.9223 0.9155 3.1935 0.0348 0.0295 0.0670 0.0571
1.8041 0.8144 1.5471 0.9257 0.9180 3.1853 0.0359 0.0315 0.0691 0.0608
1.8074 0.8126 1.5597 0.9220 0.9165 3.1846 0.0390 0.0333 0.0749 0.0642
1.8122 0.8177 1.5669 0.9218 0.9174 3.1754 0.0377 0.0334 0.0724 0.0645
1.8207 0.8140 1.5756 0.9203 0.9161 3.1516 0.0447 0.0376 0.0853 0.0722
1.8163 0.8265 1.5817 0.9213 0.9184 3.1517 0.0498 0.0421 0.0945 0.0804
1.8283 0.8215 1.5874 0.9226 0.9171 3.1604 0.0465 0.0372 0.0885 0.0715
1.8262 0.8198 1.5927 0.9206 0.9140 3.1369 0.0392 0.0310 0.0752 0.0601
1.8384 0.8162 1.5940 0.9187 0.9124 3.1587 0.0374 0.0317 0.0719 0.0613
1.8387 0.8196 1.6035 0.9160 0.9105 3.1598 0.0504 0.0382 0.0956 0.0733
1.8467 0.8197 1.6037 0.9192 0.9119 3.1705 0.0398 0.0359 0.0763 0.0692
1.8505 0.8190 1.6126 0.9175 0.9122 3.1307 0.0495 0.0431 0.0940 0.0824
1.8431 0.8200 1.6189 0.9172 0.9140 3.1565 0.0356 0.0356 0.0686 0.0685
1.8581 0.8163 1.6193 0.9157 0.9098 3.1442 0.0417 0.0365 0.0798 0.0701
1.8560 0.8198 1.6260 0.9124 0.9052 3.1325 0.0627 0.0504 0.1173 0.0955
1.8633 0.8135 1.6365 0.9119 0.9074 3.1135 0.0450 0.0369 0.0857 0.0709
1.8607 0.8175 1.6370 0.9079 0.9040 3.1264 0.0605 0.0426 0.1135 0.0813
1.8626 0.8212 1.6374 0.9114 0.9055 3.1213 0.0540 0.0392 0.1019 0.0752
1.8656 0.8161 1.6418 0.9113 0.9059 3.1365 0.0480 0.0364 0.0912 0.0701
1.8701 0.8220 1.6424 0.9094 0.9044 3.1291 0.0456 0.0368 0.0869 0.0708
1.8695 0.8197 1.6409 0.9084 0.9021 3.1313 0.0469 0.0377 0.0892 0.0724
1.8722 0.8229 1.6449 0.9063 0.8991 3.1205 0.0521 0.0409 0.0985 0.0783
1.8725 0.8182 1.6526 0.9092 0.9007 3.1233 0.0512 0.0466 0.0969 0.0886
1.8767 0.8225 1.6534 0.9036 0.8964 3.1106 0.0627 0.0477 0.1172 0.0907
1.8712 0.8270 1.6520 0.9041 0.8975 3.1088 0.0608 0.0475 0.1139 0.0903
1.8732 0.8293 1.6527 0.9063 0.8967 3.1049 0.0583 0.0458 0.1095 0.0871
1.8735 0.8305 1.6576 0.9050 0.8975 3.1044 0.0591 0.0467 0.1110 0.0887
1.8789 0.8329 1.6606 0.9016 0.8928 3.1139 0.0613 0.0510 0.1148 0.0964
1.8776 0.8271 1.6648 0.9046 0.8967 3.1023 0.0632 0.0501 0.1181 0.0949
1.8845 0.8243 1.6649 0.9048 0.8954 3.0963 0.0551 0.0428 0.1039 0.0817
1.8765 0.8233 1.6637 0.9060 0.8960 3.1041 0.0547 0.0438 0.1032 0.0835
1.8793 0.8247 1.6654 0.9005 0.8916 3.1039 0.0674 0.0534 0.1253 0.1007
1.8773 0.8297 1.6702 0.9000 0.8908 3.1023 0.0627 0.0500 0.1172 0.0946
1.8779 0.8224 1.6701 0.8965 0.8898 3.0980 0.0796 0.0594 0.1462 0.1113
1.8814 0.8246 1.6747 0.8953 0.8901 3.0740 0.0801 0.0565 0.1471 0.1062
1.8872 0.8278 1.6686 0.8983 0.8914 3.0950 0.0676 0.0513 0.1258 0.0970
1.8871 0.8262 1.6770 0.8994 0.8954 3.0847 0.0660 0.0501 0.1229 0.0949
1.8791 0.8320 1.6718 0.9016 0.8919 3.1188 0.0600 0.0477 0.1126 0.0905
1.8769 0.8286 1.6776 0.8970 0.8902 3.0742 0.0684 0.0505 0.1271 0.0957
1.8816 0.8274 1.6731 0.8948 0.8892 3.0884 0.0677 0.0534 0.1259 0.1007
1.8815 0.8162 1.6759 0.8936 0.8894 3.0839 0.0723 0.0558 0.1338 0.1050
1.8796 0.8238 1.6794 0.8900 0.8855 3.0785 0.0757 0.0547 0.1395 0.1030
1.8838 0.8177 1.6824 0.8898 0.8870 3.0747 0.0637 0.0488 0.1189 0.0924
1.8833 0.8230 1.6771 0.8936 0.8861 3.0782 0.0695 0.0580 0.1290 0.1089
1.8811 0.8248 1.6753 0.8873 0.8821 3.0889 0.0693 0.0521 0.1285 0.0984
1.8767 0.8271 1.6743 0.8919 0.8835 3.0936 0.0609 0.0479 0.1140 0.0908
1.8783 0.8277 1.6783 0.8924 0.8865 3.0614 0.0691 0.0524 0.1283 0.0989
1.8784 0.8306 1.6815 0.8895 0.8859 3.0767 0.0698 0.0586 0.1294 0.1100
1.8865 0.8249 1.6760 0.8917 0.8850 3.0842 0.0661 0.0508 0.1231 0.0961
1.8745 0.8283 1.6761 0.8905 0.8828 3.0684 0.0732 0.0565 0.1352 0.1062
1.8817 0.8307 1.6770 0.8924 0.8819 3.0649 0.0744 0.0596 0.1374 0.1117
1.8851 0.8256 1.6853 0.8914 0.8856 3.0536 0.0765 0.0639 0.1408 0.1191
1.8831 0.8193 1.6800 0.8893 0.8809 3.0735 0.0701 0.0587 0.1300 0.1100
1.8865 0.8268 1.6749 0.8922 0.8821 3.0679 0.0620 0.0503 0.1160 0.0951
1.8802 0.8277 1.6794 0.8895 0.8826 3.0641 0.0647 0.0526 0.1206 0.0993
1.8726 0.8359 1.6784 0.8888 0.8811 3.0610 0.0686 0.0565 0.1274 0.1063
1.8724 0.8335 1.6778 0.8875 0.8798 3.0716 0.0686 0.0603 0.1274 0.1128
1.8733 0.8261 1.6786 0.8861 0.8789 3.0496 0.0656 0.0570 0.1221 0.1071
1.8760 0.8270 1.6762 0.8868 0.8787 3.0639 0.0752 0.0630 0.1386 0.1175
1.8750 0.8294 1.6767 0.8871 0.8786 3.0668 0.0722 0.0594 0.1335 0.1113
1.8731 0.8295 1.6840 0.8817 0.8767 3.0446 0.0705 0.0576 0.1306 0.1081
1.8760 0.8289 1.6749 0.8875 0.8800 3.0527 0.0691 0.0592 0.1283 0.1109
1.8676 0.8283 1.6787 0.8861 0.8783 3.0660 0.0686 0.0633 0.1274 0.1181
1.8683 0.8270 1.6775 0.8805 0.8723 3.0655 0.0648 0.0553 0.1208 0.1040
1.8717 0.8255 1.6735 0.8844 0.8771 3.0622 0.0623 0.0498 0.1164 0.0943
1.8732 0.8260 1.6785 0.8864 0.8772 3.0512 0.0675 0.0532 0.1254 0.1003
1.8752 0.8245 1.6755 0.8890 0.8799 3.0582 0.0650 0.0558 0.1211 0.1050
1.8686 0.8271 1.6776 0.8851 0.8765 3.0457 0.0737 0.0592 0.1360 0.1109
1.8691 0.8290 1.6747 0.8830 0.8750 3.0609 0.0703 0.0559 0.1302 0.1051
