3.3476 0.2077 4.5211 0.0043 0.0035 2.8068 0.3338 0.3330 0.0084 0.0069
2.6992 0.5105 4.4621 0.0150 0.0125 2.4443 0.4488 0.4474 0.0290 0.0243
2.4237 0.5711 4.3111 0.0364 0.0328 2.2687 0.4683 0.4783 0.0675 0.0614
2.2583 0.6100 4.0952 0.0609 0.0583 2.1811 0.4913 0.5063 0.1083 0.1045
2.1359 0.6532 3.9109 0.0969 0.0948 2.1206 0.4997 0.5136 0.1623 0.1600
2.0571 0.6654 3.7746 0.1367 0.1312 2.0811 0.5082 0.5249 0.2154 0.2100
1.9925 0.6827 3.6553 0.1671 0.1577 2.0747 0.5054 0.5259 0.2512 0.2426
1.9398 0.6928 3.5538 0.1930 0.1779 2.0507 0.5100 0.5353 0.2800 0.2671
1.8986 0.7040 3.4867 0.2237 0.2061 2.0165 0.5171 0.5392 0.3123 0.2982
1.8652 0.7092 3.4416 0.2385 0.2213 2.0217 0.4977 0.5317 0.3225 0.3126
1.8319 0.7176 3.4102 0.2411 0.2217 1.9754 0.5179 0.5387 0.3290 0.3141
1.8065 0.7196 3.3692 0.2610 0.2370 1.9669 0.5136 0.5313 0.3461 0.3277
1.7925 0.7187 3.3472 0.2645 0.2385 1.9380 0.5222 0.5413 0.3512 0.3311
1.7729 0.7274 3.3551 0.2644 0.2377 1.9472 0.5028 0.5289 0.3465 0.3280
1.7604 0.7265 3.3682 0.2594 0.2356 1.9152 0.5203 0.5357 0.3462 0.3273
1.7582 0.7213 3.3689 0.2574 0.2343 1.9123 0.5150 0.5337 0.3432 0.3256
1.7502 0.7294 3.3578 0.2535 0.2297 1.9061 0.5223 0.5430 0.3413 0.3229
1.7470 0.7246 3.3782 0.2467 0.2233 1.8840 0.5251 0.5426 0.3357 0.3164
1.7470 0.7230 3.4059 0.2390 0.2166 1.8837 0.5092 0.5334 0.3253 0.3081
1.7449 0.7209 3.4463 0.2326 0.2096 1.8472 0.5208 0.5332 0.3215 0.3009
1.7364 0.7245 3.4624 0.2265 0.2033 1.8533 0.5140 0.5349 0.3144 0.2946
1.7356 0.7203 3.5047 0.1982 0.1781 1.8684 0.4988 0.5242 0.2837 0.2658
1.7437 0.7192 3.5008 0.1899 0.1725 1.8584 0.5035 0.5200 0.2758 0.2591
1.7409 0.7187 3.5621 0.1746 0.1570 1.8588 0.4984 0.5169 0.2586 0.2408
1.7450 0.7155 3.5924 0.1641 0.1457 1.8540 0.4985 0.5276 0.2469 0.2284
1.7444 0.7129 3.5904 0.1641 0.1456 1.8575 0.4980 0.5363 0.2468 0.2290
1.7541 0.7121 3.6306 0.1447 0.1312 1.8472 0.4927 0.5170 0.2237 0.2092
1.7546 0.7042 3.6687 0.1244 0.1134 1.8278 0.5159 0.5451 0.2005 0.1878
1.7650 0.7049 3.7300 0.1115 0.1040 1.8191 0.5055 0.5297 0.1827 0.1738
1.7636 0.7056 3.7409 0.0996 0.0912 1.8060 0.5060 0.5288 0.1665 0.1556
1.7666 0.7022 3.7813 0.0857 0.0774 1.8080 0.5020 0.5333 0.1464 0.1351
1.7747 0.6985 3.7894 0.0874 0.0790 1.8125 0.4878 0.5182 0.1482 0.1372
1.7756 0.6992 3.8759 0.0638 0.0571 1.8054 0.4906 0.5191 0.1128 0.1029
1.7795 0.6987 3.8905 0.0595 0.0549 1.7975 0.4852 0.5157 0.1060 0.0993
1.7816 0.6969 3.9462 0.0451 0.0409 1.7838 0.4926 0.5173 0.0826 0.0759
1.7890 0.6944 3.9197 0.0427 0.0382 1.8132 0.4820 0.5178 0.0784 0.0712
1.7993 0.6941 3.9687 0.0321 0.0275 1.7836 0.4958 0.5228 0.0604 0.0523
1.8030 0.6909 3.9913 0.0313 0.0276 1.7981 0.4863 0.5188 0.0588 0.0525
1.8091 0.6851 4.0016 0.0243 0.0208 1.8013 0.4737 0.5151 0.0462 0.0401
1.8129 0.6850 4.0462 0.0199 0.0169 1.8060 0.4769 0.5208 0.0382 0.0327
1.8073 0.6873 4.0777 0.0180 0.0157 1.7833 0.4827 0.5169 0.0347 0.0305
1.8172 0.6885 4.0828 0.0153 0.0131 1.7856 0.4776 0.5058 0.0297 0.0256
1.8167 0.6897 4.1203 0.0131 0.0112 1.7699 0.4905 0.5245 0.0255 0.0219
1.8180 0.6912 4.1386 0.0116 0.0096 1.7756 0.4705 0.5041 0.0226 0.0189
1.8251 0.6853 4.1954 0.0046 0.0037 1.7684 0.4747 0.5103 0.0091 0.0073
1.8323 0.6817 4.1754 0.0046 0.0039 1.7805 0.4733 0.5091 0.0091 0.0077
1.8309 0.6839 4.1813 0.0034 0.0027 1.7879 0.4716 0.5072 0.0068 0.0054
1.8321 0.6862 4.2196 0.0019 0.0015 1.7703 0.4791 0.5215 0.0037 0.0030
1.8315 0.6863 4.2330 0.0015 0.0012 1.7841 0.4745 0.5212 0.0031 0.0025
1.8361 0.6897 4.2573 0.0019 0.0015 1.7888 0.4691 0.5091 0.0037 0.0030
1.8389 0.6877 4.2779 0.0012 0.0010 1.7469 0.4806 0.5217 0.0024 0.0019
1.8373 0.6847 4.2864 0.0009 0.0007 1.7726 0.4723 0.5097 0.0017 0.0014
1.8432 0.6844 4.3099 0.0009 0.0007 1.7557 0.4699 0.5067 0.0017 0.0014
1.8427 0.6840 4.3340 0.0002 0.0001 1.7468 0.4779 0.5233 0.0003 0.0003
1.8461 0.6818 4.3119 0.0000 0.0000 1.7472 0.4752 0.5192 0.0000 0.0000
1.8492 0.6849 4.3112 0.0000 0.0000 1.7497 0.4723 0.5157 0.0000 0.0000
1.8466 0.6842 4.3545 0.0000 0.0000 1.7531 0.4750 0.5065 0.0000 0.0000
1.8500 0.6870 4.3453 0.0000 0.0000 1.7494 0.4706 0.5182 0.0000 0.0000
1.8541 0.6888 4.3888 0.0000 0.0000 1.7478 0.4721 0.5152 0.0000 0.0000
1.8548 0.6855 4.3853 0.0000 0.0000 1.7337 0.4726 0.5181 0.0000 0.0000
1.8536 0.6849 4.3905 0.0000 0.0000 1.7245 0.4800 0.5169 0.0000 0.0000
1.8538 0.6867 4.3929 0.0000 0.0000 1.7228 0.4773 0.5220 0.0000 0.0000
1.8556 0.6894 4.4145 0.0000 0.0000 1.7562 0.4667 0.5164 0.0000 0.0000
1.8535 0.6881 4.4011 0.0000 0.0000 1.7194 0.4705 0.5217 0.0000 0.0000
1.8535 0.6844 4.4164 0.0000 0.0000 1.7421 0.4654 0.5115 0.0000 0.0000
1.8551 0.6896 4.4062 0.0000 0.0000 1.7248 0.4729 0.5180 0.0000 0.0000
1.8587 0.6860 4.4285 0.0000 0.0000 1.7237 0.4723 0.5235 0.0000 0.0000
1.8521 0.6855 4.4108 0.0000 0.0000 1.7181 0.4728 0.5107 0.0000 0.0000
1.8555 0.6859 4.4353 0.0000 0.0000 1.7291 0.4700 0.5198 0.0000 0.0000
1.8590 0.6837 4.4336 0.0000 0.0000 1.7340 0.4677 0.5142 0.0000 0.0000
1.8609 0.6847 4.4506 0.0000 0.0000 1.7198 0.4766 0.5217 0.0000 0.0000
1.8566 0.6823 4.4446 0.0000 0.0000 1.7213 0.4704 0.5193 0.0000 0.0000
1.8632 0.6840 4.4660 0.0000 0.0000 1.7247 0.4748 0.5271 0.0000 0.0000
1.8603 0.6810 4.4566 0.0000 0.0000 1.7064 0.4731 0.5259 0.0000 0.0000
1.8568 0.6843 4.4384 0.0000 0.0000 1.7255 0.4672 0.5115 0.0000 0.0000
1.8599 0.6845 4.4689 0.0000 0.0000 1.7028 0.4785 0.5204 0.0000 0.0000
1.8535 0.6831 4.4780 0.0000 0.0000 1.6941 0.4785 0.5273 0.0000 0.0000
1.8583 0.6821 4.4597 0.0000 0.0000 1.7158 0.4662 0.5157 0.0000 0.0000
1.8562 0.6847 4.4808 0.0000 0.0000 1.7085 0.4652 0.5208 0.0000 0.0000
1.8598 0.6781 4.4790 0.0000 0.0000 1.6993 0.4710 0.5155 0.0000 0.0000
1.8558 0.6846 4.4711 0.0000 0.0000 1.6967 0.4733 0.5215 0.0000 0.0000
1.8546 0.6816 4.4514 0.0000 0.0000 1.7077 0.4742 0.5172 0.0000 0.0000
1.8537 0.6825 4.4767 0.0000 0.0000 1.6947 0.4749 0.5259 0.0000 0.0000
1.8514 0.6850 4.4561 0.0000 0.0000 1.6950 0.4826 0.5312 0.0000 0.0000
1.8548 0.6803 4.4572 0.0000 0.0000 1.7273 0.4604 0.5190 0.0000 0.0000
1.8585 0.6795 4.4551 0.0000 0.0000 1.6848 0.4912 0.5340 0.0000 0.0000
1.8518 0.6833 4.4720 0.0000 0.0000 1.7036 0.4697 0.5215 0.0000 0.0000
1.8493 0.6805 4.4708 0.0000 0.0000 1.6990 0.4753 0.5194 0.0000 0.0000
1.8507 0.6795 4.4758 0.0000 0.0000 1.7004 0.4658 0.5155 0.0000 0.0000
1.8509 0.6802 4.4735 0.0000 0.0000 1.6987 0.4740 0.5174 0.0000 0.0000
1.8521 0.6836 4.4859 0.0000 0.0000 1.6924 0.4753 0.5158 0.0000 0.0000
1.8513 0.6826 4.4889 0.0000 0.0000 1.6995 0.4724 0.5203 0.0000 0.0000
1.8542 0.6828 4.4771 0.0000 0.0000 1.7135 0.4605 0.5194 0.0000 0.0000
1.8498 0.6799 4.4925 0.0000 0.0000 1.6862 0.4734 0.5228 0.0000 0.0000
1.8494 0.6844 4.4830 0.0000 0.0000 1.6956 0.4694 0.5180 0.0000 0.0000
1.8500 0.6853 4.4731 0.0000 0.0000 1.6856 0.4712 0.5234 0.0000 0.0000
1.8493 0.6783 4.4719 0.0000 0.0000 1.7082 0.4783 0.5281 0.0000 0.0000
1.8473 0.6821 4.4826 0.0000 0.0000 1.6817 0.4863 0.5342 0.0000 0.0000
1.8508 0.6811 4.4725 0.0000 0.0000 1.7060 0.4673 0.5249 0.0000 0.0000
1.8487 0.6786 4.4584 0.0000 0.0000 1.6955 0.4731 0.5256 0.0000 0.0000
