3.3767 0.2144 5.0318 0.0017 0.0017 2.7455 0.3269 0.3090 0.0034 0.0035
2.5264 0.5148 4.9662 0.0000 0.0000 2.4047 0.4083 0.4299 0.0000 0.0000
2.1818 0.6144 4.9493 0.0003 0.0005 2.2311 0.4271 0.4590 0.0007 0.0010
2.0031 0.6738 4.8463 0.0010 0.0012 2.1325 0.4503 0.4871 0.0020 0.0024
1.8744 0.7178 4.7446 0.0083 0.0109 2.1002 0.4704 0.5141 0.0164 0.0213
1.7954 0.7349 4.6554 0.0105 0.0130 2.0596 0.4666 0.5153 0.0206 0.0255
1.7320 0.7401 4.5594 0.0187 0.0227 2.0520 0.4606 0.5137 0.0359 0.0434
1.6799 0.7530 4.4824 0.0255 0.0291 2.0640 0.4499 0.5054 0.0483 0.0550
1.6358 0.7630 4.4520 0.0298 0.0337 2.0257 0.4495 0.5037 0.0558 0.0632
1.6048 0.7678 4.3944 0.0374 0.0394 2.0240 0.4529 0.5116 0.0691 0.0732
1.5798 0.7688 4.3572 0.0393 0.0405 2.0185 0.4455 0.5016 0.0722 0.0749
1.5544 0.7765 4.3564 0.0428 0.0452 1.9875 0.4519 0.5093 0.0783 0.0830
1.5346 0.7738 4.3413 0.0457 0.0480 1.9496 0.4730 0.5172 0.0834 0.0878
1.5190 0.7758 4.3437 0.0461 0.0479 1.9298 0.4528 0.5125 0.0836 0.0876
1.5115 0.7747 4.3413 0.0447 0.0465 1.9250 0.4643 0.5307 0.0816 0.0854
1.4985 0.7765 4.3606 0.0411 0.0443 1.9225 0.4688 0.5286 0.0756 0.0818
1.4887 0.7800 4.3803 0.0374 0.0407 1.8995 0.4536 0.5080 0.0691 0.0753
1.4783 0.7802 4.4019 0.0335 0.0366 1.8840 0.4771 0.5267 0.0626 0.0685
1.4795 0.7823 4.4157 0.0309 0.0342 1.8633 0.4648 0.5227 0.0580 0.0642
1.4797 0.7803 4.4250 0.0240 0.0290 1.8506 0.4726 0.5258 0.0456 0.0550
1.4797 0.7773 4.4657 0.0172 0.0221 1.8318 0.4653 0.5271 0.0331 0.0425
1.4657 0.7780 4.5109 0.0141 0.0185 1.8488 0.4694 0.5287 0.0274 0.0358
1.4774 0.7730 4.5525 0.0111 0.0152 1.8038 0.4739 0.5207 0.0216 0.0296
1.4684 0.7749 4.5409 0.0097 0.0135 1.7991 0.4753 0.5232 0.0190 0.0262
1.4682 0.7779 4.5583 0.0078 0.0108 1.8102 0.4781 0.5228 0.0154 0.0211
1.4625 0.7813 4.6342 0.0056 0.0080 1.8154 0.4814 0.5419 0.0111 0.0157
1.4671 0.7694 4.6821 0.0026 0.0036 1.7775 0.4854 0.5407 0.0051 0.0071
1.4641 0.7763 4.6714 0.0041 0.0058 1.7826 0.4917 0.5479 0.0081 0.0114
1.4630 0.7749 4.7106 0.0036 0.0051 1.7706 0.4829 0.5280 0.0071 0.0101
1.4613 0.7772 4.7147 0.0032 0.0046 1.7683 0.4764 0.5297 0.0064 0.0091
1.4656 0.7773 4.7698 0.0014 0.0019 1.7617 0.4929 0.5320 0.0027 0.0038
1.4559 0.7822 4.8173 0.0005 0.0007 1.7178 0.5073 0.5497 0.0010 0.0014
1.4629 0.7708 4.8278 0.0002 0.0002 1.7534 0.4911 0.5431 0.0003 0.0005
1.4679 0.7792 4.8356 0.0000 0.0000 1.7535 0.4918 0.5472 0.0000 0.0000
1.4677 0.7771 4.8718 0.0000 0.0000 1.7069 0.5037 0.5387 0.0000 0.0000
1.4653 0.7762 4.9052 0.0000 0.0000 1.7020 0.5090 0.5579 0.0000 0.0000
1.4600 0.7802 4.9130 0.0000 0.0000 1.7332 0.4949 0.5430 0.0000 0.0000
1.4587 0.7800 4.9697 0.0000 0.0000 1.7156 0.4978 0.5436 0.0000 0.0000
1.4629 0.7748 4.9463 0.0000 0.0000 1.7095 0.4956 0.5468 0.0000 0.0000
1.4626 0.7782 4.9516 0.0000 0.0000 1.7227 0.4979 0.5466 0.0000 0.0000
1.4547 0.7753 5.0270 0.0000 0.0000 1.7089 0.4931 0.5419 0.0000 0.0000
1.4646 0.7767 5.0054 0.0000 0.0000 1.6839 0.5073 0.5539 0.0000 0.0000
1.4614 0.7750 5.0229 0.0000 0.0000 1.6997 0.4970 0.5345 0.0000 0.0000
1.4574 0.7744 5.0574 0.0000 0.0000 1.6633 0.5068 0.5474 0.0000 0.0000
1.4613 0.7728 5.0617 0.0000 0.0000 1.6894 0.4991 0.5409 0.0000 0.0000
1.4704 0.7718 5.0464 0.0000 0.0000 1.6729 0.5093 0.5580 0.0000 0.0000
1.4576 0.7739 5.0570 0.0000 0.0000 1.6904 0.5070 0.5489 0.0000 0.0000
1.4572 0.7760 5.0849 0.0000 0.0000 1.6780 0.5119 0.5554 0.0000 0.0000
1.4594 0.7761 5.0570 0.0000 0.0000 1.6793 0.5004 0.5576 0.0000 0.0000
1.4632 0.7751 5.1093 0.0000 0.0000 1.6570 0.5040 0.5407 0.0000 0.0000
1.4628 0.7721 5.0968 0.0000 0.0000 1.6512 0.5085 0.5482 0.0000 0.0000
1.4611 0.7731 5.1062 0.0000 0.0000 1.6545 0.4973 0.5407 0.0000 0.0000
1.4559 0.7775 5.1036 0.0000 0.0000 1.6623 0.5041 0.5540 0.0000 0.0000
1.4583 0.7745 5.1052 0.0000 0.0000 1.6552 0.5075 0.5545 0.0000 0.0000
1.4559 0.7782 5.1202 0.0000 0.0000 1.6469 0.5028 0.5526 0.0000 0.0000
1.4577 0.7738 5.1296 0.0000 0.0000 1.6518 0.5021 0.5519 0.0000 0.0000
1.4581 0.7750 5.1350 0.0000 0.0000 1.6467 0.4991 0.5484 0.0000 0.0000
1.4537 0.7752 5.1565 0.0000 0.0000 1.6469 0.5089 0.5475 0.0000 0.0000
1.4542 0.7748 5.1336 0.0000 0.0000 1.6576 0.4944 0.5449 0.0000 0.0000
1.4572 0.7727 5.1236 0.0000 0.0000 1.6434 0.5122 0.5542 0.0000 0.0000
1.4581 0.7702 5.1537 0.0000 0.0000 1.6317 0.5088 0.5466 0.0000 0.0000
1.4565 0.7735 5.1370 0.0000 0.0000 1.6552 0.5015 0.5490 0.0000 0.0000
1.4480 0.7715 5.1602 0.0000 0.0000 1.6400 0.5052 0.5440 0.0000 0.0000
1.4577 0.7739 5.1446 0.0000 0.0000 1.6398 0.5013 0.5513 0.0000 0.0000
1.4506 0.7764 5.1377 0.0000 0.0000 1.6434 0.5073 0.5448 0.0000 0.0000
1.4469 0.7738 5.1548 0.0000 0.0000 1.6420 0.4973 0.5472 0.0000 0.0000
1.4517 0.7730 5.1795 0.0000 0.0000 1.6277 0.4934 0.5404 0.0000 0.0000
1.4458 0.7772 5.1749 0.0000 0.0000 1.6582 0.4892 0.5298 0.0000 0.0000
1.4473 0.7717 5.1897 0.0000 0.0000 1.6204 0.5021 0.5474 0.0000 0.0000
1.4476 0.7702 5.1920 0.0000 0.0000 1.6406 0.4989 0.5311 0.0000 0.0000
1.4421 0.7750 5.1913 0.0000 0.0000 1.6609 0.4836 0.5303 0.0000 0.0000
1.4538 0.7738 5.1522 0.0000 0.0000 1.6339 0.4935 0.5460 0.0000 0.0000
1.4416 0.7765 5.1748 0.0000 0.0000 1.6171 0.4840 0.5339 0.0000 0.0000
1.4470 0.7756 5.1812 0.0000 0.0000 1.6321 0.4913 0.5430 0.0000 0.0000
1.4474 0.7710 5.1916 0.0000 0.0000 1.6095 0.4984 0.5466 0.0000 0.0000
1.4433 0.7749 5.1811 0.0000 0.0000 1.6303 0.4951 0.5466 0.0000 0.0000
1.4458 0.7741 5.1904 0.0000 0.0000 1.6320 0.5002 0.5506 0.0000 0.0000
1.4443 0.7743 5.1998 0.0000 0.0000 1.6457 0.4872 0.5421 0.0000 0.0000
1.4393 0.7722 5.1943 0.0000 0.0000 1.6243 0.4944 0.5437 0.0000 0.0000
1.4414 0.7780 5.2101 0.0000 0.0000 1.6002 0.5042 0.5507 0.0000 0.0000
1.4406 0.7733 5.1815 0.0000 0.0000 1.6067 0.5022 0.5502 0.0000 0.0000
1.4352 0.7731 5.1801 0.0000 0.0000 1.6436 0.4830 0.5360 0.0000 0.0000
1.4332 0.7753 5.1728 0.0000 0.0000 1.6246 0.4965 0.5472 0.0000 0.0000
1.4436 0.7714 5.1590 0.0000 0.0000 1.6403 0.4825 0.5331 0.0000 0.0000
1.4388 0.7750 5.1977 0.0000 0.0000 1.5919 0.4920 0.5279 0.0000 0.0000
1.4367 0.7732 5.2142 0.0000 0.0000 1.6275 0.4977 0.5354 0.0000 0.0000
1.4415 0.7705 5.2363 0.0000 0.0000 1.6237 0.4925 0.5282 0.0000 0.0000
1.4398 0.7719 5.2062 0.0000 0.0000 1.6147 0.4891 0.5411 0.0000 0.0000
1.4326 0.7792 5.2077 0.0000 0.0000 1.6551 0.4810 0.5232 0.0000 0.0000
1.4359 0.7745 5.1989 0.0000 0.0000 1.6398 0.4963 0.5399 0.0000 0.0000
1.4302 0.7771 5.2078 0.0000 0.0000 1.6188 0.4910 0.5231 0.0000 0.0000
1.4351 0.7754 5.1990 0.0000 0.0000 1.6343 0.4874 0.5183 0.0000 0.0000
1.4335 0.7770 5.2018 0.0000 0.0000 1.6304 0.4766 0.5202 0.0000 0.0000
1.4333 0.7741 5.2441 0.0000 0.0000 1.6057 0.4989 0.5514 0.0000 0.0000
1.4254 0.7785 5.1850 0.0000 0.0000 1.6410 0.4870 0.5342 0.0000 0.0000
1.4356 0.7734 5.1752 0.0000 0.0000 1.6253 0.4889 0.5301 0.0000 0.0000
1.4345 0.7719 5.1677 0.0000 0.0000 1.6359 0.4881 0.5398 0.0000 0.0000
1.4315 0.7784 5.1535 0.0000 0.0000 1.6208 0.4893 0.5304 0.0000 0.0000
1.4282 0.7739 5.2191 0.0000 0.0000 1.6230 0.4864 0.5372 0.0000 0.0000
1.4319 0.7747 5.2342 0.0000 0.0000 1.6163 0.4826 0.5215 0.0000 0.0000
