3.5174 0.1810 4.2532 0.0143 0.0119 2.8800 0.2914 0.2858 0.0272 0.0228
2.8767 0.3852 4.0645 0.0520 0.0443 2.4930 0.3945 0.4286 0.0919 0.0802
2.5776 0.4911 3.7945 0.1309 0.1233 2.4006 0.4135 0.4675 0.1989 0.1951
2.4072 0.5683 3.5545 0.1931 0.1812 2.3446 0.4154 0.4775 0.2637 0.2627
2.2728 0.6054 3.3309 0.2673 0.2465 2.3273 0.4096 0.4792 0.3235 0.3255
2.1657 0.6358 3.1349 0.3091 0.2827 2.3273 0.4069 0.4838 0.3513 0.3568
2.0783 0.6508 2.9971 0.3353 0.3047 2.2862 0.4052 0.4887 0.3669 0.3753
2.0169 0.6564 2.8878 0.3643 0.3298 2.2591 0.4170 0.4863 0.3889 0.3930
1.9675 0.6725 2.7926 0.3733 0.3368 2.2622 0.4208 0.4956 0.3957 0.4011
1.9300 0.6782 2.7579 0.3766 0.3415 2.2253 0.4258 0.5023 0.3997 0.4066
1.9022 0.6835 2.6979 0.3861 0.3482 2.2336 0.4246 0.4893 0.4044 0.4069
1.8749 0.6923 2.7063 0.3818 0.3446 2.1881 0.4416 0.5219 0.4095 0.4151
1.8622 0.6941 2.6897 0.3849 0.3481 2.1368 0.4383 0.5196 0.4099 0.4169
1.8463 0.6941 2.6734 0.3858 0.3480 2.1484 0.4374 0.5109 0.4099 0.4140
1.8379 0.6909 2.6894 0.3815 0.3415 2.1103 0.4408 0.5080 0.4090 0.4084
1.8322 0.6923 2.6937 0.3783 0.3432 2.1292 0.4384 0.4992 0.4061 0.4068
1.8254 0.6994 2.7020 0.3795 0.3441 2.1146 0.4421 0.5192 0.4084 0.4139
1.8335 0.6911 2.7198 0.3749 0.3383 2.1104 0.4383 0.5040 0.4041 0.4048
1.8351 0.6940 2.7467 0.3637 0.3286 2.1003 0.4450 0.5265 0.4002 0.4046
1.8400 0.6872 2.7820 0.3553 0.3205 2.0644 0.4455 0.5012 0.3953 0.3910
1.8363 0.6890 2.7917 0.3536 0.3189 2.0693 0.4392 0.5045 0.3918 0.3908
1.8359 0.6894 2.8117 0.3456 0.3130 2.0607 0.4485 0.5137 0.3904 0.3890
1.8380 0.6911 2.8422 0.3387 0.3078 2.0441 0.4633 0.5234 0.3913 0.3877
1.8470 0.6899 2.8330 0.3443 0.3116 2.0538 0.4625 0.5176 0.3947 0.3890
1.8569 0.6765 2.8845 0.3274 0.2981 2.0296 0.4707 0.5222 0.3862 0.3796
1.8571 0.6841 2.9122 0.3179 0.2924 2.0468 0.4688 0.5225 0.3789 0.3750
1.8658 0.6801 2.9466 0.3138 0.2877 2.0199 0.4624 0.5151 0.3739 0.3692
1.8723 0.6786 2.9772 0.2994 0.2763 2.0232 0.4678 0.5178 0.3651 0.3603
1.8826 0.6749 2.9933 0.2934 0.2696 2.0117 0.4705 0.5167 0.3614 0.3544
1.8898 0.6738 3.0322 0.2815 0.2577 2.0161 0.4750 0.5224 0.3535 0.3452
1.8969 0.6705 3.0622 0.2691 0.2490 1.9898 0.4846 0.5312 0.3461 0.3390
1.9111 0.6651 3.1076 0.2542 0.2362 1.9950 0.4613 0.5040 0.3277 0.3217
1.9112 0.6663 3.1088 0.2482 0.2311 2.0028 0.4753 0.5217 0.3261 0.3203
1.9128 0.6637 3.1679 0.2322 0.2184 1.9597 0.4876 0.5345 0.3146 0.3101
1.9218 0.6608 3.1681 0.2329 0.2191 1.9856 0.4786 0.5205 0.3133 0.3084
1.9301 0.6603 3.1950 0.2137 0.2017 1.9698 0.4771 0.5137 0.2952 0.2897
1.9290 0.6556 3.2319 0.2091 0.1963 1.9631 0.4611 0.5000 0.2877 0.2819
1.9446 0.6519 3.2280 0.2006 0.1894 1.9730 0.4783 0.5191 0.2827 0.2775
1.9481 0.6549 3.2545 0.1933 0.1830 1.9733 0.4814 0.5246 0.2758 0.2713
1.9594 0.6443 3.2915 0.1736 0.1660 1.9564 0.4838 0.5286 0.2555 0.2527
1.9643 0.6425 3.3046 0.1622 0.1546 1.9629 0.4788 0.5254 0.2423 0.2389
1.9673 0.6411 3.3395 0.1539 0.1477 1.9655 0.4809 0.5166 0.2331 0.2298
1.9709 0.6420 3.3519 0.1520 0.1451 1.9512 0.4801 0.5151 0.2309 0.2264
1.9852 0.6377 3.3712 0.1392 0.1330 1.9357 0.4905 0.5173 0.2169 0.2116
1.9870 0.6338 3.3989 0.1272 0.1184 1.9494 0.4706 0.5242 0.2002 0.1931
1.9856 0.6352 3.4207 0.1229 0.1155 1.9227 0.4897 0.5304 0.1965 0.1897
1.9958 0.6270 3.4240 0.1199 0.1123 1.9469 0.4796 0.5095 0.1918 0.1841
2.0027 0.6242 3.4447 0.1064 0.1000 1.9392 0.4936 0.5327 0.1751 0.1683
2.0055 0.6230 3.4638 0.1015 0.0942 1.9337 0.4915 0.5329 0.1682 0.1601
2.0028 0.6238 3.4842 0.0870 0.0815 1.9117 0.4930 0.5244 0.1480 0.1411
2.0123 0.6195 3.4928 0.0818 0.0760 1.9402 0.4924 0.5420 0.1403 0.1333
2.0164 0.6156 3.5124 0.0750 0.0707 1.9239 0.4788 0.5154 0.1296 0.1244
2.0160 0.6157 3.5180 0.0738 0.0686 1.9108 0.4973 0.5376 0.1285 0.1216
2.0228 0.6183 3.5330 0.0675 0.0626 1.9203 0.4891 0.5248 0.1186 0.1119
2.0256 0.6104 3.5508 0.0558 0.0516 1.9369 0.4836 0.5307 0.1000 0.0940
2.0258 0.6119 3.5696 0.0498 0.0466 1.9109 0.4815 0.5265 0.0903 0.0857
2.0286 0.6084 3.5881 0.0503 0.0475 1.8904 0.4940 0.5270 0.0913 0.0872
2.0350 0.6116 3.5911 0.0444 0.0410 1.9054 0.4993 0.5351 0.0815 0.0762
2.0368 0.6052 3.6050 0.0394 0.0363 1.9079 0.4862 0.5191 0.0730 0.0679
2.0412 0.6032 3.6267 0.0343 0.0320 1.8880 0.4902 0.5209 0.0642 0.0603
2.0391 0.6059 3.6349 0.0252 0.0230 1.8937 0.4882 0.5260 0.0479 0.0441
2.0423 0.6044 3.6334 0.0298 0.0266 1.8931 0.4872 0.5183 0.0561 0.0507
2.0525 0.5984 3.6436 0.0250 0.0233 1.9039 0.4948 0.5216 0.0476 0.0446
2.0537 0.5998 3.6524 0.0196 0.0181 1.8906 0.4833 0.5164 0.0376 0.0349
2.0480 0.6008 3.6641 0.0162 0.0136 1.8835 0.4860 0.5148 0.0313 0.0265
2.0510 0.5995 3.6691 0.0201 0.0172 1.8891 0.4998 0.5301 0.0386 0.0333
2.0551 0.5985 3.6799 0.0167 0.0146 1.8945 0.4918 0.5222 0.0322 0.0284
2.0561 0.5975 3.6766 0.0187 0.0166 1.8926 0.4959 0.5241 0.0360 0.0322
2.0556 0.5987 3.6789 0.0150 0.0133 1.8864 0.4944 0.5383 0.0290 0.0259
2.0554 0.6015 3.7037 0.0092 0.0081 1.8898 0.4884 0.5247 0.0180 0.0160
2.0578 0.6014 3.7155 0.0071 0.0067 1.8630 0.5030 0.5524 0.0141 0.0132
2.0570 0.5971 3.7151 0.0082 0.0075 1.8755 0.4889 0.5195 0.0161 0.0148
2.0630 0.5961 3.7129 0.0109 0.0099 1.8839 0.4900 0.5183 0.0213 0.0194
2.0618 0.5965 3.7129 0.0070 0.0064 1.8989 0.4917 0.5270 0.0137 0.0126
2.0612 0.5985 3.7209 0.0075 0.0068 1.8731 0.5012 0.5322 0.0147 0.0134
2.0633 0.5999 3.7277 0.0066 0.0060 1.8850 0.4935 0.5277 0.0131 0.0119
2.0666 0.5982 3.7386 0.0068 0.0061 1.8742 0.5011 0.5307 0.0134 0.0121
2.0634 0.6006 3.7372 0.0087 0.0078 1.8659 0.4929 0.5210 0.0170 0.0155
2.0632 0.5984 3.7465 0.0068 0.0062 1.8721 0.5049 0.5446 0.0134 0.0122
2.0631 0.5988 3.7404 0.0082 0.0074 1.8655 0.5087 0.5378 0.0161 0.0145
2.0666 0.5978 3.7490 0.0087 0.0078 1.8489 0.5143 0.5495 0.0171 0.0155
2.0595 0.5960 3.7485 0.0060 0.0054 1.8644 0.5080 0.5489 0.0118 0.0107
2.0657 0.5941 3.7487 0.0068 0.0062 1.8689 0.4994 0.5368 0.0134 0.0122
2.0703 0.5954 3.7545 0.0070 0.0063 1.8617 0.5016 0.5379 0.0137 0.0125
2.0642 0.5979 3.7530 0.0060 0.0054 1.8586 0.4999 0.5270 0.0118 0.0107
2.0668 0.5968 3.7565 0.0058 0.0052 1.8548 0.5009 0.5353 0.0114 0.0104
2.0627 0.5978 3.7657 0.0060 0.0054 1.8553 0.4975 0.5277 0.0118 0.0107
2.0672 0.5966 3.7584 0.0060 0.0054 1.8485 0.5104 0.5418 0.0118 0.0107
2.0656 0.5986 3.7468 0.0053 0.0048 1.8757 0.5046 0.5448 0.0104 0.0095
2.0693 0.5942 3.7703 0.0048 0.0043 1.8390 0.5068 0.5412 0.0094 0.0086
2.0709 0.5965 3.7747 0.0053 0.0048 1.8519 0.5068 0.5300 0.0104 0.0095
2.0663 0.5962 3.7675 0.0060 0.0054 1.8584 0.5107 0.5508 0.0118 0.0107
2.0675 0.5962 3.7511 0.0046 0.0042 1.8773 0.5085 0.5534 0.0091 0.0083
2.0656 0.5988 3.7631 0.0054 0.0049 1.8462 0.4975 0.5321 0.0108 0.0098
2.0673 0.5966 3.7680 0.0048 0.0043 1.8621 0.4979 0.5277 0.0094 0.0086
2.0641 0.5951 3.7674 0.0056 0.0051 1.8677 0.5030 0.5326 0.0111 0.0101
2.0651 0.5970 3.7764 0.0041 0.0037 1.8573 0.5037 0.5320 0.0081 0.0074
2.0649 0.5982 3.7809 0.0044 0.0040 1.8558 0.5080 0.5423 0.0088 0.0080
2.0595 0.5978 3.7723 0.0053 0.0048 1.8587 0.5061 0.5471 0.0104 0.0095
2.0613 0.5952 3.7781 0.0043 0.0039 1.8483 0.5215 0.5522 0.0084 0.0077
