3.8494 0.0898 3.5041 0.2448 0.2102 3.6601 0.0800 0.1045 0.1206 0.1396
3.3218 0.2725 2.9649 0.4750 0.4424 3.5156 0.0784 0.0874 0.1345 0.1459
2.8870 0.4393 2.4493 0.6404 0.6222 3.3909 0.1246 0.1246 0.2086 0.2076
2.4980 0.5854 2.0549 0.7649 0.7509 3.3577 0.1566 0.1499 0.2599 0.2499
2.2252 0.6856 1.8419 0.8121 0.8032 3.2458 0.1726 0.1669 0.2847 0.2764
2.0706 0.7399 1.7082 0.8521 0.8461 3.1913 0.1522 0.1653 0.2582 0.2766
1.9577 0.7867 1.6307 0.8671 0.8616 3.1354 0.1741 0.1802 0.2900 0.2980
1.9114 0.7955 1.5853 0.8764 0.8739 3.0730 0.1671 0.1717 0.2806 0.2871
1.8546 0.8172 1.5443 0.8847 0.8771 3.0609 0.1519 0.1660 0.2593 0.2792
1.8162 0.8250 1.5246 0.8832 0.8769 3.0115 0.1697 0.1816 0.2847 0.3008
1.7946 0.8381 1.5081 0.8881 0.8813 2.9834 0.1615 0.1738 0.2733 0.2903
1.7782 0.8408 1.5027 0.8898 0.8861 2.9357 0.1813 0.1798 0.3013 0.2990
1.7689 0.8485 1.4989 0.8861 0.8831 2.9316 0.1743 0.1814 0.2913 0.3010
1.7607 0.8560 1.4899 0.8898 0.8844 2.9409 0.1783 0.1933 0.2971 0.3173
1.7527 0.8569 1.4891 0.8977 0.8897 2.9472 0.1570 0.1779 0.2672 0.2965
1.7521 0.8568 1.4973 0.8931 0.8911 2.9239 0.1738 0.1824 0.2909 0.3029
1.7539 0.8556 1.5066 0.8900 0.8861 2.9211 0.1887 0.1994 0.3113 0.3256
1.7486 0.8569 1.5103 0.8897 0.8881 2.9101 0.1758 0.1920 0.2936 0.3158
1.7550 0.8587 1.5173 0.8915 0.8824 2.8784 0.1898 0.2015 0.3130 0.3281
1.7617 0.8618 1.5259 0.8917 0.8803 2.8657 0.1879 0.2014 0.3104 0.3279
1.7579 0.8633 1.5390 0.8861 0.8841 2.8823 0.1908 0.1973 0.3140 0.3226
1.7757 0.8550 1.5500 0.8859 0.8848 2.8725 0.1993 0.1985 0.3254 0.3243
1.7750 0.8597 1.5552 0.8895 0.8837 2.8547 0.1917 0.2017 0.3154 0.3284
1.7745 0.8580 1.5661 0.8863 0.8849 2.8398 0.2001 0.1946 0.3264 0.3191
1.7806 0.8550 1.5738 0.8849 0.8798 2.8344 0.2129 0.2088 0.3433 0.3375
1.7898 0.8535 1.5879 0.8834 0.8749 2.8331 0.2165 0.2118 0.3477 0.3411
1.7966 0.8548 1.5906 0.8871 0.8779 2.8410 0.1961 0.1990 0.3212 0.3244
1.8115 0.8508 1.6047 0.8835 0.8717 2.8351 0.1997 0.2087 0.3257 0.3368
1.8126 0.8539 1.6136 0.8813 0.8716 2.8378 0.2071 0.2167 0.3354 0.3471
1.8205 0.8486 1.6247 0.8793 0.8688 2.8204 0.2052 0.2151 0.3328 0.3448
1.8204 0.8506 1.6317 0.8754 0.8674 2.8288 0.2190 0.2237 0.3504 0.3556
1.8252 0.8538 1.6394 0.8769 0.8654 2.8087 0.2180 0.2189 0.3492 0.3494
1.8388 0.8508 1.6495 0.8749 0.8664 2.8252 0.2225 0.2277 0.3548 0.3606
1.8474 0.8426 1.6638 0.8773 0.8668 2.8064 0.2217 0.2221 0.3539 0.3536
1.8437 0.8476 1.6674 0.8732 0.8660 2.8105 0.2320 0.2207 0.3666 0.3518
1.8544 0.8468 1.6781 0.8686 0.8610 2.8030 0.2447 0.2348 0.3818 0.3689
1.8591 0.8457 1.6878 0.8676 0.8602 2.8009 0.2287 0.2323 0.3620 0.3658
1.8684 0.8415 1.6890 0.8705 0.8629 2.8171 0.2238 0.2383 0.3561 0.3734
1.8761 0.8346 1.6975 0.8730 0.8619 2.7938 0.2231 0.2265 0.3553 0.3587
1.8701 0.8484 1.7059 0.8684 0.8585 2.7996 0.2325 0.2318 0.3668 0.3650
1.8756 0.8452 1.7091 0.8664 0.8586 2.7946 0.2448 0.2319 0.3817 0.3652
1.8745 0.8430 1.7157 0.8647 0.8558 2.7807 0.2514 0.2359 0.3895 0.3698
1.8841 0.8387 1.7221 0.8640 0.8544 2.7785 0.2501 0.2402 0.3879 0.3750
1.8844 0.8406 1.7333 0.8664 0.8577 2.7757 0.2492 0.2417 0.3871 0.3771
1.8880 0.8422 1.7351 0.8620 0.8536 2.7884 0.2457 0.2326 0.3824 0.3656
1.8950 0.8379 1.7486 0.8569 0.8511 2.7563 0.2756 0.2559 0.4171 0.3935
1.8968 0.8360 1.7493 0.8579 0.8518 2.7896 0.2512 0.2432 0.3886 0.3783
1.8984 0.8340 1.7509 0.8546 0.8502 2.7618 0.2712 0.2474 0.4117 0.3833
1.9001 0.8334 1.7539 0.8626 0.8557 2.7757 0.2648 0.2460 0.4052 0.3821
1.8971 0.8338 1.7558 0.8518 0.8419 2.7893 0.2579 0.2374 0.3960 0.3704
1.9129 0.8323 1.7666 0.8541 0.8475 2.7718 0.2811 0.2619 0.4229 0.4001
1.9093 0.8350 1.7667 0.8546 0.8469 2.7802 0.2645 0.2516 0.4040 0.3879
1.9100 0.8390 1.7716 0.8468 0.8410 2.7764 0.2733 0.2583 0.4133 0.3952
1.9116 0.8327 1.7720 0.8529 0.8457 2.7540 0.2745 0.2528 0.4153 0.3893
1.9169 0.8300 1.7765 0.8499 0.8408 2.7724 0.2540 0.2487 0.3911 0.3839
1.9187 0.8290 1.7849 0.8482 0.8416 2.7484 0.2811 0.2536 0.4222 0.3898
1.9192 0.8316 1.7846 0.8501 0.8423 2.7659 0.2784 0.2636 0.4194 0.4015
1.9185 0.8310 1.7905 0.8412 0.8330 2.7707 0.2754 0.2574 0.4149 0.3933
1.9260 0.8276 1.7920 0.8467 0.8376 2.7562 0.2694 0.2444 0.4088 0.3785
1.9251 0.8248 1.7870 0.8497 0.8398 2.7719 0.2569 0.2406 0.3945 0.3741
1.9183 0.8294 1.7941 0.8421 0.8339 2.7551 0.2731 0.2423 0.4124 0.3755
1.9217 0.8248 1.7935 0.8446 0.8362 2.7533 0.2646 0.2427 0.4030 0.3762
1.9192 0.8326 1.7969 0.8426 0.8335 2.7459 0.2761 0.2478 0.4159 0.3820
1.9159 0.8295 1.8010 0.8392 0.8315 2.7484 0.2826 0.2539 0.4228 0.3891
1.9203 0.8276 1.8004 0.8387 0.8302 2.7713 0.2641 0.2458 0.4017 0.3793
1.9267 0.8249 1.8015 0.8385 0.8308 2.7373 0.2855 0.2510 0.4259 0.3856
1.9245 0.8205 1.8000 0.8348 0.8264 2.7559 0.2732 0.2472 0.4117 0.3806
1.9261 0.8254 1.8027 0.8322 0.8258 2.7441 0.2800 0.2474 0.4191 0.3808
1.9264 0.8231 1.8044 0.8346 0.8272 2.7309 0.2780 0.2517 0.4171 0.3859
1.9303 0.8251 1.8164 0.8300 0.8247 2.7286 0.2889 0.2606 0.4286 0.3960
1.9311 0.8217 1.8104 0.8300 0.8262 2.7514 0.2775 0.2526 0.4160 0.3869
1.9274 0.8195 1.8131 0.8307 0.8230 2.7349 0.2874 0.2602 0.4270 0.3955
1.9368 0.8151 1.8103 0.8368 0.8288 2.7371 0.2659 0.2434 0.4036 0.3763
1.9313 0.8246 1.8133 0.8319 0.8242 2.7589 0.2613 0.2404 0.3977 0.3722
1.9243 0.8246 1.8121 0.8300 0.8233 2.7361 0.2809 0.2483 0.4198 0.3815
1.9307 0.8240 1.8132 0.8290 0.8236 2.7606 0.2716 0.2490 0.4091 0.3824
1.9296 0.8204 1.8186 0.8305 0.8226 2.7311 0.2749 0.2516 0.4130 0.3853
1.9296 0.8240 1.8174 0.8290 0.8248 2.7298 0.2836 0.2557 0.4226 0.3904
1.9277 0.8185 1.8176 0.8237 0.8171 2.7371 0.2741 0.2539 0.4113 0.3874
1.9324 0.8103 1.8125 0.8319 0.8239 2.7337 0.2591 0.2330 0.3951 0.3633
1.9281 0.8195 1.8088 0.8322 0.8199 2.7526 0.2620 0.2436 0.3985 0.3756
1.9270 0.8186 1.8142 0.8251 0.8171 2.7298 0.2788 0.2461 0.4167 0.3783
1.9290 0.8205 1.8127 0.8285 0.8196 2.7372 0.2715 0.2541 0.4089 0.3880
1.9248 0.8255 1.8156 0.8257 0.8148 2.7168 0.2789 0.2516 0.4170 0.3844
1.9196 0.8229 1.8126 0.8242 0.8137 2.7170 0.2781 0.2532 0.4159 0.3863
1.9290 0.8190 1.8138 0.8256 0.8173 2.7178 0.2833 0.2560 0.4219 0.3898
1.9256 0.8182 1.8115 0.8274 0.8179 2.7222 0.2749 0.2479 0.4127 0.3805
1.9240 0.8180 1.8167 0.8269 0.8174 2.7020 0.2802 0.2523 0.4185 0.3855
1.9246 0.8163 1.8177 0.8278 0.8200 2.7193 0.2806 0.2510 0.4191 0.3844
1.9228 0.8154 1.8187 0.8181 0.8128 2.6911 0.2851 0.2471 0.4228 0.3790
1.9194 0.8172 1.8105 0.8249 0.8159 2.7260 0.2649 0.2419 0.4010 0.3732
1.9202 0.8190 1.8208 0.8188 0.8119 2.6968 0.2919 0.2596 0.4304 0.3934
1.9230 0.8170 1.8167 0.8234 0.8124 2.7149 0.2818 0.2546 0.4199 0.3877
1.9240 0.8145 1.8165 0.8203 0.8110 2.7131 0.2798 0.2507 0.4173 0.3830
1.9268 0.8150 1.8183 0.8230 0.8185 2.7064 0.2770 0.2480 0.4145 0.3807
1.9170 0.8116 1.8160 0.8174 0.8111 2.7054 0.2730 0.2449 0.4093 0.3762
1.9216 0.8128 1.8133 0.8193 0.8122 2.7204 0.2739 0.2472 0.4105 0.3790
1.9174 0.8192 1.8157 0.8162 0.8089 2.7116 0.2785 0.2606 0.4153 0.3941
1.9134 0.8207 1.8125 0.8101 0.8046 2.7181 0.2711 0.2544 0.4062 0.3865
1.9170 0.8081 1.8171 0.8098 0.8047 2.7133 0.2735 0.2468 0.4089 0.3777
