3.8390 0.1253 3.7182 0.1042 0.0971 3.5900 0.1254 0.2136 0.1138 0.1335
3.3063 0.2834 3.2113 0.3223 0.3056 3.3457 0.1802 0.2690 0.2312 0.2861
2.8907 0.4384 2.6946 0.5027 0.4844 3.1463 0.2151 0.2743 0.3013 0.3503
2.5355 0.5558 2.3114 0.6142 0.5932 3.0889 0.2430 0.3146 0.3483 0.4111
2.2993 0.6423 2.0837 0.6783 0.6629 3.0332 0.2529 0.3300 0.3684 0.4407
2.1547 0.6828 1.9324 0.7151 0.6970 3.0223 0.2467 0.3124 0.3668 0.4314
2.0576 0.7214 1.8427 0.7428 0.7343 2.9683 0.2584 0.2924 0.3835 0.4183
1.9832 0.7411 1.7702 0.7628 0.7470 2.9557 0.2546 0.3024 0.3818 0.4305
1.9320 0.7512 1.7153 0.7802 0.7702 2.9143 0.2531 0.2796 0.3822 0.4102
1.8986 0.7644 1.6941 0.7897 0.7827 2.8643 0.2781 0.2919 0.4114 0.4252
1.8750 0.7672 1.6846 0.7875 0.7805 2.8540 0.2620 0.3056 0.3932 0.4392
1.8589 0.7724 1.6615 0.7931 0.7862 2.8371 0.2565 0.2847 0.3877 0.4181
1.8353 0.7885 1.6553 0.7996 0.7914 2.8131 0.2715 0.2932 0.4053 0.4279
1.8355 0.7833 1.6603 0.7905 0.7855 2.7855 0.2728 0.2971 0.4057 0.4311
1.8251 0.7905 1.6410 0.8060 0.7954 2.8012 0.2579 0.2812 0.3908 0.4155
1.8221 0.7869 1.6420 0.8067 0.7989 2.7530 0.2692 0.2678 0.4037 0.4011
1.8092 0.7957 1.6516 0.8019 0.7903 2.7589 0.2593 0.2985 0.3919 0.4333
1.8112 0.7902 1.6570 0.8023 0.7942 2.7333 0.2684 0.2792 0.4023 0.4132
1.8145 0.7973 1.6674 0.7956 0.7869 2.7332 0.2495 0.2797 0.3798 0.4127
1.8141 0.7985 1.6731 0.7977 0.7857 2.7100 0.2691 0.2803 0.4024 0.4132
1.8242 0.7918 1.6913 0.7905 0.7831 2.6755 0.2870 0.2888 0.4211 0.4220
1.8204 0.7915 1.6999 0.7914 0.7824 2.6650 0.2946 0.2904 0.4293 0.4235
1.8284 0.7938 1.7078 0.7836 0.7768 2.6597 0.2967 0.2970 0.4304 0.4297
1.8352 0.7896 1.7230 0.7820 0.7754 2.6545 0.2890 0.2962 0.4221 0.4286
1.8367 0.7972 1.7296 0.7851 0.7763 2.6543 0.2958 0.2930 0.4297 0.4255
1.8447 0.7990 1.7531 0.7676 0.7616 2.6379 0.2972 0.3057 0.4285 0.4363
1.8543 0.7893 1.7601 0.7647 0.7579 2.6079 0.3113 0.2934 0.4424 0.4230
1.8576 0.7844 1.7672 0.7707 0.7630 2.6218 0.3132 0.3100 0.4453 0.4409
1.8637 0.7852 1.7775 0.7742 0.7671 2.6000 0.3242 0.3078 0.4570 0.4393
1.8670 0.7895 1.7922 0.7606 0.7545 2.6073 0.3192 0.3141 0.4497 0.4435
1.8706 0.7817 1.8080 0.7521 0.7417 2.5849 0.3214 0.3194 0.4503 0.4465
1.8832 0.7824 1.8133 0.7543 0.7483 2.5801 0.3310 0.3225 0.4601 0.4507
1.8814 0.7826 1.8262 0.7509 0.7394 2.5814 0.3374 0.3275 0.4656 0.4540
1.8868 0.7783 1.8358 0.7433 0.7342 2.5571 0.3372 0.3189 0.4639 0.4447
1.8970 0.7755 1.8385 0.7552 0.7447 2.5819 0.3320 0.3180 0.4612 0.4457
1.9006 0.7772 1.8509 0.7450 0.7374 2.5473 0.3451 0.3167 0.4717 0.4431
1.9026 0.7765 1.8660 0.7380 0.7270 2.5781 0.3332 0.3171 0.4592 0.4416
1.9078 0.7689 1.8807 0.7312 0.7223 2.5497 0.3399 0.3259 0.4641 0.4491
1.9181 0.7686 1.8845 0.7365 0.7286 2.5486 0.3453 0.3301 0.4701 0.4544
1.9221 0.7656 1.8938 0.7338 0.7227 2.5666 0.3417 0.3278 0.4663 0.4510
1.9303 0.7647 1.9042 0.7358 0.7284 2.5654 0.3406 0.3242 0.4656 0.4487
1.9299 0.7724 1.9111 0.7287 0.7201 2.5474 0.3474 0.3287 0.4705 0.4514
1.9350 0.7640 1.9154 0.7307 0.7223 2.5435 0.3508 0.3384 0.4740 0.4609
1.9335 0.7711 1.9198 0.7236 0.7144 2.5540 0.3504 0.3412 0.4722 0.4618
1.9402 0.7615 1.9265 0.7256 0.7163 2.5252 0.3528 0.3266 0.4748 0.4486
1.9482 0.7590 1.9326 0.7191 0.7108 2.5422 0.3554 0.3500 0.4757 0.4690
1.9451 0.7625 1.9376 0.7214 0.7118 2.5311 0.3605 0.3337 0.4808 0.4544
1.9481 0.7637 1.9515 0.7129 0.7012 2.5142 0.3592 0.3351 0.4777 0.4535
1.9513 0.7563 1.9475 0.7149 0.7045 2.5450 0.3600 0.3454 0.4789 0.4635
1.9490 0.7604 1.9564 0.7188 0.7094 2.5295 0.3621 0.3340 0.4816 0.4542
1.9511 0.7633 1.9639 0.7062 0.6974 2.5182 0.3781 0.3553 0.4925 0.4708
1.9571 0.7565 1.9696 0.7074 0.6988 2.5368 0.3573 0.3426 0.4748 0.4598
1.9600 0.7545 1.9686 0.7066 0.6985 2.5339 0.3643 0.3405 0.4808 0.4578
1.9573 0.7526 1.9752 0.7105 0.7021 2.5176 0.3631 0.3339 0.4806 0.4526
1.9614 0.7538 1.9773 0.6989 0.6905 2.5198 0.3696 0.3557 0.4835 0.4696
1.9662 0.7492 1.9812 0.7030 0.6947 2.5181 0.3720 0.3536 0.4866 0.4686
1.9632 0.7462 1.9843 0.6979 0.6895 2.5218 0.3680 0.3446 0.4819 0.4595
1.9643 0.7500 1.9855 0.7038 0.6963 2.5187 0.3770 0.3544 0.4910 0.4698
1.9664 0.7476 1.9893 0.7052 0.6976 2.5203 0.3739 0.3464 0.4887 0.4629
1.9708 0.7490 1.9963 0.6996 0.6924 2.4957 0.3774 0.3425 0.4903 0.4583
1.9710 0.7448 2.0019 0.6938 0.6880 2.4910 0.3928 0.3658 0.5016 0.4777
1.9699 0.7486 2.0050 0.6950 0.6877 2.5118 0.3781 0.3524 0.4898 0.4660
1.9716 0.7458 2.0014 0.7021 0.6936 2.5109 0.3767 0.3450 0.4904 0.4608
1.9716 0.7441 2.0109 0.6892 0.6824 2.4931 0.3853 0.3492 0.4943 0.4620
1.9720 0.7436 2.0090 0.6948 0.6881 2.4824 0.3910 0.3503 0.5004 0.4642
1.9766 0.7416 2.0175 0.6889 0.6855 2.4996 0.3876 0.3710 0.4961 0.4814
1.9753 0.7410 2.0055 0.6996 0.6951 2.5155 0.3832 0.3432 0.4951 0.4595
1.9740 0.7425 2.0144 0.6884 0.6839 2.4900 0.3878 0.3541 0.4961 0.4666
1.9808 0.7384 2.0180 0.6919 0.6871 2.5023 0.3871 0.3605 0.4964 0.4729
1.9742 0.7392 2.0179 0.6904 0.6872 2.5083 0.3823 0.3519 0.4921 0.4654
1.9730 0.7438 2.0183 0.6947 0.6900 2.5084 0.3820 0.3480 0.4930 0.4627
1.9683 0.7545 2.0195 0.6889 0.6839 2.4957 0.3856 0.3565 0.4944 0.4687
1.9731 0.7412 2.0133 0.6926 0.6811 2.5212 0.3767 0.3564 0.4880 0.4680
1.9759 0.7351 2.0272 0.6789 0.6751 2.4827 0.3954 0.3636 0.4998 0.4727
1.9745 0.7455 2.0231 0.6914 0.6869 2.4795 0.3947 0.3652 0.5025 0.4769
1.9749 0.7426 2.0219 0.6850 0.6801 2.5128 0.3913 0.3668 0.4980 0.4766
1.9799 0.7383 2.0249 0.6867 0.6803 2.4840 0.3925 0.3632 0.4995 0.4735
1.9739 0.7378 2.0177 0.6877 0.6779 2.5013 0.3808 0.3509 0.4901 0.4624
1.9773 0.7295 2.0274 0.6806 0.6762 2.4830 0.4026 0.3655 0.5059 0.4745
1.9736 0.7390 2.0301 0.6785 0.6732 2.4665 0.4005 0.3611 0.5037 0.4700
1.9735 0.7362 2.0278 0.6790 0.6714 2.4845 0.3948 0.3538 0.4993 0.4634
1.9772 0.7345 2.0267 0.6833 0.6772 2.4967 0.3854 0.3551 0.4929 0.4659
1.9740 0.7388 2.0307 0.6804 0.6743 2.4820 0.3986 0.3785 0.5027 0.4848
1.9714 0.7352 2.0348 0.6746 0.6706 2.4703 0.4017 0.3735 0.5036 0.4798
1.9683 0.7411 2.0243 0.6870 0.6808 2.5032 0.3829 0.3510 0.4917 0.4632
1.9695 0.7445 2.0316 0.6804 0.6775 2.4828 0.3944 0.3600 0.4994 0.4702
1.9709 0.7397 2.0309 0.6775 0.6762 2.4890 0.3929 0.3537 0.4974 0.4645
1.9692 0.7366 2.0272 0.6845 0.6795 2.4881 0.3875 0.3580 0.4948 0.4690
1.9735 0.7375 2.0336 0.6748 0.6718 2.4792 0.4004 0.3786 0.5025 0.4843
1.9655 0.7446 2.0321 0.6782 0.6746 2.4794 0.3890 0.3635 0.4944 0.4724
1.9743 0.7379 2.0314 0.6804 0.6774 2.4821 0.3881 0.3540 0.4943 0.4650
1.9700 0.7368 2.0272 0.6841 0.6761 2.4919 0.3851 0.3648 0.4928 0.4739
1.9627 0.7428 2.0292 0.6751 0.6684 2.4917 0.3894 0.3738 0.4939 0.4795
1.9691 0.7370 2.0310 0.6816 0.6754 2.4786 0.3862 0.3544 0.4930 0.4649
1.9681 0.7388 2.0339 0.6797 0.6740 2.4706 0.3974 0.3711 0.5016 0.4787
1.9674 0.7374 2.0317 0.6828 0.6777 2.4868 0.3824 0.3543 0.4902 0.4653
1.9634 0.7421 2.0292 0.6804 0.6726 2.4835 0.3877 0.3546 0.4940 0.4644
1.9610 0.7424 2.0257 0.6872 0.6819 2.4831 0.3914 0.3633 0.4987 0.4740
1.9520 0.7504 2.0296 0.6802 0.6730 2.4753 0.3877 0.3520 0.4939 0.4623
1.9563 0.7424 2.0322 0.6741 0.6694 2.4946 0.3806 0.3655 0.4865 0.4728
