3.8141 0.1030 3.4602 0.2195 0.2351 4.1597 0.0035 0.0039 0.0070 0.0077
3.1892 0.3303 2.7466 0.5281 0.5262 4.3658 0.0032 0.0047 0.0063 0.0094
2.5859 0.5810 2.1302 0.7611 0.7493 4.3694 0.0028 0.0061 0.0055 0.0121
2.1451 0.7178 1.7581 0.8519 0.8360 4.3098 0.0033 0.0094 0.0065 0.0186
1.8871 0.7706 1.5655 0.8832 0.8703 4.2558 0.0023 0.0056 0.0045 0.0112
1.7573 0.7937 1.4639 0.9026 0.8928 4.1235 0.0029 0.0077 0.0058 0.0153
1.6633 0.8069 1.3940 0.9126 0.9046 4.0421 0.0028 0.0074 0.0055 0.0147
1.6139 0.8133 1.3512 0.9191 0.9110 4.0247 0.0018 0.0041 0.0035 0.0082
1.5717 0.8234 1.3196 0.9208 0.9169 3.9985 0.0013 0.0031 0.0025 0.0061
1.5472 0.8248 1.2985 0.9238 0.9191 3.9465 0.0016 0.0032 0.0033 0.0065
1.5276 0.8270 1.2809 0.9289 0.9255 3.9485 0.0008 0.0024 0.0015 0.0048
1.5147 0.8280 1.2772 0.9283 0.9257 3.9464 0.0011 0.0030 0.0023 0.0059
1.5107 0.8310 1.2738 0.9286 0.9272 3.9726 0.0008 0.0024 0.0015 0.0048
1.4961 0.8364 1.2740 0.9277 0.9251 3.9241 0.0008 0.0020 0.0015 0.0040
1.5025 0.8305 1.2717 0.9327 0.9305 3.9322 0.0008 0.0028 0.0015 0.0056
1.5031 0.8334 1.2763 0.9335 0.9312 3.9246 0.0008 0.0028 0.0015 0.0056
1.5191 0.8315 1.2760 0.9357 0.9316 3.8976 0.0008 0.0020 0.0015 0.0040
1.5198 0.8343 1.2858 0.9340 0.9303 3.8899 0.0005 0.0019 0.0010 0.0037
1.5167 0.8325 1.2883 0.9347 0.9306 3.9392 0.0005 0.0019 0.0010 0.0037
1.5318 0.8309 1.2995 0.9320 0.9287 3.9231 0.0008 0.0028 0.0015 0.0056
1.5252 0.8356 1.3069 0.9325 0.9302 3.8934 0.0003 0.0009 0.0005 0.0019
1.5378 0.8309 1.3144 0.9327 0.9293 3.8902 0.0005 0.0019 0.0010 0.0037
1.5411 0.8349 1.3205 0.9313 0.9269 3.9064 0.0005 0.0019 0.0010 0.0037
1.5565 0.8284 1.3314 0.9308 0.9275 3.9009 0.0005 0.0019 0.0010 0.0037
1.5728 0.8290 1.3358 0.9306 0.9243 3.9105 0.0005 0.0019 0.0010 0.0037
1.5779 0.8280 1.3445 0.9296 0.9245 3.8857 0.0001 0.0005 0.0003 0.0009
1.5745 0.8298 1.3546 0.9271 0.9242 3.9065 0.0006 0.0023 0.0013 0.0046
1.5858 0.8305 1.3625 0.9274 0.9247 3.8918 0.0003 0.0009 0.0005 0.0019
1.5883 0.8309 1.3698 0.9288 0.9273 3.8617 0.0000 0.0000 0.0000 0.0000
1.6012 0.8274 1.3758 0.9257 0.9231 3.8951 0.0003 0.0009 0.0005 0.0019
1.6075 0.8263 1.3829 0.9243 0.9188 3.8871 0.0001 0.0005 0.0003 0.0009
1.6158 0.8254 1.3903 0.9262 0.9232 3.8810 0.0001 0.0005 0.0003 0.0009
1.6193 0.8264 1.3907 0.9286 0.9221 3.9046 0.0000 0.0000 0.0000 0.0000
1.6218 0.8264 1.4011 0.9259 0.9215 3.9008 0.0001 0.0005 0.0003 0.0009
1.6266 0.8280 1.4047 0.9240 0.9172 3.8834 0.0000 0.0000 0.0000 0.0000
1.6323 0.8257 1.4119 0.9232 0.9181 3.8828 0.0004 0.0014 0.0008 0.0028
1.6446 0.8209 1.4225 0.9209 0.9161 3.8724 0.0000 0.0000 0.0000 0.0000
1.6408 0.8250 1.4256 0.9204 0.9181 3.8814 0.0000 0.0000 0.0000 0.0000
1.6497 0.8222 1.4293 0.9194 0.9150 3.8858 0.0000 0.0000 0.0000 0.0000
1.6518 0.8242 1.4294 0.9221 0.9143 3.9057 0.0000 0.0000 0.0000 0.0000
1.6557 0.8230 1.4364 0.9206 0.9152 3.8795 0.0000 0.0000 0.0000 0.0000
1.6582 0.8231 1.4409 0.9228 0.9171 3.8752 0.0000 0.0000 0.0000 0.0000
1.6626 0.8244 1.4456 0.9206 0.9134 3.8661 0.0000 0.0000 0.0000 0.0000
1.6642 0.8233 1.4457 0.9196 0.9130 3.8806 0.0000 0.0000 0.0000 0.0000
1.6717 0.8202 1.4541 0.9187 0.9128 3.8915 0.0000 0.0000 0.0000 0.0000
1.6781 0.8185 1.4573 0.9179 0.9108 3.8840 0.0000 0.0000 0.0000 0.0000
1.6839 0.8186 1.4602 0.9215 0.9158 3.8807 0.0000 0.0000 0.0000 0.0000
1.6791 0.8206 1.4654 0.9174 0.9121 3.8819 0.0000 0.0000 0.0000 0.0000
1.6871 0.8163 1.4662 0.9186 0.9104 3.8660 0.0000 0.0000 0.0000 0.0000
1.6862 0.8206 1.4713 0.9184 0.9130 3.8668 0.0000 0.0000 0.0000 0.0000
1.6847 0.8206 1.4744 0.9148 0.9087 3.8726 0.0000 0.0000 0.0000 0.0000
1.6916 0.8177 1.4786 0.9152 0.9088 3.8711 0.0000 0.0000 0.0000 0.0000
1.6924 0.8175 1.4772 0.9181 0.9081 3.8623 0.0000 0.0000 0.0000 0.0000
1.6920 0.8203 1.4813 0.9170 0.9087 3.8589 0.0000 0.0000 0.0000 0.0000
1.6956 0.8172 1.4810 0.9162 0.9087 3.8540 0.0000 0.0000 0.0000 0.0000
1.6984 0.8170 1.4812 0.9158 0.9070 3.8480 0.0000 0.0000 0.0000 0.0000
1.6983 0.8162 1.4842 0.9141 0.9072 3.8684 0.0000 0.0000 0.0000 0.0000
1.6982 0.8169 1.4854 0.9113 0.9029 3.8584 0.0000 0.0000 0.0000 0.0000
1.7068 0.8108 1.4874 0.9109 0.9033 3.8615 0.0000 0.0000 0.0000 0.0000
1.7077 0.8153 1.4929 0.9135 0.9065 3.8493 0.0000 0.0000 0.0000 0.0000
1.7060 0.8137 1.4915 0.9138 0.9063 3.8618 0.0000 0.0000 0.0000 0.0000
1.7083 0.8129 1.4930 0.9133 0.9051 3.8518 0.0000 0.0000 0.0000 0.0000
1.7023 0.8135 1.4980 0.9085 0.9018 3.8411 0.0000 0.0000 0.0000 0.0000
1.7090 0.8123 1.4955 0.9130 0.9054 3.8297 0.0000 0.0000 0.0000 0.0000
1.7016 0.8148 1.4971 0.9094 0.9033 3.8345 0.0000 0.0000 0.0000 0.0000
1.7052 0.8156 1.4988 0.9114 0.9049 3.8411 0.0000 0.0000 0.0000 0.0000
1.7077 0.8143 1.5006 0.9084 0.9033 3.8331 0.0000 0.0000 0.0000 0.0000
1.7097 0.8097 1.5045 0.9106 0.9039 3.8222 0.0000 0.0000 0.0000 0.0000
1.7134 0.8123 1.5053 0.9079 0.9008 3.8232 0.0000 0.0000 0.0000 0.0000
1.7156 0.8108 1.5041 0.9085 0.9014 3.8168 0.0000 0.0000 0.0000 0.0000
1.7139 0.8085 1.5003 0.9089 0.9023 3.8360 0.0000 0.0000 0.0000 0.0000
1.7116 0.8113 1.5029 0.9089 0.9007 3.8365 0.0000 0.0000 0.0000 0.0000
1.7122 0.8096 1.5049 0.9092 0.9029 3.8234 0.0000 0.0000 0.0000 0.0000
1.7129 0.8137 1.5071 0.9099 0.9025 3.8184 0.0000 0.0000 0.0000 0.0000
1.7118 0.8103 1.5045 0.9062 0.8985 3.8137 0.0000 0.0000 0.0000 0.0000
1.7098 0.8105 1.5061 0.9038 0.8982 3.8294 0.0000 0.0000 0.0000 0.0000
1.7211 0.8057 1.5056 0.9011 0.8965 3.8216 0.0000 0.0000 0.0000 0.0000
1.7160 0.8045 1.5088 0.9039 0.8992 3.8125 0.0000 0.0000 0.0000 0.0000
1.7149 0.8072 1.5095 0.9077 0.9025 3.8168 0.0000 0.0000 0.0000 0.0000
1.7167 0.8066 1.5097 0.9055 0.8993 3.8030 0.0000 0.0000 0.0000 0.0000
1.7074 0.8103 1.5103 0.9033 0.8975 3.8068 0.0000 0.0000 0.0000 0.0000
1.7088 0.8094 1.5075 0.9026 0.8966 3.8095 0.0000 0.0000 0.0000 0.0000
1.7171 0.8050 1.5107 0.9005 0.8961 3.8026 0.0000 0.0000 0.0000 0.0000
1.7135 0.8054 1.5105 0.9016 0.8975 3.8023 0.0000 0.0000 0.0000 0.0000
1.7196 0.8026 1.5150 0.8997 0.8957 3.8075 0.0000 0.0000 0.0000 0.0000
1.7193 0.8060 1.5131 0.9022 0.8975 3.7758 0.0000 0.0000 0.0000 0.0000
1.7104 0.8058 1.5107 0.9007 0.8955 3.7976 0.0000 0.0000 0.0000 0.0000
1.7142 0.8045 1.5120 0.9004 0.8955 3.8003 0.0000 0.0000 0.0000 0.0000
1.7095 0.8078 1.5097 0.9014 0.8964 3.7928 0.0000 0.0000 0.0000 0.0000
1.7118 0.8088 1.5123 0.8995 0.8942 3.7969 0.0000 0.0000 0.0000 0.0000
1.7140 0.8045 1.5135 0.8963 0.8934 3.7857 0.0000 0.0000 0.0000 0.0000
1.7081 0.8073 1.5114 0.9007 0.8954 3.7896 0.0000 0.0000 0.0000 0.0000
1.7080 0.8039 1.5131 0.8980 0.8930 3.7650 0.0000 0.0000 0.0000 0.0000
1.7131 0.8034 1.5123 0.8982 0.8944 3.7943 0.0000 0.0000 0.0000 0.0000
1.7114 0.8039 1.5122 0.8985 0.8935 3.7859 0.0000 0.0000 0.0000 0.0000
1.7129 0.8031 1.5099 0.8999 0.8975 3.7818 0.0000 0.0000 0.0000 0.0000
1.7149 0.8013 1.5140 0.8990 0.8944 3.7665 0.0000 0.0000 0.0000 0.0000
1.7142 0.8030 1.5129 0.8978 0.8932 3.7751 0.0000 0.0000 0.0000 0.0000
1.7100 0.8042 1.5122 0.8975 0.8924 3.7768 0.0000 0.0000 0.0000 0.0000
1.7018 0.8050 1.5090 0.8982 0.8936 3.7851 0.0000 0.0000 0.0000 0.0000
